0.0 0
0.0905768 0.09
0.18279 0.09025
0.276537 0.0907188
0.370283 0.0911289
0.462454 0.102988
0.465606 0.101989
0.5562 0.100991
0.559352 0.100492
0.562504 0.100055
0.649946 0.0991734
0.653098 0.0989017
0.65625 0.098664
0.659402 0.098456
0.742117 0.108649
0.745269 0.107068
0.748421 0.105559
0.751573 0.104614
0.754725 0.103788
0.757877 0.103064
0.834287 0.112056
0.837439 0.109924
0.840591 0.108059
0.843743 0.106801
0.846895 0.105701
0.850047 0.104864
0.853199 0.104506
0.856351 0.104192
0.859503 0.103918
0.926458 0.112054
0.92961 0.109922
0.932762 0.108057
0.935914 0.1068
0.939066 0.105825
0.942218 0.104972
0.94537 0.1046
0.948522 0.104275
0.951674 0.103866
0.954826 0.103882
0.957978 0.103897
0.96113 0.104035
0.964282 0.104531
0.967434 0.104964
1.0202 0.103594
1.02336 0.10277
1.02651 0.102048
1.02966 0.101417
1.03281 0.10124
1.03596 0.101085
1.03912 0.100949
1.04227 0.101206
1.04542 0.10143
1.04857 0.101626
1.05172 0.102173
1.05488 0.102651
1.05803 0.103195
1.06118 0.104046
1.06433 0.10479
1.06748 0.105441
1.07064 0.106386
1.07379 0.107088
1.07694 0.107702
1.08009 0.108739
1.08324 0.109647
1.11395 0.107566
1.1171 0.106245
1.12025 0.105089
1.12341 0.104078
1.12656 0.103569
1.12971 0.103122
1.13286 0.102732
1.13601 0.102891
1.13917 0.103029
1.14232 0.103026
1.14547 0.103397
1.14862 0.103723
1.15177 0.104007
1.15493 0.104631
1.15808 0.105303
1.16123 0.10589
1.16438 0.106779
1.16753 0.107556
1.17069 0.108112
1.17384 0.108973
1.17699 0.109726
1.18014 0.11051
1.18329 0.111572
1.18645 0.1125
1.1896 0.113313
1.19275 0.114399
1.1959 0.115349
1.19905 0.116305
1.20221 0.117517
1.20536 0.118452
1.20851 0.119271
1.21166 0.120362
1.21481 0.117942
1.21797 0.115699
1.22112 0.114237
1.22427 0.112957
1.22742 0.111837
1.23057 0.111233
1.23373 0.110704
1.23688 0.110241
1.24003 0.110336
1.24318 0.110419
1.24633 0.110366
1.24949 0.110696
1.25264 0.110984
1.25579 0.111236
1.25894 0.111831
1.26209 0.112477
1.26525 0.113043
1.2684 0.113912
1.27155 0.114673
1.2747 0.115339
1.27785 0.116297
1.28101 0.117135
1.28416 0.117868
1.28731 0.118884
1.29046 0.119774
1.29361 0.120552
1.29677 0.121608
1.29992 0.122532
1.30307 0.123466
1.30622 0.124657
1.30937 0.1257
1.31253 0.126488
1.31568 0.127552
1.31883 0.128483
1.32198 0.129297
1.32513 0.13051
1.32829 0.131571
1.33144 0.1325
1.33459 0.133688
1.33774 0.134727
1.34089 0.135511
1.34405 0.136697
1.3472 0.137735
1.35035 0.138643
1.3535 0.139813
1.35665 0.140836
1.35981 0.141732
1.36296 0.14289
1.36611 0.144029
1.36926 0.145025
1.37241 0.146272
1.37557 0.147238
1.37872 0.148083
1.38187 0.149198
1.38502 0.150298
1.38817 0.151261
1.39133 0.152478
1.39448 0.153543
1.39763 0.154476
1.40078 0.155666
1.40393 0.156583
1.40709 0.15751
1.41024 0.158696
1.41339 0.159734
1.41654 0.160642
1.41969 0.161812
1.42285 0.162836
1.426 0.163731
1.42915 0.165015
1.4323 0.166138
1.43545 0.166996
1.43861 0.168121
1.44176 0.169106
1.44491 0.169968
1.44806 0.171222
1.45121 0.172319
1.45437 0.173279
1.45752 0.174494
1.46067 0.175558
1.46382 0.176363
1.46697 0.177442
1.47013 0.178512
1.47328 0.179448
1.47643 0.180642
1.47958 0.181687
1.48273 0.182601
1.48589 0.183776
1.48904 0.184929
1.49219 0.185938
1.49534 0.187196
1.49849 0.188171
1.50165 0.189025
1.5048 0.190147
1.50795 0.191128
1.5111 0.192112
1.51425 0.193348
1.51741 0.19443
1.52056 0.195376
1.52371 0.196579
1.52686 0.197632
1.53001 0.198553
1.53317 0.199734
1.53632 0.200767
1.53947 0.201671
1.54262 0.202837
1.54577 0.203858
1.54893 0.20475
1.55208 0.206032
1.55523 0.207153
1.55838 0.208009
1.56153 0.209132
1.56469 0.210116
1.56784 0.210976
1.57099 0.212104
1.57414 0.213216
1.57729 0.214189
1.58045 0.215416
1.5836 0.216489
1.58675 0.217428
1.5899 0.218624
1.59305 0.219671
1.59621 0.220587
1.59936 0.221764
1.60251 0.222793
1.60566 0.223694
1.60881 0.224857
1.61197 0.225875
1.61512 0.226891
1.61827 0.228154
1.62142 0.229135
1.62457 0.229993
1.62773 0.231119
1.63088 0.232104
1.63403 0.233091
1.63718 0.23433
1.64033 0.235414
1.64349 0.236362
1.64664 0.237567
1.64979 0.238621
1.65294 0.239418
1.65609 0.240616
1.65925 0.241664
1.6624 0.242581
1.66555 0.243758
1.6687 0.244789
1.67185 0.24569
1.67501 0.246979
1.67816 0.248106
1.68131 0.249093
1.68446 0.250331
1.68761 0.25129
1.69077 0.252129
1.69392 0.253238
1.69707 0.254333
1.70022 0.255291
1.70337 0.256505
1.70653 0.257567
1.70968 0.258496
1.71283 0.259684
1.71598 0.260598
1.71913 0.261524
1.72229 0.262708
1.72544 0.263745
1.72859 0.264652
1.73174 0.26582
1.73489 0.266843
1.73805 0.267862
1.7412 0.26913
1.74435 0.270238
1.7475 0.271084
1.75065 0.272198
1.75381 0.273173
1.75696 0.274027
1.76011 0.275273
1.76326 0.276364
1.76641 0.277319
1.76957 0.278529
1.77272 0.279588
1.77587 0.280389
1.77902 0.281591
1.78217 0.282642
1.78533 0.283562
1.78848 0.284741
1.79163 0.285774
1.79478 0.286677
1.79793 0.287842
1.80109 0.288987
1.80424 0.289989
1.80739 0.29124
1.81054 0.29221
1.81369 0.293059
1.81685 0.294176
1.82 0.295154
1.82315 0.296135
1.8263 0.297368
1.82945 0.298447
1.83261 0.299391
1.83576 0.300592
1.83891 0.301518
1.84206 0.302454
1.84521 0.303647
1.84837 0.304691
1.85152 0.305605
1.85467 0.306779
1.85782 0.307807
1.86097 0.308706
1.86413 0.309993
1.86728 0.311119
1.87043 0.311979
1.87358 0.313106
1.87673 0.314093
1.87989 0.314956
1.88304 0.316212
1.88619 0.31731
1.88934 0.318272
1.89249 0.319488
1.89565 0.320552
1.8988 0.321483
1.90195 0.322672
1.9051 0.323713
1.90825 0.324624
1.91141 0.325796
1.91456 0.326822
1.91771 0.327719
1.92086 0.328879
1.92401 0.330019
1.92717 0.331017
4.70461 0.301765
4.70777 0.276544
4.71092 0.254851
4.71407 0.23637
4.71722 0.220573
4.72037 0.207127
4.72353 0.195736
4.72668 0.186144
4.72983 0.178126
4.73298 0.171485
4.73613 0.166175
4.73929 0.161903
4.79836 0.153415
4.80151 0.146363
4.80466 0.140193
4.80782 0.134794
4.81097 0.130444
4.81412 0.126639
4.81727 0.123309
4.82042 0.12077
4.82358 0.118549
4.82673 0.116605
4.82988 0.11528
4.83303 0.114245
4.83618 0.113339
4.83934 0.112922
4.84249 0.112557
4.84564 0.112112
4.84879 0.112098
4.85194 0.112086
4.89211 0.109825
4.89526 0.108222
4.89841 0.106819
4.90156 0.105592
4.90471 0.104893
4.90787 0.104281
4.91102 0.103871
4.91417 0.103887
4.91732 0.103776
4.92047 0.103679
4.92363 0.103969
4.92678 0.104223
4.92993 0.104445
4.93308 0.10514
4.93623 0.105747
4.93939 0.106279
4.94254 0.107119
4.94569 0.107729
4.94884 0.108263
4.95199 0.109105
4.95515 0.109967
4.9583 0.110721
4.96145 0.111756
4.9646 0.112661
4.96775 0.113454
4.97091 0.114522
4.97406 0.115582
4.98585 0.112759
4.98901 0.110789
4.99216 0.109066
4.99531 0.107557
4.99846 0.106613
5.00161 0.105786
5.00477 0.105063
5.00792 0.104805
5.01107 0.104704
5.01422 0.104491
5.01737 0.10468
5.02053 0.104845
5.02368 0.104989
5.02683 0.105491
5.02998 0.105929
5.03313 0.106438
5.03629 0.107258
5.03944 0.107976
5.04259 0.108604
5.04574 0.109529
5.04889 0.110212
5.05205 0.110936
5.0552 0.111944
5.05835 0.112826
5.0615 0.113598
5.06465 0.114648
5.06781 0.115567
5.07096 0.116371
5.07411 0.117575
5.07726 0.118628
5.08041 0.119424
5.08357 0.120496
5.08672 0.121434
5.08987 0.122255
5.09302 0.123473
5.09617 0.124539
5.09933 0.125472
5.10248 0.126663
5.10563 0.127705
5.10878 0.128492
5.11193 0.129555
5.11509 0.129611
5.11824 0.129534
5.12139 0.129843
5.12454 0.130112
5.12769 0.130348
5.13085 0.13093
5.134 0.131439
5.13715 0.132009
5.1403 0.132883
5.14345 0.133647
5.14661 0.134316
5.14976 0.135277
5.15291 0.135992
5.15606 0.136743
5.15921 0.137775
5.16237 0.138678
5.16552 0.139469
5.16867 0.140535
5.17182 0.141468
5.17497 0.142285
5.17813 0.143499
5.18128 0.144562
5.18443 0.145366
5.18758 0.146446
5.19073 0.14739
5.19389 0.148216
5.19704 0.149439
5.20019 0.150509
5.20334 0.151446
5.20649 0.15264
5.20965 0.153685
5.2128 0.154474
5.21595 0.15554
5.2191 0.156598
5.22225 0.157523
5.22541 0.158707
5.22856 0.159744
5.23171 0.160651
5.23486 0.16182
5.23801 0.162967
5.24117 0.163971
5.24432 0.165225
5.24747 0.166197
5.25062 0.167047
5.25377 0.168166
5.25693 0.169145
5.26008 0.170127
5.26323 0.171361
5.26638 0.172441
5.26953 0.173386
5.27269 0.174588
5.27584 0.175514
5.27899 0.176325
5.28214 0.177534
5.28529 0.178593
5.28845 0.179519
5.2916 0.180704
5.29475 0.181741
5.2979 0.182648
5.30105 0.183942
5.30421 0.185074
5.30736 0.18594
5.31051 0.187073
5.31366 0.188063
5.31681 0.188931
5.31997 0.190064
5.32312 0.191181
5.32627 0.192159
5.32942 0.193389
5.33257 0.194465
5.33572 0.195407
5.33888 0.196606
5.34203 0.197655
5.34518 0.198573
5.34833 0.199752
5.35148 0.200783
5.35464 0.201685
5.35779 0.202849
5.36094 0.203868
5.36409 0.204885
5.36724 0.206149
5.3704 0.20713
5.37355 0.207989
5.3767 0.209115
5.37985 0.210101
5.383 0.211088
5.38616 0.212327
5.38931 0.213411
5.39246 0.21436
5.39561 0.215565
5.39876 0.216619
5.40192 0.217417
5.40507 0.218615
5.40822 0.219663
5.41137 0.22058
5.41452 0.221758
5.41768 0.222788
5.42083 0.223689
5.42398 0.224853
5.42713 0.225997
5.43028 0.226872
5.43344 0.228013
5.43659 0.229011
5.43974 0.229885
5.44289 0.231024
5.44604 0.232146
5.4492 0.233128
5.45235 0.234362
5.4555 0.235442
5.45865 0.236387
5.4618 0.237588
5.46496 0.238515
5.46811 0.23945
5.47126 0.240644
5.47441 0.241689
5.47756 0.242602
5.48072 0.243777
5.48387 0.244805
5.48702 0.245829
5.49017 0.247101
5.49332 0.248088
5.49648 0.248952
5.49963 0.250083
5.50278 0.251073
5.50593 0.251939
5.50908 0.253196
5.51224 0.254297
5.51539 0.25526
5.51854 0.256102
5.52169 0.256714
5.52484 0.25725
5.528 0.257719
5.53115 0.258254
5.5343 0.258722
5.53745 0.259132
5.5406 0.25949
5.54376 0.259679
5.54691 0.259844
5.55006 0.260114
5.55321 0.26035
5.55636 0.260556
5.55952 0.260736
5.56267 0.260769
5.56582 0.261173
5.56897 0.261526
5.57212 0.261961
5.57528 0.262341
5.57843 0.262673
5.58158 0.262964
5.58473 0.263218
5.58788 0.263316
5.59104 0.263527
5.59419 0.263711
5.59734 0.263872
5.60049 0.264013
5.60364 0.264136
5.6068 0.264119
5.60995 0.264104
5.6131 0.264216
5.61625 0.264314
5.6194 0.2644
5.62256 0.264475
5.62571 0.264541
5.62886 0.264473
5.63201 0.264914
5.63516 0.2653
5.63832 0.265637
5.64147 0.265933
5.64462 0.266191
5.64777 0.266417
5.65092 0.26649
5.65408 0.266679
5.65723 0.266844
5.66038 0.266988
5.66353 0.267115
5.66668 0.267225
5.66984 0.267322
5.67299 0.267282
5.67614 0.267372
5.67929 0.26745
5.68244 0.267519
5.6856 0.267579
5.68875 0.267632
5.6919 0.267678
5.69505 0.267718
5.6982 0.268128
5.70136 0.268487
5.70451 0.268801
5.70766 0.269076
5.71081 0.269317
5.71396 0.269527
5.71712 0.269711
5.72027 0.269872
5.72342 0.270013
5.72657 0.270137
5.72972 0.270245
5.73288 0.270339
5.73603 0.270547
5.73918 0.270603
5.74233 0.270653
5.74548 0.270696
5.74864 0.270734
5.75179 0.270767
5.75494 0.270797
5.75809 0.270822
5.76124 0.270844
5.7644 0.270864
5.76755 0.270881
5.7707 0.271271
5.77385 0.271612
5.777 0.272035
5.78016 0.272406
5.78331 0.272605
5.78646 0.27278
5.78961 0.272932
5.79276 0.273066
5.79592 0.273182
5.79907 0.27341
5.80222 0.273608
5.80537 0.273657
5.80852 0.2737
5.81168 0.273738
5.81483 0.27377
5.81798 0.273799
5.82113 0.273949
5.82428 0.273956
5.82744 0.273961
5.83059 0.273966
5.83374 0.27397
5.83689 0.273974
5.84004 0.274102
5.8432 0.274589
5.84635 0.275016
5.8495 0.275264
5.85265 0.275481
5.8558 0.275671
5.85896 0.275837
5.86211 0.276107
5.86526 0.276344
5.86841 0.276426
5.87156 0.276498
5.87472 0.27656
5.87787 0.276615
5.88102 0.276788
5.88417 0.27694
5.88732 0.277072
5.89048 0.277063
5.89363 0.277055
5.89678 0.277049
5.89993 0.277042
5.90308 0.277162
5.90624 0.277267
5.90939 0.277234
5.91254 0.277204
5.91569 0.277179
5.91884 0.277156
5.922 0.277137
5.92515 0.277245
5.9283 0.277714
5.93145 0.278125
5.9346 0.278359
5.93776 0.278564
5.94091 0.278744
5.94406 0.279026
5.94721 0.279273
5.95036 0.279489
5.95352 0.279677
5.95667 0.279718
5.95982 0.279753
5.96297 0.279784
5.96612 0.279936
5.96928 0.280069
5.97243 0.280185
5.97558 0.280162
5.97873 0.280142
5.98188 0.280124
5.98504 0.280234
5.98819 0.280329
5.99134 0.280413
5.99449 0.280487
5.99764 0.280426
6.0008 0.280373
6.00395 0.280326
6.0071 0.28041
6.01025 0.280484
6.0134 0.280923
6.01656 0.281308
6.01971 0.28152
6.02286 0.281705
6.02601 0.281992
6.02916 0.282243
6.03232 0.282462
6.03547 0.282654
6.03862 0.282823
6.04177 0.282845
6.04492 0.282864
6.04808 0.283006
6.05123 0.28313
6.05438 0.283239
6.05753 0.283334
6.06068 0.283292
6.06384 0.283256
6.06699 0.283224
6.07014 0.283321
6.07329 0.283406
6.07644 0.28348
6.0796 0.283545
6.08275 0.283477
6.0859 0.283417
6.08905 0.28349
6.0922 0.283554
6.09536 0.28361
6.09851 0.283658
6.10166 0.283701
6.10481 0.283613
6.10796 0.283537
6.11112 0.283595
6.11427 0.28402
6.11742 0.284393
6.12057 0.284719
6.12372 0.285004
6.12688 0.285128
6.13003 0.285362
6.13318 0.285567
6.13633 0.285746
6.13948 0.285903
6.14264 0.28604
6.14579 0.28616
6.14894 0.28614
6.15209 0.286248
6.15524 0.286342
6.1584 0.286424
6.16155 0.286496
6.1647 0.286559
6.16785 0.286489
6.171 0.286553
6.17416 0.286609
6.17731 0.286658
6.18046 0.2867
6.18361 0.286738
6.18676 0.286771
6.18992 0.286674
6.19307 0.286715
6.19622 0.286751
6.19937 0.286782
6.20252 0.286809
6.20568 0.286833
6.20883 0.286854
6.21198 0.286747
6.21513 0.286779
6.21828 0.287181
6.22144 0.287534
6.22459 0.287842
6.22774 0.288112
6.23089 0.288348
6.23404 0.288554
6.2372 0.288735
6.24035 0.288893
6.2435 0.289031
6.24665 0.289153
6.2498 0.289258
6.25296 0.289351
6.25611 0.289432
6.25926 0.289503
6.26241 0.289565
6.26556 0.28962
6.26872 0.289667
6.27187 0.289709
6.27502 0.289745
6.27817 0.289777
6.28132 0.289805
6.28448 0.289829
6.28763 0.289851
6.29078 0.289869
6.29393 0.289886
6.29708 0.2899
6.30024 0.289912
6.30339 0.289923
6.30654 0.289933
6.30969 0.289941
6.31284 0.289949
6.316 0.28983
6.31915 0.289851
6.3223 0.28987
6.32545 0.289886
6.3286 0.2899
6.33176 0.289913
6.33491 0.289924
6.33806 0.289933
6.34121 0.290317
6.34436 0.290652
6.34752 0.290946
6.35067 0.291202
6.35382 0.291427
6.35697 0.291624
6.36012 0.291921
6.36328 0.292056
6.36643 0.292174
6.36958 0.292277
6.37273 0.292367
6.37588 0.292446
6.37904 0.292641
6.38219 0.292686
6.38534 0.292725
6.38849 0.292759
6.39164 0.292789
6.3948 0.292816
6.39795 0.292839
6.4011 0.292984
6.40425 0.292986
6.4074 0.292988
6.41056 0.292989
6.41371 0.292991
6.41686 0.292992
6.42001 0.293118
6.42316 0.293103
6.42632 0.29309
6.42947 0.293079
6.43262 0.293069
6.43577 0.29306
6.43892 0.293053
6.44208 0.293171
6.44523 0.29315
6.44838 0.293131
6.45153 0.293115
6.45468 0.2931
6.45784 0.293088
6.46099 0.293077
6.46414 0.293567
6.46729 0.293871
6.47044 0.294137
6.4736 0.29437
6.47675 0.294574
6.4799 0.294752
6.48305 0.295033
6.4862 0.295279
6.48936 0.295369
6.49251 0.295448
6.49566 0.295517
6.49881 0.295577
6.50196 0.29563
6.50512 0.295801
6.50827 0.295951
6.51142 0.295957
6.51457 0.295963
6.51772 0.295967
6.52088 0.295971
6.52403 0.2961
6.52718 0.296212
6.53033 0.296186
6.53348 0.296163
6.53664 0.296142
6.53979 0.296125
6.54294 0.296109
6.54609 0.29622
6.54924 0.296318
6.5524 0.296278
6.55555 0.296243
6.5587 0.296213
6.56185 0.296186
6.565 0.296288
6.56816 0.296377
6.57131 0.29633
6.57446 0.296289
6.57761 0.296253
6.58076 0.296221
6.58392 0.296193
6.58707 0.296294
6.59022 0.296382
6.59337 0.296335
6.59652 0.296293
6.59968 0.296256
6.60283 0.296224
6.60598 0.296196
6.60913 0.296297
6.61228 0.296385
6.61544 0.296336
6.61859 0.296669
6.62174 0.296961
6.62489 0.297216
6.62804 0.297564
6.6312 0.297868
6.63435 0.298135
6.6375 0.298243
6.64065 0.298338
6.6438 0.29842
6.64696 0.298493
6.65011 0.298681
6.65326 0.298846
6.65641 0.29899
6.65956 0.298991
6.66272 0.298993
6.66587 0.298993
6.66902 0.299119
6.67217 0.299229
6.67532 0.299326
6.67848 0.299285
6.68163 0.299249
6.68478 0.299218
6.68793 0.299191
6.69108 0.299292
6.69424 0.299381
6.69739 0.299458
6.70054 0.299401
6.70369 0.299351
6.70684 0.299307
6.71 0.299268
6.71315 0.29936
6.7163 0.29944
6.71945 0.299385
6.7226 0.299337
6.72576 0.299295
6.72891 0.299258
6.73206 0.299351
6.73521 0.299432
6.73836 0.299503
6.74152 0.29944
6.74467 0.299385
6.74782 0.299337
6.75097 0.299295
6.75412 0.299383
6.75728 0.29946
6.76043 0.299528
6.76358 0.299462
6.76673 0.299404
6.76988 0.299353
6.77304 0.299809
6.77619 0.300208
6.77934 0.300557
6.78249 0.300862
6.78564 0.301005
6.7888 0.301129
6.79195 0.301238
6.7951 0.301458
6.79825 0.301651
6.8014 0.30182
6.80456 0.301967
6.80771 0.301971
6.81086 0.301975
6.81401 0.302103
6.81716 0.302215
6.82032 0.302313
6.82347 0.302399
6.82662 0.302349
6.82977 0.302306
6.83292 0.302267
6.83608 0.302359
6.83923 0.302439
6.84238 0.302509
6.84553 0.302571
6.84868 0.302499
6.85184 0.302437
6.85499 0.302382
6.85814 0.302459
6.86129 0.302527
6.86444 0.302586
6.8676 0.302513
6.87075 0.302449
6.8739 0.302393
6.87705 0.302469
6.8802 0.302535
6.88336 0.302593
6.88651 0.302644
6.88966 0.302563
6.89281 0.302493
6.89596 0.302431
6.89912 0.302502
6.90227 0.302565
6.90542 0.302619
6.90857 0.302667
6.91172 0.302583
6.91488 0.30251
6.91803 0.302572
6.92118 0.302625
6.92433 0.302672
6.92748 0.302713
6.93064 0.302624
6.93379 0.302546
6.93694 0.302478
6.94009 0.302543
6.94324 0.3026
6.9464 0.30265
6.94955 0.302694
6.9527 0.302607
6.95585 0.302531
6.959 0.30259
6.96216 0.302641
6.96531 0.302686
6.96846 0.302725
6.97161 0.302635
6.97476 0.302555
6.97792 0.302486
6.98107 0.302925
6.98422 0.303309
6.98737 0.303646
6.99052 0.30394
6.99368 0.304198
6.99683 0.304298
6.99998 0.304386
7.00313 0.304587
7.00628 0.304764
7.00944 0.304918
7.01259 0.305054
7.01574 0.305172
7.01889 0.30515
7.02204 0.305257
7.0252 0.30535
7.02835 0.305431
7.0315 0.305502
7.03465 0.305564
7.0378 0.305494
7.04096 0.305432
7.04411 0.305503
7.04726 0.305565
7.05041 0.305619
7.05356 0.305667
7.05672 0.305709
7.05987 0.30562
7.06302 0.305668
7.06617 0.305709
7.06932 0.305745
7.07248 0.305777
7.07563 0.305805
7.07878 0.305704
7.08193 0.305616
7.08508 0.305664
7.08824 0.305706
7.09139 0.305743
7.09454 0.305775
7.09769 0.305803
7.10084 0.305703
7.104 0.305615
7.10715 0.305663
7.1103 0.305705
7.11345 0.305742
7.1166 0.305774
7.11976 0.305678
7.12291 0.305593
7.12606 0.305644
7.12921 0.305688
7.13236 0.305727
7.13552 0.305761
7.13867 0.305791
7.14182 0.305692
7.14497 0.305606
7.14812 0.305655
7.15128 0.305698
7.15443 0.305736
7.15758 0.305769
7.16073 0.305798
7.16388 0.305698
7.16704 0.305736
7.17019 0.305769
7.17334 0.305798
7.17649 0.305823
7.17964 0.305845
7.1828 0.305739
7.18595 0.305647
7.1891 0.305691
7.19225 0.306105
7.1954 0.306467
7.19856 0.306783
7.20171 0.30706
7.20486 0.307303
7.20801 0.307515
7.21116 0.307701
7.21432 0.307863
7.21747 0.308005
7.22062 0.30813
7.22377 0.308238
7.22692 0.308209
7.23008 0.308307
7.23323 0.308394
7.23638 0.30847
7.23953 0.308536
7.24268 0.308594
7.24584 0.308645
7.24899 0.308564
7.25214 0.308619
7.25529 0.308666
7.25844 0.308708
7.2616 0.308745
7.26475 0.308776
7.2679 0.308679
7.27105 0.308719
7.2742 0.308755
7.27736 0.308785
7.28051 0.308812
7.28366 0.308836
7.28681 0.308856
7.28996 0.308749
7.29312 0.30878
7.29627 0.308808
7.29942 0.308832
7.30257 0.308853
7.30572 0.308871
7.30888 0.308887
7.31203 0.308901
7.31518 0.308914
7.31833 0.308925
7.32148 0.308934
7.32464 0.308942
7.32779 0.308949
7.33094 0.308831
7.33409 0.308852
7.33724 0.30887
7.3404 0.308887
7.34355 0.308901
7.3467 0.308913
7.34985 0.308924
7.353 0.308934
7.35616 0.308942
7.35931 0.308949
7.36246 0.308955
7.36561 0.308961
7.36876 0.308966
7.37192 0.308845
7.37507 0.308865
7.37822 0.308881
7.38137 0.308896
7.38452 0.308909
7.38768 0.308921
7.39083 0.308931
7.39398 0.308814
7.39713 0.308837
7.40028 0.308858
7.40344 0.308876
7.40659 0.308891
7.40974 0.308905
7.41289 0.308917
7.41604 0.308927
7.4192 0.308936
7.42235 0.308944
7.4255 0.308951
7.42865 0.308957
7.4318 0.308963
7.43496 0.308842
7.43811 0.308862
7.44126 0.308879
7.44441 0.308894
7.44756 0.308908
7.45072 0.308919
7.45387 0.308929
7.45702 0.308938
7.46017 0.308946
7.46332 0.308953
7.46648 0.308958
7.46963 0.308964
7.47278 0.308968
7.47593 0.308847
7.47908 0.308866
7.48224 0.308883
7.48539 0.308898
7.48854 0.30891
7.49169 0.308922
7.49484 0.308931
7.498 0.308815
7.50115 0.308838
7.5043 0.308858
7.50745 0.309251
7.5106 0.309595
7.51376 0.309895
7.51691 0.310158
7.52006 0.310389
7.52321 0.31059
7.52636 0.310766
7.52952 0.31092
7.53267 0.311055
7.53582 0.311174
7.53897 0.311277
7.54212 0.311367
7.54528 0.311446
7.54843 0.311516
7.55158 0.311576
7.55473 0.311629
7.55788 0.311675
7.56104 0.311841
7.56419 0.311861
7.56734 0.311878
7.57049 0.311893
7.57364 0.311907
7.5768 0.311918
7.57995 0.311929
7.5831 0.311938
7.58625 0.311945
7.5894 0.311952
7.59256 0.311958
7.59571 0.311963
7.59886 0.311968
7.60201 0.312097
7.60516 0.312085
7.60832 0.312074
7.61147 0.312065
7.61462 0.312057
7.61777 0.31205
7.62092 0.312044
7.62408 0.312038
7.62723 0.312033
7.63038 0.312029
7.63353 0.312026
7.63668 0.312022
7.63984 0.31202
7.64299 0.312017
7.64614 0.312015
7.64929 0.312013
7.65244 0.312011
7.6556 0.31201
7.65875 0.312009
7.6619 0.312008
7.66505 0.312007
7.6682 0.312006
7.67136 0.312005
7.67451 0.312004
7.67766 0.312004
7.68081 0.312003
7.68396 0.312003
7.68712 0.312003
7.69027 0.312002
7.69342 0.312002
7.69657 0.312002
7.69972 0.312002
7.70288 0.312001
7.70603 0.312126
7.70918 0.31211
7.71233 0.312097
7.71548 0.312085
7.71864 0.312074
7.72179 0.312065
7.72494 0.312057
7.72809 0.31205
7.73124 0.312043
7.7344 0.312038
7.73755 0.312033
7.7407 0.312029
7.74385 0.312025
7.747 0.312147
7.75016 0.312129
7.75331 0.312113
7.75646 0.312099
7.75961 0.312086
7.76276 0.312076
7.76592 0.312066
7.76907 0.312058
7.77222 0.312051
7.77537 0.312044
7.77852 0.312039
7.78168 0.312034
7.78483 0.31203
7.78798 0.312026
7.79113 0.312023
7.79428 0.31202
7.79744 0.312017
7.80059 0.312015
7.80374 0.312013
7.80689 0.312012
7.81004 0.312135
7.8132 0.312118
7.81635 0.312104
7.8195 0.312091
7.82265 0.312079
7.8258 0.312444
7.82896 0.312764
7.83211 0.313168
7.83526 0.313397
7.83841 0.313598
7.84156 0.313773
7.84472 0.313926
7.84787 0.314061
7.85102 0.314303
7.85417 0.314515
7.85732 0.314576
7.86048 0.314629
7.86363 0.314675
7.86678 0.314716
7.86993 0.314751
7.87308 0.314907
7.87624 0.314919
7.87939 0.314929
7.88254 0.314938
7.88569 0.314946
7.88884 0.314952
7.892 0.314958
7.89515 0.315089
7.8983 0.315078
7.90145 0.315068
7.9046 0.315059
7.90776 0.315052
7.91091 0.315045
7.91406 0.315165
7.91721 0.315144
7.92036 0.315126
7.92352 0.31511
7.92667 0.315097
7.92982 0.315085
7.93297 0.315074
7.93612 0.31519
7.93928 0.315166
7.94243 0.315145
7.94558 0.315127
7.94873 0.315111
7.95188 0.315097
7.95504 0.31521
7.95819 0.315309
7.96134 0.31527
7.96449 0.315236
7.96764 0.315207
7.9708 0.315181
7.97395 0.315158
7.9771 0.315264
7.98025 0.315231
7.9834 0.315202
7.98656 0.315177
7.98971 0.315155
7.99286 0.315135
7.99601 0.315243
7.99916 0.315338
8.00232 0.315296
8.00547 0.315259
8.00862 0.315226
8.01177 0.315198
8.01492 0.315173
8.01808 0.315277
8.02123 0.315242
8.02438 0.315212
8.02753 0.315185
8.03068 0.315162
8.03384 0.315142
8.03699 0.315124
8.04014 0.315234
8.04329 0.315204
8.04644 0.315179
8.0496 0.315157
8.05275 0.315137
8.0559 0.31512
8.05905 0.31523
8.0622 0.315201
8.06536 0.315176
8.06851 0.315154
8.07166 0.315135
8.07481 0.315118
8.07796 0.315103
8.08112 0.315215
8.08427 0.315188
8.08742 0.315165
8.09057 0.315144
8.09372 0.315126
8.09688 0.31511
8.10003 0.315222
8.10318 0.315319
8.10633 0.315279
8.10948 0.315244
8.11264 0.315214
8.11579 0.315187
8.11894 0.315164
8.12209 0.315268
8.12524 0.315235
8.1284 0.315205
8.13155 0.31518
8.1347 0.315157
8.13785 0.315138
8.141 0.315245
8.14416 0.31534
8.14731 0.315297
8.15046 0.31526
8.15361 0.315228
8.15676 0.315199
8.15992 0.315174
8.16307 0.315277
8.16622 0.315243
8.16937 0.315212
8.17252 0.315186
8.17568 0.315163
8.17883 0.315142
8.18198 0.315125
8.18513 0.315234
8.18828 0.315205
8.19144 0.315179
8.19459 0.315157
8.19774 0.315137
8.20089 0.31512
8.20404 0.31523
8.2072 0.315326
8.21035 0.315285
8.2135 0.31525
8.21665 0.315219
8.2198 0.315191
8.22296 0.315167
8.22611 0.315271
8.22926 0.315237
8.23241 0.315208
8.23556 0.315182
8.23872 0.315159
8.24187 0.315139
8.24502 0.315247
8.24817 0.315341
8.25132 0.315298
8.25448 0.315261
8.25763 0.315228
8.26078 0.3152
8.26393 0.315175
8.26708 0.315278
8.27024 0.315243
8.27339 0.315213
8.27654 0.315186
8.27969 0.315163
8.28284 0.315143
8.286 0.315125
8.28915 0.315234
8.2923 0.315205
8.29545 0.315179
8.2986 0.315157
8.30176 0.315137
8.30491 0.31512
8.30806 0.31523
8.31121 0.315201
8.31436 0.315176
8.31752 0.315154
8.32067 0.315135
8.32382 0.315118
8.32697 0.315103
8.33012 0.315215
8.33328 0.315188
8.33643 0.315165
8.33958 0.315144
8.34273 0.315126
8.34588 0.31511
8.34904 0.315222
8.35219 0.315319
8.35534 0.315279
8.35849 0.315244
8.36164 0.315214
8.3648 0.315187
8.36795 0.315164
8.3711 0.315268
8.37425 0.315235
8.3774 0.315205
8.38056 0.31518
8.38371 0.315157
8.38686 0.315138
8.39001 0.315245
8.39316 0.31534
8.39632 0.315297
8.39947 0.31526
8.40262 0.315228
8.40577 0.315199
8.40892 0.315174
8.41208 0.315277
8.41523 0.315243
8.41838 0.315212
8.42153 0.315186
8.42468 0.315163
8.42784 0.315142
8.43099 0.315125
8.43414 0.315234
8.43729 0.315205
8.44044 0.315179
8.4436 0.315157
8.44675 0.315137
8.4499 0.31512
8.45305 0.31523
8.4562 0.315201
8.45936 0.315176
8.46251 0.315154
8.46566 0.315135
8.46881 0.315118
8.47196 0.315103
8.47512 0.315215
8.47827 0.315188
8.48142 0.315165
8.48457 0.315144
8.48772 0.315126
8.49087 0.31511
8.49403 0.315222
8.49718 0.315319
8.50033 0.315279
8.50348 0.315244
8.50663 0.315214
8.50979 0.315187
8.51294 0.315164
8.51609 0.315268
8.51924 0.315235
8.52239 0.315205
8.52555 0.31518
8.5287 0.315157
8.53185 0.315138
8.535 0.315245
8.53815 0.31534
8.54131 0.315297
8.54446 0.31526
8.54761 0.315228
8.55076 0.315199
8.55391 0.315174
8.55707 0.315277
8.56022 0.315243
8.56337 0.315212
8.56652 0.315186
8.56967 0.315163
8.57283 0.315142
8.57598 0.315125
8.57913 0.315234
8.58228 0.315205
8.58543 0.315179
8.58859 0.315157
8.59174 0.315137
8.59489 0.31512
8.59804 0.31523
8.60119 0.315326
8.60435 0.315285
8.6075 0.31525
8.61065 0.315219
8.6138 0.315191
8.61695 0.315167
8.62011 0.315646
8.62326 0.316066
8.62641 0.316307
8.62956 0.316519
8.63271 0.316704
8.63587 0.316866
8.63902 0.317133
8.64217 0.317366
8.64532 0.31757
8.64847 0.317624
8.65163 0.317671
8.65478 0.317712
8.65793 0.317748
8.66108 0.317905
8.66423 0.318042
8.66739 0.318036
8.67054 0.318032
8.67369 0.318028
8.67684 0.318024
8.67999 0.318021
8.68315 0.318144
8.6863 0.318251
8.68945 0.318219
8.6926 0.318192
8.69575 0.318168
8.69891 0.318147
8.70206 0.318254
8.70521 0.318347
8.70836 0.318304
8.71151 0.318266
8.71467 0.318232
8.71782 0.318203
8.72097 0.318178
8.72412 0.318281
8.72727 0.318371
8.73043 0.318324
8.73358 0.318284
8.73673 0.318248
8.73988 0.318217
8.74303 0.318315
8.74619 0.318401
8.74934 0.318476
8.75249 0.318416
8.75564 0.318364
8.75879 0.318319
8.76195 0.318279
8.7651 0.318369
8.76825 0.318448
8.7714 0.318392
8.77455 0.318343
8.77771 0.3183
8.78086 0.318263
8.78401 0.318355
8.78716 0.318435
8.79031 0.318506
8.79347 0.318443
8.79662 0.318387
8.79977 0.318339
8.80292 0.318297
8.80607 0.318384
8.80923 0.318461
8.81238 0.318404
8.81553 0.318353
8.81868 0.318309
8.82183 0.31827
8.82499 0.318237
8.82814 0.318332
8.83129 0.318416
8.83444 0.318364
8.83759 0.318318
8.84075 0.318278
8.8439 0.318244
8.84705 0.318338
8.8502 0.318421
8.85335 0.318368
8.85651 0.318322
8.85966 0.318282
8.86281 0.318247
8.86596 0.318216
8.86911 0.318314
8.87227 0.3184
8.87542 0.31835
8.87857 0.318306
8.88172 0.318268
8.88487 0.318234
8.88803 0.31833
8.89118 0.318414
8.89433 0.318487
8.89748 0.318426
8.90063 0.318373
8.90379 0.318326
8.90694 0.318285
8.91009 0.318375
8.91324 0.318453
8.91639 0.318396
8.91955 0.318347
8.9227 0.318303
8.92585 0.318266
8.929 0.318357
8.93215 0.318438
8.93531 0.318508
8.93846 0.318444
8.94161 0.318389
8.94476 0.31834
8.94791 0.318298
8.95107 0.318386
8.95422 0.318462
8.95737 0.318405
8.96052 0.318354
8.96367 0.31831
8.96683 0.318271
8.96998 0.318237
8.97313 0.318332
8.97628 0.318416
8.97943 0.318364
8.98259 0.318318
8.98574 0.318279
8.98889 0.318244
8.99204 0.318338
8.99519 0.318421
8.99835 0.318493
9.0015 0.318432
9.00465 0.318378
9.0078 0.318331
9.01095 0.318289
9.01411 0.318378
9.01726 0.318456
9.02041 0.318399
9.02356 0.318349
9.02671 0.318305
9.02987 0.318267
9.03302 0.318359
9.03617 0.318439
9.03932 0.318509
9.04247 0.318445
9.04563 0.31839
9.04878 0.318341
9.05193 0.318298
9.05508 0.318386
9.05823 0.318463
9.06139 0.318405
9.06454 0.318354
9.06769 0.31831
9.07084 0.318271
9.07399 0.318237
9.07715 0.318333
9.0803 0.318416
9.08345 0.318364
9.0866 0.318319
9.08975 0.318279
9.09291 0.318244
9.09606 0.318338
9.09921 0.318421
9.10236 0.318368
9.10551 0.318322
9.10867 0.318282
9.11182 0.318247
9.11497 0.318216
9.11812 0.318314
9.12127 0.3184
9.12443 0.31835
9.12758 0.318306
9.13073 0.318268
9.13388 0.318234
9.13703 0.31833
9.14019 0.318414
9.14334 0.318487
9.14649 0.318426
9.14964 0.318373
9.15279 0.318326
9.15595 0.318286
9.1591 0.318375
9.16225 0.318453
9.1654 0.318396
9.16855 0.318347
9.17171 0.318303
9.17486 0.318266
9.17801 0.318357
9.18116 0.318438
9.18431 0.318508
9.18747 0.318444
9.19062 0.318389
9.19377 0.31834
9.19692 0.318298
9.20007 0.318386
9.20323 0.318462
9.20638 0.318405
9.20953 0.318354
9.21268 0.31831
9.21583 0.318271
9.21899 0.318237
9.22214 0.318332
9.22529 0.318416
9.22844 0.318364
9.23159 0.318318
9.23475 0.318279
9.2379 0.318244
9.24105 0.318338
9.2442 0.318421
9.24735 0.318368
9.25051 0.318322
9.25366 0.318282
9.25681 0.318247
9.25996 0.318216
9.26311 0.318314
9.26627 0.3184
9.26942 0.31835
9.27257 0.318306
9.27572 0.318268
9.27887 0.318234
9.28203 0.31833
9.28518 0.318414
9.28833 0.318487
9.29148 0.318426
9.29463 0.318373
9.29779 0.318326
9.30094 0.318285
9.30409 0.318375
9.30724 0.318453
9.31039 0.318396
9.31355 0.318347
9.3167 0.318303
9.31985 0.318266
9.323 0.318357
9.32615 0.318438
9.32931 0.318508
9.33246 0.318444
9.33561 0.318389
9.33876 0.31834
9.34191 0.318298
9.34507 0.318386
9.34822 0.318462
9.35137 0.318405
9.35452 0.318354
9.35767 0.31831
9.36083 0.318271
9.36398 0.318237
9.36713 0.318332
9.37028 0.318416
9.37343 0.318364
9.37659 0.318318
9.37974 0.318279
9.38289 0.318244
9.38604 0.318338
9.38919 0.318421
9.39235 0.318493
9.3955 0.318432
9.39865 0.318378
9.4018 0.318331
9.40495 0.318289
9.40811 0.318378
9.41126 0.318456
9.41441 0.318399
9.41756 0.318349
9.42071 0.31868
9.42387 0.31897
9.42702 0.319349
9.43017 0.31968
9.43332 0.31997
9.43647 0.320224
9.43963 0.320321
9.44278 0.320406
9.44593 0.32048
9.44908 0.32067
9.45223 0.320836
9.45539 0.320982
9.45854 0.320984
9.46169 0.320986
9.46484 0.320988
9.46799 0.320989
9.47115 0.321116
9.4743 0.321226
9.47745 0.321323
9.4806 0.321283
9.48375 0.321247
9.48691 0.321216
9.49006 0.321314
9.49321 0.3214
9.49636 0.321475
9.49951 0.321416
9.50267 0.321364
9.50582 0.321318
9.50897 0.321278
9.51212 0.321369
9.51527 0.321448
9.51843 0.321517
9.52158 0.321452
9.52473 0.321396
9.52788 0.321346
9.53103 0.321428
9.53419 0.321499
9.53734 0.321562
9.54049 0.321617
9.54364 0.32154
9.54679 0.321472
9.54995 0.321413
9.5531 0.321486
9.55625 0.321551
9.5594 0.321607
9.56255 0.321531
9.56571 0.321465
9.56886 0.321407
9.57201 0.321481
9.57516 0.321546
9.57831 0.321602
9.58147 0.321652
9.58462 0.321571
9.58777 0.321499
9.59092 0.321437
9.59407 0.321507
9.59723 0.321569
9.60038 0.321623
9.60353 0.321545
9.60668 0.321477
9.60983 0.321417
9.61299 0.321365
9.61614 0.321444
9.61929 0.321514
9.62244 0.321575
9.62559 0.321503
9.62875 0.32144
9.6319 0.321385
9.63505 0.321462
9.6382 0.321529
9.64135 0.321588
9.64451 0.321514
9.64766 0.32145
9.65081 0.321394
9.65396 0.321345
9.65711 0.321427
9.66027 0.321498
9.66342 0.321561
9.66657 0.321491
9.66972 0.321429
9.67287 0.321376
9.67603 0.321454
9.67918 0.321522
9.68233 0.321582
9.68548 0.321634
9.68863 0.321555
9.69179 0.321485
9.69494 0.321425
9.69809 0.321497
9.70124 0.32156
9.70439 0.321615
9.70755 0.321538
9.7107 0.321471
9.71385 0.321412
9.717 0.321485
9.72015 0.32155
9.72331 0.321606
9.72646 0.321655
9.72961 0.321573
9.73276 0.321502
9.73591 0.321439
9.73907 0.321509
9.74222 0.32157
9.74537 0.321624
9.74852 0.321546
9.75167 0.321478
9.75483 0.321418
9.75798 0.321366
9.76113 0.321445
9.76428 0.321514
9.76743 0.321575
9.77059 0.321503
9.77374 0.32144
9.77689 0.321385
9.78004 0.321462
9.78319 0.321529
9.78635 0.321588
9.7895 0.32164
9.79265 0.32156
9.7958 0.32149
9.79895 0.321429
9.80211 0.3215
9.80526 0.321562
9.80841 0.321617
9.81156 0.32154
9.81471 0.321473
9.81787 0.321413
9.82102 0.321487
9.82417 0.321551
9.82732 0.321607
9.83047 0.321656
9.83363 0.321574
9.83678 0.321502
9.83993 0.32144
9.84308 0.32151
9.84623 0.321571
9.84939 0.321625
9.85254 0.321546
9.85569 0.321478
9.85884 0.321418
9.86199 0.321366
9.86515 0.321445
9.8683 0.321515
9.87145 0.321575
9.8746 0.321503
9.87775 0.32144
9.88091 0.321385
9.88406 0.321462
9.88721 0.321529
9.89036 0.321588
9.89351 0.321515
9.89667 0.32145
9.89982 0.321394
9.90297 0.321345
9.90612 0.321427
9.90927 0.321498
9.91243 0.321561
9.91558 0.321491
9.91873 0.32143
9.92188 0.321376
9.92503 0.321454
9.92819 0.321522
9.93134 0.321582
9.93449 0.321634
9.93764 0.321555
9.94079 0.321486
9.94395 0.321425
9.9471 0.321497
9.95025 0.32156
9.9534 0.321615
9.95655 0.321538
9.95971 0.321471
9.96286 0.321412
9.96601 0.321485
9.96916 0.32155
9.97231 0.321606
9.97547 0.321655
9.97862 0.321573
9.98177 0.321502
9.98492 0.321439
9.98807 0.321509
9.99123 0.32157
9.99438 0.321624
9.99753 0.321546
10.0007 0.321478
10.0038 0.321418
10.007 0.321366
10.0101 0.321445
10.0133 0.321514
10.0164 0.321575
10.0196 0.321503
10.0227 0.32144
10.0259 0.321385
10.0291 0.321462
10.0322 0.321529
10.0354 0.321588
10.0385 0.321515
10.0417 0.32145
10.0448 0.321394
10.048 0.321345
10.0511 0.321427
10.0543 0.321498
10.0574 0.321561
10.0606 0.321491
10.0637 0.32143
10.0669 0.321376
10.07 0.321454
10.0732 0.321522
10.0763 0.321582
10.0795 0.321634
10.0826 0.321555
10.0858 0.321486
10.0889 0.321425
10.0921 0.321497
10.0952 0.32156
10.0984 0.321615
10.1015 0.321538
10.1047 0.321471
10.1078 0.321412
10.111 0.321485
10.1142 0.32155
10.1173 0.321606
10.1205 0.321655
10.1236 0.321573
10.1268 0.321502
10.1299 0.321439
10.1331 0.321509
10.1362 0.32157
10.1394 0.321624
10.1425 0.321546
10.1457 0.321478
10.1488 0.321418
10.152 0.321366
10.1551 0.321445
10.1583 0.321514
10.1614 0.321575
10.1646 0.321503
10.1677 0.32144
10.1709 0.321385
10.174 0.321462
10.1772 0.321529
10.1803 0.321588
10.1835 0.32164
10.1866 0.32156
10.1898 0.32149
10.193 0.321429
10.1961 0.3215
10.1993 0.321562
10.2024 0.321617
10.2056 0.32154
10.2087 0.321473
10.2119 0.321413
10.215 0.321487
10.2182 0.321551
10.2213 0.321607
10.2245 0.321656
10.2276 0.322074
10.2308 0.322315
10.2339 0.322526
10.2371 0.322835
10.2402 0.323105
10.2434 0.323342
10.2465 0.32355
10.2497 0.323606
10.2528 0.323655
10.256 0.323698
10.2591 0.323861
10.2623 0.324003
10.2654 0.324128
10.2686 0.324237
10.2718 0.324207
10.2749 0.324181
10.2781 0.324284
10.2812 0.324373
10.2844 0.324452
10.2875 0.32452
10.2907 0.324455
10.2938 0.324398
10.297 0.324348
10.3001 0.32443
10.3033 0.324501
10.3064 0.324564
10.3096 0.324618
10.3127 0.324541
10.3159 0.324473
10.319 0.324539
10.3222 0.324597
10.3253 0.324647
10.3285 0.324691
10.3316 0.32473
10.3348 0.324639
10.3379 0.324559
10.3411 0.324614
10.3442 0.324662
10.3474 0.324704
10.3506 0.324741
10.3537 0.324649
10.3569 0.324568
10.36 0.324622
10.3632 0.324669
10.3663 0.32471
10.3695 0.324747
10.3726 0.324778
10.3758 0.324681
10.3789 0.324596
10.3821 0.324646
10.3852 0.324691
10.3884 0.324729
10.3915 0.324763
10.3947 0.324668
10.3978 0.324584
10.401 0.324511
10.4041 0.324572
10.4073 0.324626
10.4104 0.324673
10.4136 0.324713
10.4167 0.324624
10.4199 0.324546
10.423 0.324603
10.4262 0.324653
10.4294 0.324696
10.4325 0.324734
10.4357 0.324642
10.4388 0.324562
10.442 0.324492
10.4451 0.324555
10.4483 0.324611
10.4514 0.32466
10.4546 0.324702
10.4577 0.324614
10.4609 0.324538
10.464 0.324595
10.4672 0.324646
10.4703 0.32469
10.4735 0.324729
10.4766 0.324763
10.4798 0.324667
10.4829 0.324584
10.4861 0.324636
10.4892 0.324682
10.4924 0.324721
10.4955 0.324756
10.4987 0.324662
10.5018 0.324579
10.505 0.324632
10.5082 0.324678
10.5113 0.324718
10.5145 0.324753
10.5176 0.324784
10.5208 0.324686
10.5239 0.3246
10.5271 0.32465
10.5302 0.324694
10.5334 0.324732
10.5365 0.324766
10.5397 0.32467
10.5428 0.324586
10.546 0.324513
10.5491 0.324574
10.5523 0.324627
10.5554 0.324674
10.5586 0.324714
10.5617 0.324625
10.5649 0.324547
10.568 0.324604
10.5712 0.324653
10.5743 0.324697
10.5775 0.324734
10.5806 0.324768
10.5838 0.324672
10.587 0.324588
10.5901 0.324639
10.5933 0.324684
10.5964 0.324724
10.5996 0.324758
10.6027 0.324664
10.6059 0.324581
10.609 0.324633
10.6122 0.324679
10.6153 0.324719
10.6185 0.324754
10.6216 0.324785
10.6248 0.324687
10.6279 0.324601
10.6311 0.324651
10.6342 0.324694
10.6374 0.324733
10.6405 0.324766
10.6437 0.32467
10.6468 0.324587
10.65 0.324513
10.6531 0.324574
10.6563 0.324627
10.6594 0.324674
10.6626 0.324715
10.6658 0.324625
10.6689 0.324547
10.6721 0.324604
10.6752 0.324653
10.6784 0.324697
10.6815 0.324735
10.6847 0.324643
10.6878 0.324562
10.691 0.324492
10.6941 0.324556
10.6973 0.324611
10.7004 0.32466
10.7036 0.324702
10.7067 0.324614
10.7099 0.324538
10.713 0.324595
10.7162 0.324646
10.7193 0.32469
10.7225 0.324729
10.7256 0.324763
10.7288 0.324668
10.7319 0.324584
10.7351 0.324636
10.7382 0.324682
10.7414 0.324721
10.7446 0.324756
10.7477 0.324662
10.7509 0.324579
10.754 0.324632
10.7572 0.324678
10.7603 0.324718
10.7635 0.324753
10.7666 0.324784
10.7698 0.324686
10.7729 0.3246
10.7761 0.32465
10.7792 0.324694
10.7824 0.324732
10.7855 0.324766
10.7887 0.32467
10.7918 0.324586
10.795 0.324513
10.7981 0.324574
10.8013 0.324627
10.8044 0.324674
10.8076 0.324715
10.8107 0.324625
10.8139 0.324547
10.817 0.324604
10.8202 0.324653
10.8234 0.324697
10.8265 0.324734
10.8297 0.324643
10.8328 0.324562
10.836 0.324492
10.8391 0.324556
10.8423 0.324611
10.8454 0.32466
10.8486 0.324702
10.8517 0.324614
10.8549 0.324538
10.858 0.324595
10.8612 0.324646
10.8643 0.32469
10.8675 0.324729
10.8706 0.324763
10.8738 0.324667
10.8769 0.324584
10.8801 0.324636
10.8832 0.324682
10.8864 0.324721
10.8895 0.324756
10.8927 0.324662
10.8958 0.324579
10.899 0.324632
10.9022 0.324678
10.9053 0.324718
10.9085 0.324753
10.9116 0.324784
10.9148 0.324686
10.9179 0.3246
10.9211 0.32465
10.9242 0.324694
10.9274 0.324732
10.9305 0.324766
10.9337 0.32467
10.9368 0.324586
10.94 0.324513
10.9431 0.324574
10.9463 0.324627
10.9494 0.324674
10.9526 0.324714
10.9557 0.324625
10.9589 0.324547
10.962 0.324604
10.9652 0.324653
10.9683 0.324697
10.9715 0.324734
10.9746 0.324768
10.9778 0.324672
10.981 0.324588
10.9841 0.324639
10.9873 0.324684
10.9904 0.324724
10.9936 0.324758
10.9967 0.324664
10.9999 0.324581
11.003 0.324633
11.0062 0.324679
11.0093 0.324719
11.0125 0.324754
11.0156 0.324785
11.0188 0.324687
11.0219 0.324601
11.0251 0.324651
11.0282 0.324694
11.0314 0.324733
11.0345 0.324766
11.0377 0.32467
11.0408 0.324587
11.044 0.324888
11.0471 0.325277
11.0503 0.325618
11.0534 0.325915
11.0566 0.326176
11.0598 0.326404
11.0629 0.326478
11.0661 0.326669
11.0692 0.326835
11.0724 0.326981
11.0755 0.327108
11.0787 0.32722
11.0818 0.327192
11.085 0.327168
11.0881 0.327272
11.0913 0.327363
11.0944 0.327443
11.0976 0.327512
11.1007 0.327573
11.1039 0.327502
11.107 0.327564
11.1102 0.327618
11.1133 0.327666
11.1165 0.327708
11.1196 0.327744
11.1228 0.327776
11.1259 0.327679
11.1291 0.327719
11.1322 0.327754
11.1354 0.327785
11.1386 0.327812
11.1417 0.327836
11.1449 0.327731
11.148 0.327765
11.1512 0.327794
11.1543 0.32782
11.1575 0.327842
11.1606 0.327862
11.1638 0.327879
11.1669 0.327769
11.1701 0.327798
11.1732 0.327823
11.1764 0.327846
11.1795 0.327865
11.1827 0.327882
11.1858 0.327772
11.189 0.327675
11.1921 0.327716
11.1953 0.327751
11.1984 0.327782
11.2016 0.32781
11.2047 0.327833
11.2079 0.327729
11.211 0.327763
11.2142 0.327793
11.2174 0.327819
11.2205 0.327841
11.2237 0.327861
11.2268 0.327753
11.23 0.327659
11.2331 0.327702
11.2363 0.327739
11.2394 0.327772
11.2426 0.3278
11.2457 0.327825
11.2489 0.327722
11.252 0.327757
11.2552 0.327787
11.2583 0.327814
11.2615 0.327837
11.2646 0.327857
11.2678 0.327875
11.2709 0.327766
11.2741 0.327795
11.2772 0.327821
11.2804 0.327843
11.2835 0.327863
11.2867 0.32788
11.2898 0.32777
11.293 0.327799
11.2962 0.327824
11.2993 0.327846
11.3025 0.327865
11.3056 0.327882
11.3088 0.327897
11.3119 0.327785
11.3151 0.327812
11.3182 0.327835
11.3214 0.327856
11.3245 0.327874
11.3277 0.32789
11.3308 0.327778
11.334 0.327681
11.3371 0.327721
11.3403 0.327756
11.3434 0.327786
11.3466 0.327813
11.3497 0.327836
11.3529 0.327732
11.356 0.327765
11.3592 0.327795
11.3623 0.32782
11.3655 0.327843
11.3686 0.327862
11.3718 0.32788
11.375 0.32777
11.3781 0.327798
11.3813 0.327824
11.3844 0.327846
11.3876 0.327865
11.3907 0.327882
11.3939 0.327772
11.397 0.3278
11.4002 0.327825
11.4033 0.327847
11.4065 0.327866
11.4096 0.327883
11.4128 0.327898
11.4159 0.327785
11.4191 0.327812
11.4222 0.327836
11.4254 0.327856
11.4285 0.327874
11.4317 0.32789
11.4348 0.327779
11.438 0.327681
11.4411 0.327721
11.4443 0.327756
11.4474 0.327787
11.4506 0.327813
11.4538 0.327837
11.4569 0.327732
11.4601 0.327765
11.4632 0.327795
11.4664 0.32782
11.4695 0.327843
11.4727 0.327863
11.4758 0.327755
11.479 0.32766
11.4821 0.327703
11.4853 0.32774
11.4884 0.327772
11.4916 0.327801
11.4947 0.327826
11.4979 0.327723
11.501 0.327757
11.5042 0.327788
11.5073 0.327814
11.5105 0.327837
11.5136 0.327858
11.5168 0.327875
11.5199 0.327766
11.5231 0.327795
11.5262 0.327821
11.5294 0.327843
11.5326 0.327863
11.5357 0.32788
11.5389 0.32777
11.542 0.327799
11.5452 0.327824
11.5483 0.327846
11.5515 0.327865
11.5546 0.327882
11.5578 0.327897
11.5609 0.327785
11.5641 0.327812
11.5672 0.327835
11.5704 0.327856
11.5735 0.327874
11.5767 0.32789
11.5798 0.327778
11.583 0.327681
11.5861 0.327721
11.5893 0.327756
11.5924 0.327786
11.5956 0.327813
11.5987 0.327836
11.6019 0.327732
11.605 0.327765
11.6082 0.327795
11.6114 0.32782
11.6145 0.327843
11.6177 0.327862
11.6208 0.327755
11.624 0.32766
11.6271 0.327703
11.6303 0.32774
11.6334 0.327772
11.6366 0.327801
11.6397 0.327826
11.6429 0.327723
11.646 0.327757
11.6492 0.327788
11.6523 0.327814
11.6555 0.327837
11.6586 0.327858
11.6618 0.327875
11.6649 0.327766
11.6681 0.327795
11.6712 0.327821
11.6744 0.327843
11.6775 0.327863
11.6807 0.32788
11.6838 0.32777
11.687 0.327799
11.6902 0.327824
11.6933 0.327846
11.6965 0.327865
11.6996 0.327882
11.7028 0.327897
11.7059 0.327785
11.7091 0.327812
11.7122 0.327835
11.7154 0.327856
11.7185 0.327874
11.7217 0.32789
11.7248 0.327778
11.728 0.327681
11.7311 0.327721
11.7343 0.327756
11.7374 0.327786
11.7406 0.327813
11.7437 0.327836
11.7469 0.327732
11.75 0.327765
11.7532 0.327795
11.7563 0.32782
11.7595 0.327843
11.7626 0.327862
11.7658 0.32788
11.769 0.32777
11.7721 0.327798
11.7753 0.327824
11.7784 0.327846
11.7816 0.327865
11.7847 0.327882
11.7879 0.327772
11.791 0.3278
11.7942 0.327825
11.7973 0.327847
11.8005 0.327866
11.8036 0.327883
11.8068 0.327898
11.8099 0.327785
11.8131 0.327812
11.8162 0.327836
11.8194 0.327856
11.8225 0.327874
11.8257 0.32789
11.8288 0.327779
11.832 0.327681
11.8351 0.327721
11.8383 0.327756
11.8414 0.327787
11.8446 0.327813
11.8478 0.327837
11.8509 0.327732
11.8541 0.327765
11.8572 0.327795
11.8604 0.32782
11.8635 0.327843
11.8667 0.327863
11.8698 0.328255
11.873 0.328473
11.8761 0.328789
11.8793 0.329065
11.8824 0.329307
11.8856 0.329519
11.8887 0.329704
11.8919 0.329866
11.895 0.330008
11.8982 0.330132
11.9013 0.33024
11.9045 0.330335
11.9076 0.330418
11.9108 0.330491
11.9139 0.330555
11.9171 0.33061
11.9202 0.330659
11.9234 0.330702
11.9266 0.330739
11.9297 0.330772
11.9329 0.3308
11.936 0.330825
11.9392 0.330847
11.9423 0.330866
11.9455 0.330883
11.9486 0.330897
11.9518 0.33091
11.9549 0.330922
11.9581 0.330931
11.9612 0.33094
11.9644 0.330947
11.9675 0.330954
11.9707 0.33096
11.9738 0.330965
11.977 0.330844
11.9801 0.330864
11.9833 0.330881
11.9864 0.330896
11.9896 0.330909
11.9927 0.33092
11.9959 0.33093
11.999 0.330939
12.0022 0.330946
12.0054 0.330953
12.0085 0.330959
12.0117 0.330964
12.0148 0.330969
12.018 0.330848
12.0211 0.330867
12.0243 0.330883
12.0274 0.330898
12.0306 0.330911
12.0337 0.330922
12.0369 0.330932
12.04 0.33094
12.0432 0.330948
12.0463 0.330954
12.0495 0.33096
12.0526 0.330965
12.0558 0.330969
12.0589 0.330973
12.0621 0.330976
12.0652 0.330979
12.0684 0.330982
12.0715 0.330984
12.0747 0.330986
12.0778 0.330988
12.081 0.330989
12.0842 0.330991
12.0873 0.330992
12.0905 0.330993
12.0936 0.330994
12.0968 0.330995
12.0999 0.330995
12.1031 0.330996
12.1062 0.330996
12.1094 0.330997
12.1125 0.330997
12.1157 0.330998
12.1188 0.330998
12.122 0.330873
12.1251 0.330889
12.1283 0.330903
12.1314 0.330915
12.1346 0.330926
12.1377 0.330935
12.1409 0.330943
12.144 0.33095
12.1472 0.330956
12.1503 0.330962
12.1535 0.330967
12.1566 0.330971
12.1598 0.330974
12.163 0.330978
12.1661 0.33098
12.1693 0.330983
12.1724 0.330985
12.1756 0.330987
12.1787 0.330989
12.1819 0.33099
12.185 0.330991
12.1882 0.330992
12.1913 0.330993
12.1945 0.330994
12.1976 0.330995
12.2008 0.330995
12.2039 0.330996
12.2071 0.330997
12.2102 0.330997
12.2134 0.330997
12.2165 0.330998
12.2197 0.330998
12.2228 0.330998
12.226 0.330873
12.2291 0.330889
12.2323 0.330903
12.2354 0.330915
12.2386 0.330926
12.2418 0.330935
12.2449 0.330943
12.2481 0.33095
12.2512 0.330957
12.2544 0.330962
12.2575 0.330967
12.2607 0.330971
12.2638 0.330975
12.267 0.330853
12.2701 0.330871
12.2733 0.330887
12.2764 0.330901
12.2796 0.330914
12.2827 0.330924
12.2859 0.330934
12.289 0.330942
12.2922 0.330949
12.2953 0.330956
12.2985 0.330961
12.3016 0.330966
12.3048 0.33097
12.3079 0.330974
12.3111 0.330977
12.3142 0.33098
12.3174 0.330983
12.3206 0.330985
12.3237 0.330987
12.3269 0.330988
12.33 0.33099
12.3332 0.330991
12.3363 0.330992
12.3395 0.330993
12.3426 0.330994
12.3458 0.330995
12.3489 0.330995
12.3521 0.330996
12.3552 0.330996
12.3584 0.330997
12.3615 0.330997
12.3647 0.330998
12.3678 0.330998
12.371 0.330873
12.3741 0.330889
12.3773 0.330903
12.3804 0.330915
12.3836 0.330926
12.3867 0.330935
12.3899 0.330943
12.393 0.33095
12.3962 0.330956
12.3994 0.330962
12.4025 0.330967
12.4057 0.330971
12.4088 0.330974
12.412 0.330853
12.4151 0.330871
12.4183 0.330887
12.4214 0.330901
12.4246 0.330914
12.4277 0.330924
12.4309 0.330934
12.434 0.330942
12.4372 0.330949
12.4403 0.330956
12.4435 0.330961
12.4466 0.330966
12.4498 0.33097
12.4529 0.330974
12.4561 0.330977
12.4592 0.33098
12.4624 0.330983
12.4655 0.330985
12.4687 0.330987
12.4718 0.330988
12.475 0.33099
12.4782 0.330991
12.4813 0.330992
12.4845 0.330993
12.4876 0.330994
12.4908 0.330995
12.4939 0.330995
12.4971 0.330996
12.5002 0.330996
12.5034 0.330997
12.5065 0.330997
12.5097 0.330998
12.5128 0.330998
12.516 0.330873
12.5191 0.330889
12.5223 0.330903
12.5254 0.330915
12.5286 0.330926
12.5317 0.330935
12.5349 0.331318
12.538 0.331778
12.5412 0.332056
12.5443 0.332299
12.5475 0.332512
12.5506 0.332698
12.5538 0.33286
12.557 0.333003
12.5601 0.333253
12.5633 0.333346
12.5664 0.333428
12.5696 0.333499
12.5727 0.333562
12.5759 0.333617
12.579 0.33379
12.5822 0.333816
12.5853 0.333839
12.5885 0.333859
12.5916 0.333877
12.5948 0.333892
12.5979 0.333906
12.6011 0.334042
12.6042 0.334037
12.6074 0.334032
12.6105 0.334028
12.6137 0.334025
12.6168 0.334022
12.62 0.334019
12.6231 0.334017
12.6263 0.334015
12.6294 0.334013
12.6326 0.334011
12.6358 0.33401
12.6389 0.334009
12.6421 0.334132
12.6452 0.334116
12.6484 0.334101
12.6515 0.334089
12.6547 0.334078
12.6578 0.334068
12.661 0.334059
12.6641 0.334052
12.6673 0.334046
12.6704 0.33404
12.6736 0.334035
12.6767 0.33403
12.6799 0.334027
12.683 0.334148
12.6862 0.33413
12.6893 0.334114
12.6925 0.334099
12.6956 0.334087
12.6988 0.334076
12.7019 0.334067
12.7051 0.334183
12.7082 0.33416
12.7114 0.33414
12.7146 0.334123
12.7177 0.334107
12.7209 0.334094
12.724 0.334207
12.7272 0.334181
12.7303 0.334159
12.7335 0.334139
12.7366 0.334121
12.7398 0.334106
12.7429 0.334093
12.7461 0.334206
12.7492 0.334181
12.7524 0.334158
12.7555 0.334138
12.7587 0.334121
12.7618 0.334106
12.765 0.334093
12.7681 0.334081
12.7713 0.334071
12.7744 0.334062
12.7776 0.334054
12.7807 0.334048
12.7839 0.334042
12.787 0.334161
12.7902 0.334141
12.7934 0.334124
12.7965 0.334108
12.7997 0.334095
12.8028 0.334083
12.806 0.334072
12.8091 0.334063
12.8123 0.334055
12.8154 0.334049
12.8186 0.334042
12.8217 0.334037
12.8249 0.334033
12.828 0.334153
12.8312 0.334134
12.8343 0.334117
12.8375 0.334103
12.8406 0.33409
12.8438 0.334079
12.8469 0.334069
12.8501 0.334185
12.8532 0.334162
12.8564 0.334142
12.8595 0.334124
12.8627 0.334109
12.8658 0.334095
12.869 0.334208
12.8722 0.334182
12.8753 0.334159
12.8785 0.334139
12.8816 0.334122
12.8848 0.334107
12.8879 0.334093
12.8911 0.334207
12.8942 0.334181
12.8974 0.334158
12.9005 0.334138
12.9037 0.334121
12.9068 0.334106
12.91 0.334468
12.9131 0.334909
12.9163 0.335171
12.9194 0.335399
12.9226 0.335599
12.9257 0.335774
12.9289 0.335928
12.932 0.336187
12.9352 0.336413
12.9383 0.336487
12.9415 0.336551
12.9446 0.336607
12.9478 0.336656
12.951 0.336699
12.9541 0.336862
12.9573 0.337004
12.9604 0.337004
12.9636 0.337003
12.9667 0.337003
12.9699 0.337002
12.973 0.337127
12.9762 0.337236
12.9793 0.337207
12.9825 0.337181
12.9856 0.337158
12.9888 0.337138
12.9919 0.337121
12.9951 0.337231
12.9982 0.337327
13.0014 0.337286
13.0045 0.33725
13.0077 0.337219
13.0108 0.337192
13.014 0.337168
13.0171 0.337272
13.0203 0.337238
13.0234 0.337208
13.0266 0.337182
13.0298 0.337159
13.0329 0.337139
13.0361 0.337247
13.0392 0.337341
13.0424 0.337298
13.0455 0.337261
13.0487 0.337229
13.0518 0.3372
13.055 0.337175
13.0581 0.337278
13.0613 0.337243
13.0644 0.337213
13.0676 0.337186
13.0707 0.337163
13.0739 0.337143
13.077 0.33725
13.0802 0.337344
13.0833 0.337301
13.0865 0.337263
13.0896 0.33723
13.0928 0.337201
13.0959 0.337176
13.0991 0.337279
13.1022 0.337369
13.1054 0.337323
13.1086 0.337283
13.1117 0.337247
13.1149 0.337216
13.118 0.337314
13.1212 0.3374
13.1243 0.33735
13.1275 0.337306
13.1306 0.337268
13.1338 0.337235
13.1369 0.337205
13.1401 0.337305
13.1432 0.337391
13.1464 0.337343
13.1495 0.3373
13.1527 0.337262
13.1558 0.337229
13.159 0.337201
13.1621 0.337301
13.1653 0.337263
13.1684 0.33723
13.1716 0.337201
13.1747 0.337176
13.1779 0.337154
13.181 0.33726
13.1842 0.337352
13.7768 0.329558
13.7799 0.322739
13.7831 0.316896
13.7862 0.311784
13.7894 0.307311
13.7925 0.303397
13.7957 0.299848
13.7988 0.296742
13.8036 0.294274
13.8067 0.292115
13.8099 0.290225
13.813 0.288697
13.8162 0.28736
13.8193 0.286065
13.8225 0.284932
13.8256 0.28394
13.8288 0.283073
13.8319 0.282314
13.8351 0.281775
13.8382 0.281303
13.8414 0.280765
13.8445 0.280294
13.8477 0.279882
13.8508 0.279772
13.854 0.279551
13.8572 0.279482
13.8603 0.279422
13.8635 0.279369
13.8666 0.279323
13.8698 0.279282
13.8729 0.279122
13.8761 0.279107
13.8792 0.279094
13.8824 0.279082
13.8855 0.279072
13.8887 0.279063
13.8918 0.279055
13.895 0.278923
13.8981 0.278933
13.9013 0.278941
13.9044 0.278948
13.9076 0.278955
13.9107 0.27896
13.9139 0.27884
13.917 0.27886
13.9202 0.278878
13.9233 0.278893
13.9265 0.278906
13.9296 0.278918
13.9328 0.278928
13.936 0.278812
13.9391 0.278836
13.9423 0.278856
13.9454 0.278874
13.9486 0.27889
13.9517 0.278904
13.9549 0.278916
13.958 0.279176
13.9612 0.279404
13.9643 0.279604
13.9675 0.279778
13.9706 0.279806
13.9738 0.27983
13.9769 0.279851
13.9801 0.279995
13.9832 0.280121
13.9864 0.280231
13.9895 0.280202
13.9927 0.280177
13.9958 0.280154
13.999 0.280135
14.0021 0.280243
14.0053 0.280338
14.0084 0.280421
14.0116 0.280368
14.0148 0.280322
14.0179 0.280282
14.0211 0.280372
14.0242 0.28045
14.0274 0.280519
14.0305 0.280454
14.0337 0.280397
14.0368 0.280348
14.04 0.280304
14.0431 0.280391
14.0463 0.280467
14.0494 0.280534
14.0526 0.280467
14.0557 0.280659
14.0589 0.280826
14.062 0.281098
14.0652 0.281211
14.0683 0.281309
14.0715 0.281396
14.0746 0.281471
14.0778 0.281537
14.0809 0.281595
14.0841 0.281521
14.0872 0.281456
14.0904 0.281399
14.0936 0.281224
14.0967 0.281071
14.0999 0.280937
14.103 0.280945
14.1062 0.280952
14.1093 0.280958
14.1125 0.280963
14.1156 0.281343
14.1188 0.28155
14.1219 0.281731
14.1251 0.282015
14.1282 0.282263
14.1314 0.282105
14.1345 0.281967
14.1377 0.281721
14.1408 0.281506
14.144 0.281318
14.1471 0.281653
14.1503 0.281946
14.1534 0.282203
14.1566 0.282428
14.1597 0.282499
14.1629 0.282562
14.166 0.282742
14.1692 0.282899
14.1724 0.283037
14.1755 0.283157
14.1787 0.283262
14.1818 0.28323
14.185 0.283201
14.1881 0.283301
14.1913 0.283388
14.1944 0.283465
14.1976 0.283532
14.2007 0.283465
14.2039 0.283407
14.207 0.283481
14.2102 0.283921
14.2133 0.284306
14.2165 0.284643
14.2196 0.284937
14.2228 0.285195
14.2259 0.285296
14.2291 0.285509
14.2322 0.285695
14.2354 0.285858
14.2385 0.286001
14.2417 0.285626
14.2448 0.285673
14.248 0.285714
14.2512 0.285874
14.2543 0.286015
14.2575 0.286138
14.2606 0.286246
14.2638 0.28634
14.2669 0.286298
14.2701 0.286385
14.2732 0.286462
14.2764 0.286529
14.2795 0.286588
14.2827 0.28664
14.2858 0.286685
14.289 0.286599
14.2921 0.286649
14.2953 0.286693
14.2984 0.286731
14.3016 0.286765
14.3047 0.286794
14.3079 0.286695
14.311 0.286733
14.3142 0.286767
14.3173 0.287171
14.3205 0.287524
14.3236 0.287834
14.3268 0.288105
14.33 0.288342
14.3331 0.288549
14.3363 0.28873
14.3394 0.288889
14.3426 0.289028
14.3457 0.289149
14.3489 0.289256
14.352 0.289349
14.3552 0.28943
14.3583 0.289501
14.3615 0.289564
14.3646 0.289618
14.3678 0.289666
14.3709 0.289708
14.3741 0.289744
14.3772 0.289776
14.3804 0.289804
14.3835 0.289829
14.3867 0.28985
14.3898 0.289869
14.393 0.28976
14.3961 0.290165
14.3993 0.29052
14.4024 0.29083
14.4056 0.291101
14.4088 0.291338
14.4119 0.291546
14.4151 0.291853
14.4182 0.291996
14.4214 0.292122
14.4245 0.292231
14.4277 0.292328
14.4308 0.292412
14.434 0.292485
14.4371 0.292674
14.4403 0.292715
14.4434 0.292751
14.4466 0.292782
14.4497 0.292809
14.4529 0.292833
14.456 0.292979
14.4592 0.292982
14.4623 0.292984
14.4655 0.292986
14.4686 0.292988
14.4718 0.292989
14.4749 0.293366
14.4781 0.29382
14.4812 0.294217
14.4844 0.29444
14.4876 0.294635
14.4907 0.294806
14.4939 0.294955
14.497 0.295211
14.5002 0.295434
14.5033 0.295505
14.5065 0.295567
14.5096 0.295621
14.5128 0.295668
14.5159 0.29571
14.5191 0.295871
14.5222 0.296012
14.5254 0.296011
14.5285 0.296009
14.5317 0.296008
14.5348 0.296007
14.538 0.296006
14.5411 0.29613
14.5443 0.296239
14.5474 0.296209
14.5506 0.296183
14.5537 0.29616
14.5569 0.29614
14.56 0.296248
14.5632 0.296342
14.5664 0.296799
14.5695 0.297074
14.5727 0.297315
14.5758 0.297526
14.579 0.29771
14.5821 0.297996
14.5853 0.298247
14.5884 0.298466
14.5916 0.298533
14.5947 0.298591
14.5979 0.298642
14.601 0.298812
14.6042 0.29896
14.6073 0.29909
14.6105 0.299079
14.6136 0.299069
14.6168 0.29906
14.6199 0.299053
14.6231 0.299171
14.6262 0.299275
14.6294 0.299366
14.6325 0.29932
14.6357 0.29928
14.6388 0.299245
14.642 0.299214
14.6452 0.299312
14.6483 0.299398
14.6515 0.299349
14.6546 0.299305
14.6578 0.299642
14.6609 0.299937
14.6641 0.30032
14.6672 0.300655
14.6704 0.300948
14.6735 0.301204
14.6767 0.301304
14.6798 0.301391
14.683 0.301467
14.6861 0.301659
14.6893 0.301826
14.6924 0.301973
14.6956 0.302101
14.6987 0.302089
14.7019 0.302078
14.705 0.302193
14.7082 0.302294
14.7113 0.302382
14.7145 0.302459
14.7176 0.302402
14.7208 0.302352
14.724 0.302308
14.7271 0.302394
14.7303 0.30247
14.7334 0.302536
14.7366 0.302594
14.7397 0.30252
14.7429 0.302455
14.746 0.302523
14.7492 0.302583
14.7523 0.302635
14.7555 0.30268
14.7586 0.302595
14.7618 0.302521
14.7649 0.302831
14.7681 0.303227
14.7712 0.303574
14.7744 0.303877
14.7775 0.304142
14.7807 0.304375
14.7838 0.304453
14.787 0.304521
14.7901 0.304706
14.7933 0.304868
14.7964 0.305009
14.7996 0.305133
14.8028 0.305116
14.8059 0.305102
14.8091 0.305214
14.8122 0.305312
14.8154 0.305398
14.8185 0.305474
14.8217 0.305539
14.8248 0.305472
14.828 0.305413
14.8311 0.305486
14.8343 0.305551
14.8374 0.305607
14.8406 0.305656
14.8437 0.305699
14.8469 0.305612
14.85 0.30566
14.8532 0.305703
14.8563 0.30574
14.8595 0.305772
14.8626 0.305801
14.8658 0.305701
14.8689 0.305613
14.8721 0.305661
14.8752 0.306079
14.8784 0.306444
14.8816 0.306763
14.8847 0.307043
14.8879 0.307288
14.891 0.307502
14.8942 0.307689
14.8973 0.307853
14.9005 0.307996
14.9036 0.308122
14.9068 0.308231
14.9099 0.308203
14.9131 0.308302
14.9162 0.308389
14.9194 0.308466
14.9225 0.308533
14.9257 0.308591
14.9288 0.308642
14.932 0.308562
14.9351 0.308617
14.9383 0.308665
14.9414 0.308706
14.9446 0.308743
14.9477 0.308775
14.9509 0.308803
14.954 0.308828
14.9572 0.308849
14.9604 0.308868
14.9635 0.308885
14.9667 0.308899
14.9698 0.308912
14.973 0.308798
14.9761 0.308823
14.9793 0.308845
14.9824 0.308865
14.9856 0.308881
14.9887 0.308896
14.9919 0.308909
14.995 0.308921
14.9982 0.308931
15.0013 0.308939
15.0045 0.309322
15.0076 0.309657
15.0108 0.309949
15.0139 0.310206
15.0171 0.31043
15.0202 0.310626
15.0234 0.310798
15.0265 0.310948
15.0297 0.31108
15.0328 0.311195
15.036 0.311295
15.0392 0.311383
15.0423 0.311461
15.0455 0.311528
15.0486 0.311587
15.0518 0.311639
15.0549 0.311684
15.0581 0.311723
15.0612 0.311758
15.0644 0.311788
15.0675 0.311815
15.0707 0.311838
15.0738 0.311858
15.077 0.311876
15.0801 0.311891
15.0833 0.311905
15.0864 0.311917
15.0896 0.311927
15.0927 0.311936
15.0959 0.311944
15.099 0.312076
15.1022 0.312067
15.1053 0.312058
15.1085 0.312051
15.1116 0.312045
15.1148 0.312039
15.118 0.312034
15.1211 0.31203
15.1243 0.312026
15.1274 0.312023
15.1306 0.31202
15.1337 0.312393
15.1369 0.312718
15.14 0.313129
15.1432 0.313488
15.1463 0.313677
15.1495 0.313842
15.1526 0.313987
15.1558 0.314113
15.1589 0.314224
15.1621 0.314446
15.1652 0.314515
15.1684 0.314576
15.1715 0.314629
15.1747 0.314675
15.1778 0.314716
15.181 0.314751
15.1841 0.314908
15.1873 0.314919
15.1904 0.314929
15.1936 0.314938
15.1968 0.314946
15.1999 0.314953
15.2031 0.315084
15.2062 0.315073
15.2094 0.315064
15.2125 0.315056
15.2157 0.315049
15.2188 0.315043
15.222 0.315037
15.2251 0.315158
15.2283 0.315138
15.2314 0.315121
15.2346 0.315106
15.2377 0.315092
15.2409 0.315081
15.244 0.315196
15.2472 0.315296
15.2503 0.315259
15.2535 0.315227
15.2566 0.315199
15.2598 0.315174
15.2629 0.315152
15.2661 0.315258
15.2692 0.315226
15.2724 0.315198
15.2756 0.315173
15.2787 0.315151
15.2819 0.315132
15.285 0.315241
15.2882 0.315336
15.2913 0.315294
15.2945 0.315257
15.2976 0.3156
15.3008 0.3159
15.3039 0.316162
15.3071 0.316517
15.3102 0.316827
15.3134 0.316974
15.3165 0.317102
15.3197 0.317214
15.3228 0.317313
15.326 0.317399
15.3291 0.317599
15.3323 0.317774
15.3354 0.317802
15.3386 0.317827
15.3417 0.317849
15.3449 0.317867
15.348 0.318009
15.3512 0.318133
15.3544 0.318241
15.3575 0.318211
15.3607 0.318185
15.3638 0.318162
15.367 0.318141
15.3701 0.318249
15.3733 0.318343
15.3764 0.3183
15.3796 0.318262
15.3827 0.31823
15.3859 0.318201
15.389 0.318301
15.3922 0.318388
15.3953 0.318465
15.3985 0.318407
15.4016 0.318356
15.4048 0.318311
15.4079 0.318272
15.4111 0.318363
15.4142 0.318443
15.4174 0.318388
15.4205 0.318339
15.4237 0.318297
15.4268 0.31826
15.43 0.318227
15.4332 0.318324
15.4363 0.318408
15.4395 0.318357
15.4426 0.318313
15.4458 0.318274
15.4489 0.318239
15.4521 0.318334
15.4552 0.318418
15.4584 0.318365
15.4615 0.31832
15.4647 0.318655
15.4678 0.318948
15.471 0.319204
15.4741 0.319554
15.4773 0.31986
15.4804 0.320127
15.4836 0.320236
15.4867 0.320332
15.4899 0.320415
15.493 0.320613
15.4962 0.320787
15.4993 0.320938
15.5025 0.321071
15.5056 0.321062
15.5088 0.321054
15.512 0.321048
15.5151 0.321167
15.5183 0.321271
15.5214 0.321362
15.5246 0.321317
15.5277 0.321277
15.5309 0.321242
15.534 0.321337
15.5372 0.32142
15.5403 0.321493
15.5435 0.321556
15.5466 0.321486
15.5498 0.321426
15.5529 0.321372
15.5561 0.321451
15.5592 0.32152
15.5624 0.32158
15.5655 0.321507
15.5687 0.321444
15.5718 0.321388
15.575 0.32134
15.5781 0.321422
15.5813 0.321494
15.5844 0.321558
15.5876 0.321488
15.5908 0.321427
15.5939 0.321374
15.5971 0.321452
15.6002 0.32152
15.6034 0.32158
15.6065 0.321508
15.6097 0.321444
15.6128 0.321389
15.616 0.32134
15.6191 0.321423
15.6223 0.321495
15.6254 0.321558
15.6286 0.321488
15.6317 0.321427
15.6349 0.321374
15.638 0.321452
15.6412 0.321521
15.6443 0.32158
15.6475 0.321633
15.6506 0.321554
15.6538 0.321485
15.6569 0.321424
15.6601 0.321496
15.6632 0.321559
15.6664 0.321614
15.6696 0.321537
15.6727 0.32147
15.6759 0.321411
15.679 0.321485
15.6822 0.321549
15.6853 0.321981
15.6885 0.322358
15.6916 0.322688
15.6948 0.322852
15.6979 0.322996
15.7011 0.323246
15.7042 0.323466
15.7074 0.323657
15.7105 0.323825
15.7137 0.323847
15.7168 0.323866
15.72 0.323883
15.7231 0.324023
15.7263 0.324145
15.7294 0.324252
15.7326 0.324345
15.7357 0.324302
15.7389 0.324264
15.742 0.324356
15.7452 0.324437
15.7484 0.324507
15.7515 0.324569
15.7547 0.324623
15.7578 0.324545
15.761 0.324477
15.7641 0.324542
15.7673 0.324599
15.7704 0.324649
15.7736 0.324693
15.7767 0.324607
15.7799 0.324531
15.783 0.324589
15.7862 0.324641
15.7893 0.324686
15.7925 0.324725
15.7956 0.324759
15.7988 0.324664
15.8019 0.324581
15.8051 0.324634
15.8082 0.324679
15.8114 0.32472
15.8145 0.324755
15.8177 0.32466
15.8208 0.324578
15.824 0.324506
15.8272 0.324567
15.8303 0.324621
15.8335 0.324669
15.8366 0.32471
15.8398 0.324621
15.8429 0.324544
15.8461 0.324601
15.8492 0.324651
15.8524 0.324694
15.8555 0.324733
15.8587 0.324641
15.8618 0.324561
15.865 0.324491
15.8681 0.324554
15.8713 0.32461
15.8744 0.324659
15.8776 0.324701
15.8807 0.324614
15.8839 0.324537
15.887 0.324595
15.8902 0.324646
15.8933 0.32469
15.8965 0.324729
15.8996 0.324763
15.9028 0.324667
15.906 0.324584
15.9091 0.325011
15.9123 0.325384
15.9154 0.325711
15.9186 0.325998
15.9217 0.326248
15.9249 0.326342
15.928 0.326549
15.9312 0.32673
15.9343 0.326889
15.9375 0.327028
15.9406 0.32715
15.9438 0.327256
15.9469 0.327224
15.9501 0.327321
15.9532 0.327406
15.9564 0.32748
15.9595 0.327545
15.9627 0.327602
15.9658 0.327527
15.969 0.327461
15.9721 0.327528
15.9753 0.327587
15.9784 0.327639
15.9816 0.327684
15.9848 0.327723
15.9879 0.327633
15.9911 0.327679
15.9942 0.327719
15.9974 0.327754
16.0005 0.327785
16.0037 0.327812
16.0068 0.32771
16.01 0.327622
16.0131 0.327669
16.0163 0.32771
16.0194 0.327746
16.0226 0.327778
16.0257 0.327806
16.0289 0.327705
16.032 0.327742
16.0352 0.327774
16.0383 0.327802
16.0415 0.327827
16.0446 0.327849
16.0478 0.327868
16.0509 0.327759
16.0541 0.327789
16.0572 0.327816
16.0604 0.327839
16.0636 0.327859
16.0667 0.327876
16.0699 0.327767
16.073 0.327796
16.0762 0.327822
16.0793 0.327844
16.0825 0.327863
16.0856 0.32788
16.0888 0.327895
16.0919 0.327783
16.0951 0.327811
16.0982 0.327834
16.1014 0.327855
16.1045 0.327873
16.1077 0.327889
16.1108 0.327778
16.114 0.327681
16.1171 0.327721
16.1203 0.327755
16.1234 0.327786
16.1266 0.327813
16.1297 0.327836
16.1329 0.327732
16.136 0.327765
16.1392 0.327795
16.1424 0.32782
16.1455 0.327843
16.1487 0.327862
16.1518 0.32788
16.155 0.32777
16.1581 0.327798
16.1613 0.327824
16.1644 0.327846
16.1676 0.327865
16.1707 0.327882
16.1739 0.327772
16.177 0.3278
16.1802 0.327825
16.1833 0.327847
16.1865 0.327866
16.1896 0.327883
16.1928 0.327897
16.1959 0.327785
16.1991 0.327812
16.2022 0.327836
16.2054 0.327856
16.2085 0.327874
16.2117 0.32789
16.2148 0.327779
16.218 0.327681
16.2212 0.327721
16.2243 0.327756
16.2275 0.327787
16.2306 0.327813
16.2338 0.327837
16.2369 0.327732
16.2401 0.327765
16.2432 0.32817
16.2464 0.328524
16.2495 0.328833
16.2527 0.329104
16.2558 0.329341
16.259 0.329423
16.2621 0.32962
16.2653 0.329793
16.2684 0.329944
16.2716 0.330076
16.2747 0.330191
16.2779 0.330292
16.281 0.330381
16.2842 0.330458
16.2873 0.330526
16.2905 0.330585
16.2936 0.330637
16.2968 0.330682
16.3 0.330722
16.3031 0.330757
16.3063 0.330787
16.3094 0.330814
16.3126 0.330837
16.3157 0.330857
16.3189 0.330875
16.322 0.330891
16.3252 0.330905
16.3283 0.330916
16.3315 0.330927
16.3346 0.330936
16.3378 0.330944
16.3409 0.330951
16.3441 0.330957
16.3472 0.330963
16.3504 0.330967
16.3535 0.330971
16.3567 0.330975
16.3598 0.330978
16.363 0.330856
16.3661 0.330874
16.3693 0.33089
16.3724 0.330903
16.3756 0.330915
16.3787 0.330926
16.3819 0.330935
16.3851 0.330943
16.3882 0.33095
16.3914 0.330957
16.3945 0.330962
16.3977 0.330967
16.4008 0.330971
16.404 0.33085
16.4071 0.330868
16.4103 0.330885
16.4134 0.330899
16.4166 0.330912
16.4197 0.330923
16.4229 0.330932
16.426 0.330941
16.4292 0.330948
16.4323 0.330955
16.4355 0.33096
16.4386 0.330965
16.4418 0.33097
16.4449 0.330973
16.4481 0.330977
16.4512 0.33098
16.4544 0.330982
16.4575 0.330984
16.4607 0.330986
16.4639 0.330988
16.467 0.33099
16.4702 0.330991
16.4733 0.330992
16.4765 0.330993
16.4796 0.330994
16.4828 0.330995
16.4859 0.330995
16.4891 0.330996
16.4922 0.330996
16.4954 0.330997
16.4985 0.330997
16.5017 0.330998
16.5048 0.330998
16.508 0.330873
16.5111 0.330889
16.5143 0.330903
16.5174 0.330915
16.5206 0.330926
16.5237 0.330935
16.5269 0.330943
16.53 0.33095
16.5332 0.330956
16.5363 0.330962
16.5395 0.330967
16.5427 0.330971
16.5458 0.330974
16.549 0.330978
16.5521 0.33098
16.5553 0.330983
16.5584 0.330985
16.5616 0.330987
16.5647 0.330989
16.5679 0.33099
16.571 0.330991
16.5742 0.330992
16.5773 0.330993
16.5805 0.331369
16.5836 0.331698
16.5868 0.331986
16.5899 0.332238
16.5931 0.332583
16.5962 0.33276
16.5994 0.332915
16.6025 0.333051
16.6057 0.333169
16.6088 0.333273
16.612 0.333364
16.6151 0.333443
16.6183 0.333513
16.6215 0.333574
16.6246 0.333627
16.6278 0.333674
16.6309 0.333715
16.6341 0.333875
16.6372 0.333891
16.6404 0.333904
16.6435 0.333916
16.6467 0.333927
16.6498 0.333936
16.653 0.333944
16.6561 0.333951
16.6593 0.333957
16.6624 0.333962
16.6656 0.333967
16.6687 0.333971
16.6719 0.333975
16.675 0.334103
16.6782 0.33409
16.6813 0.334079
16.6845 0.334069
16.6876 0.33406
16.6908 0.334053
16.6939 0.334046
16.6971 0.334165
16.7003 0.334145
16.7034 0.334127
16.7066 0.334111
16.7097 0.334097
16.7129 0.334085
16.716 0.334199
16.7192 0.334174
16.7223 0.334153
16.7255 0.334133
16.7286 0.334117
16.7318 0.334102
16.7349 0.334089
16.7381 0.334203
16.7412 0.334178
16.7444 0.334156
16.7475 0.334136
16.7507 0.334119
16.7538 0.334104
16.757 0.334091
16.7601 0.33408
16.7633 0.33407
16.7664 0.334061
16.7696 0.334053
16.7727 0.334047
16.7759 0.334041
16.7791 0.334161
16.7822 0.334141
16.7854 0.334123
16.7885 0.334108
16.7917 0.334094
16.7948 0.334082
16.798 0.334072
16.8011 0.334063
16.8043 0.334055
16.8074 0.334048
16.8106 0.334042
16.8137 0.334037
16.8169 0.334032
16.82 0.334153
16.8232 0.334134
16.8263 0.334117
16.8295 0.334103
16.8326 0.33409
16.8358 0.334079
16.8389 0.334069
16.8421 0.334185
16.8452 0.334162
16.8484 0.334142
16.8515 0.334124
16.8547 0.334109
16.8579 0.334095
16.861 0.334208
16.8642 0.334182
16.8673 0.334159
16.8705 0.334139
16.8736 0.334122
16.8768 0.334107
16.8799 0.334093
16.8831 0.334207
16.8862 0.334181
16.8894 0.334158
16.8925 0.334138
16.8957 0.334121
16.8988 0.334106
16.902 0.334093
16.9051 0.334081
16.9083 0.334071
16.9114 0.334062
16.9146 0.334054
16.9177 0.334048
16.9209 0.334042
16.924 0.334161
16.9272 0.334141
16.9303 0.334124
16.9335 0.334108
16.9367 0.334095
16.9398 0.334083
16.943 0.334072
16.9461 0.334188
16.9493 0.334165
16.9524 0.334144
16.9556 0.334126
16.9587 0.33411
16.9619 0.334097
16.965 0.33421
16.9682 0.334183
16.9713 0.33416
16.9745 0.33414
16.9776 0.334123
16.9808 0.334107
16.9839 0.334094
16.9871 0.334207
16.9902 0.334181
16.9934 0.334159
16.9965 0.334139
16.9997 0.334122
17.0028 0.334106
17.006 0.334093
17.0091 0.334081
17.0123 0.334071
17.0155 0.334062
17.0186 0.334055
17.0218 0.334048
17.0249 0.334042
17.0281 0.334162
17.0312 0.334141
17.0344 0.334124
17.0375 0.334108
17.0407 0.334095
17.0438 0.334083
17.047 0.334072
17.0501 0.334063
17.0533 0.334056
17.0564 0.334049
17.0596 0.334042
17.0627 0.334037
17.0659 0.334033
17.069 0.334153
17.0722 0.334134
17.0753 0.334117
17.0785 0.334103
17.0816 0.33409
17.0848 0.334079
17.0879 0.334069
17.0911 0.334185
17.0943 0.334162
17.0974 0.334142
17.1006 0.334124
17.1037 0.334109
17.1069 0.334095
17.11 0.334208
17.1132 0.334182
17.1163 0.334159
17.1195 0.334139
17.1226 0.334122
17.1258 0.334107
17.1289 0.334093
17.1321 0.334207
17.1352 0.334181
17.1384 0.334158
17.1415 0.334138
17.1447 0.334121
17.1478 0.334106
17.151 0.334093
17.1541 0.334081
17.1573 0.334071
17.1604 0.334062
17.1636 0.334054
17.1667 0.334048
17.1699 0.334042
17.1731 0.334161
17.1762 0.334141
17.1794 0.334124
17.1825 0.334108
17.1857 0.334095
17.1888 0.334083
17.192 0.334072
17.1951 0.334063
17.1983 0.334055
17.2014 0.334049
17.2046 0.334042
17.2077 0.334037
17.2109 0.334033
17.214 0.334153
17.2172 0.334134
17.2203 0.334117
17.2235 0.334103
17.2266 0.33409
17.2298 0.334079
17.2329 0.334069
17.2361 0.334185
17.2392 0.334162
17.2424 0.334142
17.2455 0.334124
17.2487 0.334109
17.2519 0.334095
17.255 0.334208
17.2582 0.334182
17.2613 0.334159
17.2645 0.334139
17.2676 0.334122
17.2708 0.334107
17.2739 0.334093
17.2771 0.334207
17.2802 0.334181
17.2834 0.334158
17.2865 0.334138
17.2897 0.334121
17.2928 0.334106
17.296 0.334093
17.2991 0.334081
17.3023 0.334071
17.3054 0.334062
17.3086 0.334054
17.3117 0.334048
17.3149 0.334042
17.318 0.334161
17.3212 0.334141
17.3243 0.334124
17.3275 0.334108
17.3307 0.334095
17.3338 0.334083
17.337 0.334072
17.3401 0.334188
17.3433 0.334165
17.3464 0.334144
17.3496 0.334126
17.3527 0.33411
17.3559 0.334097
17.359 0.33421
17.3622 0.334183
17.3653 0.33416
17.3685 0.33414
17.3716 0.334123
17.3748 0.334107
17.3779 0.334094
17.3811 0.334207
17.3842 0.334181
17.3874 0.334159
17.3905 0.334139
17.3937 0.334122
17.3968 0.334106
17.4 0.334093
17.4031 0.334081
17.4063 0.334071
17.4095 0.334062
17.4126 0.334055
17.4158 0.334048
17.4189 0.334417
17.4221 0.334865
17.4252 0.335257
17.4284 0.335475
17.4315 0.335665
17.4347 0.335832
17.4378 0.335978
17.441 0.336106
17.4441 0.336343
17.4473 0.336425
17.4504 0.336497
17.4536 0.33656
17.4567 0.336615
17.4599 0.336663
17.463 0.33683
17.4662 0.336976
17.4693 0.336979
17.4725 0.336982
17.4756 0.336984
17.4788 0.336986
17.4819 0.336988
17.4851 0.337114
17.4883 0.337225
17.4914 0.337197
17.4946 0.337172
17.4977 0.337151
17.5009 0.337132
17.504 0.33724
17.5072 0.337335
17.5103 0.337293
17.5135 0.337257
17.5166 0.337225
17.5198 0.337197
17.5229 0.337172
17.5261 0.337276
17.5292 0.337366
17.5324 0.33732
17.5355 0.33728
17.5387 0.337245
17.5418 0.337215
17.545 0.337188
17.5481 0.337289
17.5513 0.337253
17.5544 0.337221
17.5576 0.337194
17.5607 0.33717
17.5639 0.337148
17.5671 0.337255
17.5702 0.337348
17.5734 0.337304
17.5765 0.337266
17.5797 0.337233
17.5828 0.337204
17.586 0.337178
17.5891 0.337281
17.5923 0.337246
17.5954 0.337215
17.5986 0.337188
17.6017 0.337165
17.6049 0.337144
17.608 0.337251
17.6112 0.337345
17.6143 0.337302
17.6175 0.337264
17.6206 0.337231
17.6238 0.337202
17.6269 0.337177
17.6301 0.33728
17.6332 0.33737
17.6364 0.337324
17.6395 0.337283
17.6427 0.337248
17.6459 0.337217
17.649 0.337315
17.6522 0.3374
17.6553 0.33735
17.6585 0.337306
17.6616 0.337268
17.6648 0.337235
17.6679 0.337205
17.6711 0.337305
17.6742 0.337392
17.6774 0.337343
17.6805 0.3373
17.6837 0.337262
17.6868 0.33723
17.69 0.337201
17.6931 0.337301
17.6963 0.337263
17.6994 0.33723
17.7026 0.337201
17.7057 0.337176
17.7089 0.337154
17.712 0.33726
17.7152 0.337352
17.7183 0.337308
17.7215 0.33727
17.7247 0.337236
17.7278 0.337207
17.731 0.337181
17.7341 0.337283
17.7373 0.337373
17.7404 0.337326
17.7436 0.337285
17.7467 0.33725
17.7499 0.337219
17.753 0.337316
17.7562 0.337402
17.7593 0.337351
17.7625 0.337308
17.7656 0.337269
17.7688 0.337235
17.7719 0.337206
17.7751 0.337305
17.7782 0.337392
17.7814 0.337343
17.7845 0.3373
17.7877 0.337263
17.7908 0.33723
17.794 0.337201
17.7971 0.337301
17.8003 0.337263
17.8035 0.33723
17.8066 0.337202
17.8098 0.337176
17.8129 0.337154
17.8161 0.33726
17.8192 0.337353
17.8224 0.337308
17.8255 0.33727
17.8287 0.337236
17.8318 0.337207
17.835 0.337181
17.8381 0.337283
17.8413 0.337248
17.8444 0.337217
17.8476 0.33719
17.8507 0.337166
17.8539 0.337145
17.857 0.337252
17.8602 0.337346
17.8633 0.337302
17.8665 0.337265
17.8696 0.337232
17.8728 0.337203
17.8759 0.337177
17.8791 0.33728
17.8823 0.33737
17.8854 0.337324
17.8886 0.337283
17.8917 0.337248
17.8949 0.337217
17.898 0.337315
17.9012 0.3374
17.9043 0.33735
17.9075 0.337307
17.9106 0.337268
17.9138 0.337235
17.9169 0.337205
17.9201 0.337305
17.9232 0.337392
17.9264 0.337343
17.9295 0.3373
17.9327 0.337262
17.9358 0.33723
17.939 0.337201
17.9421 0.337301
17.9453 0.337263
17.9484 0.33723
17.9516 0.337201
17.9547 0.337176
17.9579 0.337154
17.9611 0.33726
17.9642 0.337352
17.9674 0.337308
17.9705 0.33727
17.9737 0.337236
17.9768 0.337207
17.98 0.337181
17.9831 0.337283
17.9863 0.337248
17.9894 0.337217
17.9926 0.33719
17.9957 0.337166
17.9989 0.337145
18.002 0.337252
18.0052 0.337346
18.0083 0.337302
18.0115 0.337265
18.0146 0.337232
18.0178 0.337203
18.0209 0.337177
18.0241 0.33728
18.0272 0.33737
18.0304 0.337324
18.0335 0.337283
18.0367 0.337248
18.0399 0.337217
18.043 0.337315
18.0462 0.3374
18.0493 0.33735
18.0525 0.337307
18.0556 0.337268
18.0588 0.337235
18.0619 0.337205
18.0651 0.337305
18.0682 0.337392
18.0714 0.337343
18.0745 0.3373
18.0777 0.337262
18.0808 0.33723
18.084 0.337201
18.0871 0.337301
18.0903 0.337263
18.0934 0.33723
18.0966 0.337201
18.0997 0.337176
18.1029 0.337154
18.106 0.33726
18.1092 0.337352
18.1123 0.337308
18.1155 0.33727
18.1187 0.337236
18.1218 0.337207
18.125 0.337181
18.1281 0.337283
18.1313 0.337373
18.1344 0.337326
18.1376 0.337285
18.1407 0.33725
18.1439 0.337219
18.147 0.337316
18.1502 0.337402
18.1533 0.337351
18.1565 0.337308
18.1596 0.337269
18.1628 0.337235
18.1659 0.337206
18.1691 0.337305
18.1722 0.337392
18.1754 0.337343
18.1785 0.3373
18.1817 0.337263
18.1848 0.33723
18.188 0.337201
18.1911 0.337301
18.1943 0.337263
18.1975 0.33723
18.2006 0.337202
18.2038 0.337176
18.2069 0.337154
18.2101 0.33726
18.2132 0.337353
18.2164 0.337308
18.2195 0.33727
18.2227 0.337236
18.2258 0.337207
18.229 0.337181
18.2321 0.337283
18.2353 0.337248
18.2384 0.337217
18.2416 0.33719
18.2447 0.337166
18.2479 0.337145
18.251 0.337252
18.2542 0.337346
18.2573 0.337302
18.2605 0.337265
18.2636 0.337232
18.6088 0.329078
18.6119 0.321943
18.6151 0.315825
18.6182 0.310472
18.6214 0.305788
18.6245 0.301689
18.6277 0.297978
18.6309 0.294731
18.634 0.292015
18.6372 0.289638
18.6403 0.287558
18.6435 0.285738
18.6466 0.284021
18.6498 0.282518
18.6529 0.281204
18.6561 0.280178
18.6592 0.279281
18.6624 0.278496
18.6655 0.277809
18.6687 0.277083
18.6718 0.276447
18.675 0.275891
18.6781 0.27553
18.6813 0.275214
18.6844 0.274937
18.6876 0.274695
18.6907 0.274358
18.6939 0.274063
18.697 0.27393
18.7002 0.273814
18.7033 0.273712
18.7065 0.273623
18.7097 0.27342
18.7128 0.273243
18.716 0.273087
18.7191 0.273077
18.7223 0.273067
18.7254 0.273059
18.7286 0.273051
18.7317 0.27292
18.7349 0.272805
18.738 0.272829
18.7412 0.272851
18.7443 0.272869
18.7475 0.272886
18.7506 0.272775
18.7538 0.272678
18.7569 0.272593
18.7601 0.272644
18.7632 0.272689
18.7664 0.272728
18.7695 0.272762
18.7727 0.272666
18.7758 0.272583
18.779 0.27251
18.7821 0.272571
18.7853 0.272625
18.7885 0.272672
18.7916 0.272713
18.7948 0.272624
18.7979 0.272546
18.8011 0.272603
18.8042 0.272652
18.8074 0.272696
18.8105 0.272734
18.8137 0.272642
18.8168 0.272562
18.82 0.272492
18.8231 0.272555
18.8263 0.272611
18.8294 0.272659
18.8326 0.272702
18.8357 0.272614
18.8389 0.272537
18.842 0.272595
18.8452 0.272646
18.8483 0.27269
18.8515 0.272729
18.8546 0.272638
18.8578 0.272558
18.8609 0.272488
18.8641 0.272552
18.8673 0.272608
18.8704 0.272657
18.8736 0.2727
18.8767 0.272613
18.8799 0.272411
18.883 0.272735
18.8862 0.273018
18.8893 0.273141
18.8925 0.273248
18.8956 0.273342
18.8988 0.273424
18.9019 0.273496
18.9051 0.273684
18.9082 0.273724
18.9114 0.273758
18.9145 0.273788
18.9177 0.273815
18.9208 0.273838
18.924 0.273858
18.9271 0.274001
18.9303 0.274001
18.9334 0.274001
18.9366 0.274001
18.9397 0.274001
18.9429 0.274
18.9461 0.274125
18.9492 0.274235
18.9524 0.274205
18.9555 0.27418
18.9587 0.274157
18.9618 0.274138
18.965 0.27412
18.9681 0.27423
18.9713 0.274202
18.9744 0.274176
18.9776 0.274154
18.9807 0.274135
18.9839 0.274118
18.987 0.274228
18.9902 0.274325
18.9933 0.274284
18.9965 0.274249
18.9996 0.274218
19.0028 0.27419
19.0059 0.274167
19.0091 0.274271
19.0122 0.274237
19.0154 0.274207
19.0185 0.274181
19.0217 0.274159
19.0249 0.274139
19.028 0.274247
19.0312 0.274341
19.0343 0.274298
19.0375 0.274261
19.0406 0.274228
19.0438 0.2742
19.0469 0.274175
19.0501 0.274278
19.0532 0.274368
19.0564 0.274322
19.0595 0.274282
19.0627 0.274247
19.0658 0.274216
19.069 0.274189
19.0721 0.27429
19.0753 0.274254
19.0784 0.274222
19.0816 0.274194
19.0847 0.27417
19.0879 0.274149
19.091 0.274255
19.0942 0.274348
19.0973 0.274305
19.1005 0.274267
19.1037 0.274233
19.1068 0.274204
19.11 0.274179
19.1131 0.274281
19.1163 0.274246
19.1194 0.274215
19.1226 0.274188
19.1257 0.274165
19.1289 0.274144
19.132 0.274251
19.1352 0.274345
19.1383 0.274302
19.1415 0.274264
19.1446 0.274231
19.1478 0.274202
19.1509 0.274177
19.1541 0.27428
19.1572 0.274245
19.1604 0.274214
19.1635 0.274187
19.1667 0.274164
19.1698 0.274143
19.173 0.274126
19.1761 0.274235
19.1793 0.274206
19.1825 0.27418
19.1856 0.274157
19.1888 0.274138
19.1919 0.27412
19.1951 0.27423
19.1982 0.274327
19.2014 0.274286
19.2045 0.27425
19.2077 0.274219
19.2108 0.274191
19.214 0.274168
19.2171 0.274272
19.2203 0.274238
19.2234 0.274208
19.2266 0.274182
19.2297 0.274159
19.2329 0.274139
19.236 0.274247
19.2392 0.274341
19.2423 0.274298
19.2455 0.274261
19.2486 0.274228
19.2518 0.2742
19.2549 0.274175
19.2581 0.274278
19.2613 0.274243
19.2644 0.274213
19.2676 0.274186
19.2707 0.274163
19.2739 0.274143
19.277 0.27425
19.2802 0.274344
19.2833 0.274301
19.2865 0.274263
19.2896 0.27423
19.2928 0.274201
19.2959 0.274176
19.2991 0.274279
19.3022 0.274244
19.3054 0.274214
19.3085 0.274187
19.3117 0.274164
19.3148 0.274143
19.318 0.274125
19.3211 0.274235
19.3243 0.274205
19.3274 0.27418
19.3306 0.274157
19.3337 0.274138
19.3369 0.27412
19.3401 0.27423
19.3432 0.274327
19.3464 0.274286
19.3495 0.27425
19.3527 0.274219
19.3558 0.274191
19.359 0.274167
19.3621 0.274272
19.3653 0.274238
19.3684 0.274208
19.3716 0.274182
19.3747 0.274159
19.3779 0.274139
19.381 0.274247
19.3842 0.274341
19.3873 0.274298
19.3905 0.274261
19.3936 0.274228
19.3968 0.2742
19.3999 0.274175
19.4031 0.274278
19.4062 0.274243
19.4094 0.274213
19.4125 0.274186
19.4157 0.274163
19.4189 0.274143
19.422 0.27425
19.4252 0.274344
19.4283 0.274301
19.4315 0.274263
19.4346 0.27423
19.4378 0.274201
19.4409 0.274176
19.4441 0.274279
19.4472 0.274369
19.4504 0.274323
19.4535 0.274283
19.4567 0.274247
19.4598 0.274216
19.463 0.274189
19.4661 0.274291
19.4693 0.274254
19.4724 0.274223
19.4756 0.274195
19.4787 0.27417
19.4819 0.274149
19.485 0.274255
19.4882 0.274349
19.4913 0.274305
19.4945 0.274267
19.4977 0.274233
19.5008 0.274204
19.504 0.274179
19.5071 0.274281
19.5103 0.274246
19.5134 0.274215
19.5166 0.274189
19.5197 0.274165
19.5229 0.274144
19.526 0.274251
19.5292 0.274345
19.5323 0.274302
19.5355 0.274264
19.5386 0.274231
19.5418 0.274202
19.5449 0.274177
19.5481 0.27428
19.5512 0.274245
19.5544 0.274214
19.5575 0.274187
19.5607 0.274164
19.5638 0.274144
19.567 0.274126
19.5701 0.274235
19.5733 0.274706
19.5765 0.274992
19.5796 0.275243
19.5828 0.275463
19.5859 0.275655
19.5891 0.275948
19.5922 0.276205
19.5954 0.276429
19.5985 0.2765
19.6017 0.276563
19.6048 0.276617
19.608 0.276665
19.6111 0.276832
19.6143 0.276978
19.6174 0.276981
19.6206 0.276983
19.6237 0.276985
19.6269 0.276987
19.63 0.277114
19.6332 0.277225
19.6363 0.277321
19.6395 0.277281
19.6426 0.277246
19.6458 0.277215
19.6489 0.277188
19.6521 0.27729
19.6553 0.277379
19.6584 0.277331
19.6616 0.27729
19.6647 0.277254
19.6679 0.277222
19.671 0.277319
19.6742 0.277404
19.6773 0.277479
19.6805 0.277419
19.6836 0.277367
19.6868 0.277321
19.6899 0.277281
19.6931 0.277371
19.6962 0.277449
19.6994 0.277393
19.7025 0.277344
19.7057 0.277301
19.7088 0.277263
19.712 0.27723
19.7151 0.277327
19.7183 0.277411
19.7214 0.277359
19.7246 0.277315
19.7277 0.277275
19.7309 0.277241
19.7341 0.277336
19.7372 0.277419
19.7404 0.277491
19.7435 0.27743
19.7467 0.277376
19.7498 0.277329
19.753 0.277288
19.7561 0.277377
19.7593 0.277455
19.7624 0.277398
19.7656 0.277348
19.7687 0.277305
19.7719 0.277267
19.775 0.277358
19.7782 0.277439
19.7813 0.277509
19.7845 0.277445
19.7876 0.277389
19.7908 0.277341
19.7939 0.277298
19.7971 0.277386
19.8002 0.277463
19.8034 0.277405
19.8065 0.277354
19.8097 0.27731
19.8129 0.277271
19.816 0.277362
19.8192 0.277442
19.8223 0.277512
19.8255 0.277448
19.8286 0.277392
19.8318 0.277343
19.8349 0.2773
19.8381 0.277387
19.8412 0.277464
19.8444 0.277531
19.8475 0.277465
19.8507 0.277407
19.8538 0.277356
19.857 0.277311
19.8601 0.277397
19.8633 0.277473
19.8664 0.277414
19.8696 0.277362
19.8727 0.277317
19.8759 0.277277
19.879 0.277367
19.8822 0.277447
19.8853 0.277516
19.8885 0.277451
19.8917 0.277395
19.8948 0.277345
19.898 0.277302
19.9011 0.27739
19.9043 0.277466
19.9074 0.277408
19.9106 0.277357
19.9137 0.277312
19.9169 0.277273
19.92 0.277364
19.9232 0.277443
19.9263 0.277513
19.9295 0.277449
19.9326 0.277393
19.9358 0.277344
19.9389 0.277301
19.9421 0.277388
19.9452 0.277465
19.9484 0.277407
19.9515 0.277356
19.9547 0.277311
19.9578 0.277272
19.961 0.277238
19.9641 0.277334
19.9673 0.277417
19.9705 0.277365
19.9736 0.277319
19.9768 0.277279
19.9799 0.277244
19.9831 0.277339
19.9862 0.277421
19.9894 0.277494
19.9925 0.277432
19.9957 0.277378
19.9988 0.277331
20.002 0.277289
20.0051 0.277378
20.0083 0.277456
20.0114 0.277399
20.0146 0.277349
20.0177 0.277305
20.0209 0.277267
20.024 0.277359
20.0272 0.277439
20.0303 0.277509
20.0335 0.277445
20.0366 0.27739
20.0398 0.277341
20.0429 0.277298
20.0461 0.277386
20.0493 0.277463
20.0524 0.277405
20.0556 0.277354
20.0587 0.27731
20.0619 0.277271
20.065 0.277362
20.0682 0.277442
20.0713 0.277512
20.0745 0.277448
20.0776 0.277392
20.0808 0.277343
20.0839 0.2773
20.0871 0.277388
20.0902 0.277464
20.0934 0.277406
20.0965 0.277355
20.0997 0.277311
