0.0 0
0.0905768 340
0.0905768 340
0.18279 680
0.276537 1020
0.370283 1360
0.462454 1700
0.465606 2040
0.5562 2380
0.559352 2720
0.562504 3060
0.649946 3400
0.653098 3740
0.65625 4080
0.659402 4420
0.742117 4760
0.745269 5100
0.748421 5440
0.751573 5780
0.754725 6120
0.757877 6460
0.834287 6800
0.837439 7140
0.840591 7480
0.843743 7820
0.846895 8160
0.850047 8500
0.853199 8840
0.856351 9180
0.859503 9520
0.926458 9860
0.92961 10200
0.932762 10540
0.935914 10880
0.939066 11220
0.942218 11560
0.94537 11900
0.948522 12240
0.951674 12580
0.954826 12920
0.957978 13260
0.96113 13600
0.964282 13940
0.967434 14280
1.0202 14620
1.02336 14960
1.02651 15300
1.02966 15640
1.03281 15980
1.03596 16320
1.03912 16660
1.04227 17000
1.04542 17340
1.04857 17680
1.05172 18020
1.05488 18360
1.05803 18700
1.06118 19040
1.06433 19380
1.06748 19720
1.07064 20060
1.07379 20400
1.07694 20740
1.08009 21080
1.08324 21420
1.11395 21760
1.1171 22100
1.12025 22440
1.12341 22780
1.12656 23120
1.12971 23460
1.13286 23800
1.13601 24140
1.13917 24480
1.14232 24820
1.14547 25160
1.14862 25500
1.15177 25840
1.15493 26180
1.15808 26520
1.16123 26860
1.16438 27200
1.16753 27540
1.17069 27880
1.17384 28220
1.17699 28560
1.18014 28900
1.18329 29240
1.18645 29580
1.1896 29920
1.19275 30260
1.1959 30600
1.19905 30940
1.20221 31280
1.20536 31620
1.20851 31960
1.21166 32300
1.21481 32640
1.21797 32980
1.22112 33320
1.22427 33660
1.22742 34000
1.23057 34340
1.23373 34680
1.23688 35020
1.24003 35360
1.24318 35700
1.24633 36040
1.24949 36380
1.25264 36720
1.25579 37060
1.25894 37400
1.26209 37740
1.26525 38080
1.2684 38420
1.27155 38760
1.2747 39100
1.27785 39440
1.28101 39780
1.28416 40120
1.28731 40460
1.29046 40800
1.29361 41140
1.29677 41480
1.29992 41820
1.30307 42160
1.30622 42500
1.30937 42840
1.31253 43180
1.31568 43520
1.31883 43860
1.32198 44200
1.32513 44540
1.32829 44880
1.33144 45220
1.33459 45560
1.33774 45900
1.34089 46240
1.34405 46580
1.3472 46920
1.35035 47260
1.3535 47600
1.35665 47940
1.35981 48280
1.36296 48620
1.36611 48960
1.36926 49300
1.37241 49640
1.37557 49980
1.37872 50320
1.38187 50660
1.38502 51000
1.38817 51340
1.39133 51680
1.39448 52020
1.39763 52360
1.40078 52700
1.40393 53040
1.40709 53380
1.41024 53720
1.41339 54060
1.41654 54400
1.41969 54740
1.42285 55080
1.426 55420
1.42915 55760
1.4323 56100
1.43545 56440
1.43861 56780
1.44176 57120
1.44491 57460
1.44806 57800
1.45121 58140
1.45437 58480
1.45752 58820
1.46067 59160
1.46382 59500
1.46697 59840
1.47013 60180
1.47328 60520
1.47643 60860
1.47958 61200
1.48273 61540
1.48589 61880
1.48904 62220
1.49219 62560
1.49534 62900
1.49849 63240
1.50165 63580
1.5048 63920
1.50795 64260
1.5111 64600
1.51425 64940
1.51741 65280
1.52056 65620
1.52371 65960
1.52686 66300
1.53001 66640
1.53317 66980
1.53632 67320
1.53947 67660
1.54262 68000
1.54577 68340
1.54893 68680
1.55208 69020
1.55523 69360
1.55838 69700
1.56153 70040
1.56469 70380
1.56784 70720
1.57099 71060
1.57414 71400
1.57729 71740
1.58045 72080
1.5836 72420
1.58675 72760
1.5899 73100
1.59305 73440
1.59621 73780
1.59936 74120
1.60251 74460
1.60566 74800
1.60881 75140
1.61197 75480
1.61512 75820
1.61827 76160
1.62142 76500
1.62457 76840
1.62773 77180
1.63088 77520
1.63403 77860
1.63718 78200
1.64033 78540
1.64349 78880
1.64664 79220
1.64979 79560
1.65294 79900
1.65609 80240
1.65925 80580
1.6624 80920
1.66555 81260
1.6687 81600
1.67185 81940
1.67501 82280
1.67816 82620
1.68131 82960
1.68446 83300
1.68761 83640
1.69077 83980
1.69392 84320
1.69707 84660
1.70022 85000
1.70337 85340
1.70653 85680
1.70968 86020
1.71283 86360
1.71598 86700
1.71913 87040
1.72229 87380
1.72544 87720
1.72859 88060
1.73174 88400
1.73489 88740
1.73805 89080
1.7412 89420
1.74435 89760
1.7475 90100
1.75065 90440
1.75381 90780
1.75696 91120
1.76011 91460
1.76326 91800
1.76641 92140
1.76957 92480
1.77272 92820
1.77587 93160
1.77902 93500
1.78217 93840
1.78533 94180
1.78848 94520
1.79163 94860
1.79478 95200
1.79793 95540
1.80109 95880
1.80424 96220
1.80739 96560
1.81054 96900
1.81369 97240
1.81685 97580
1.82 97920
1.82315 98260
1.8263 98600
1.82945 98940
1.83261 99280
1.83576 99620
1.83891 99960
1.84206 100300
1.84521 100640
1.84837 100980
1.85152 101320
1.85467 101660
1.85782 102000
1.86097 102340
1.86413 102680
1.86728 103020
1.87043 103360
1.87358 103700
1.87673 104040
1.87989 104380
1.88304 104720
1.88619 105060
1.88934 105400
1.89249 105740
1.89565 106080
1.8988 106420
1.90195 106760
1.9051 107100
1.90825 107440
1.91141 107780
1.91456 108120
1.91771 108460
1.92086 108800
1.92401 109140
1.92717 109480
1.93197 109480
1.93197 680
3.26927 340
3.28441 680
3.28441 850
3.3767 986
3.46899 1103
3.56127 1207
3.65356 1302
3.74584 1390
3.83813 1473
3.84286 1551
3.93357 1625
3.93829 1696
4.029 1764
4.03373 1829
4.12444 1892
4.12917 1953
4.2183 2012
4.22303 2069
4.31216 2124
4.31689 2178
4.40445 2231
4.40918 2282
4.49674 2332
4.50146 2381
4.58902 2429
4.59375 2476
4.59848 2522
4.68446 2567
4.68919 2612
4.69391 2656
4.7799 2699
4.78462 2741
4.78935 2783
4.87533 2824
4.88006 2864
4.88479 2904
4.9692 2943
4.97392 2982
4.97865 3020
5.06306 3058
5.06778 3095
5.07251 3132
5.15692 3168
5.16165 3204
5.16637 3240
5.2492 3275
5.25393 3310
5.25866 3344
5.34149 3378
5.34622 3412
5.35095 3445
5.43378 3478
5.4385 3511
5.44323 3543
5.44796 3575
5.52921 3607
5.53394 3639
5.53867 3670
5.5434 3701
5.62465 3732
5.62938 3762
5.63411 3792
5.63883 3822
5.72009 3852
5.72482 3882
5.72954 3911
5.73427 3940
5.81395 3969
5.81868 3998
5.82341 4026
5.82813 4054
5.90781 4082
5.91254 4110
5.91727 4138
5.922 4165
6.00167 4192
6.0064 4219
6.01113 4246
6.01586 4273
6.09396 4300
6.09869 4326
6.10341 4352
6.10814 4378
6.18624 4404
6.19097 4430
6.1957 4456
6.20043 4481
6.27853 4506
6.28326 4531
6.28799 4556
6.29271 4581
6.29744 4606
6.37397 4631
6.3787 4655
6.38342 4679
6.38815 4703
6.39284 4727
6.46933 4751
6.49766 4775
6.50081 4799
6.50396 4823
6.50711 4846
6.51027 4869
6.5615 4892
6.58983 4915
6.59298 4938
6.59613 4961
6.59928 4984
6.60244 5007
6.60559 5030
6.65524 5052
6.68357 5074
6.68673 5096
6.68988 5118
6.69303 5140
6.69618 5162
6.69933 5184
6.74899 5206
6.77732 5228
6.78047 5250
6.78362 5272
6.78678 5293
6.78993 5314
6.79308 5335
6.84116 5356
6.86949 5377
6.87264 5398
6.8758 5419
6.87895 5440
6.8821 5461
6.88525 5482
6.93333 5503
6.96166 5524
6.96481 5544
6.96797 5564
6.97112 5584
6.97427 5604
6.97742 5624
6.98057 5644
7.02708 5664
7.05541 5684
7.05856 5704
7.06171 5724
7.06486 5744
7.06802 5764
7.07117 5784
7.07432 5803
7.12082 5822
7.14915 5841
7.15231 5860
7.15546 5879
7.15861 5898
7.16176 5917
7.16491 5936
7.16807 5955
7.213 5974
7.24132 5993
7.24448 6012
7.24763 6031
7.25078 6050
7.25393 6069
7.25708 6088
7.26024 6106
7.30517 6124
7.3335 6142
7.33665 6160
7.3398 6178
7.34295 6196
7.3461 6214
7.34926 6232
7.35241 6250
7.39734 6268
7.40049 6286
7.42724 6304
7.43039 6322
7.43355 6340
7.4367 6358
7.43985 6376
7.443 6394
7.44615 6412
7.49108 6430
7.49423 6447
7.52099 6464
7.52414 6481
7.52729 6498
7.53044 6515
7.5336 6532
7.53675 6549
7.5399 6566
7.58483 6583
7.58798 6600
7.61473 6617
7.61789 6634
7.62104 6651
7.62419 6668
7.62734 6685
7.63049 6702
7.63365 6719
7.677 6736
7.68015 6753
7.7069 6770
7.71006 6787
7.71321 6804
7.71636 6820
7.71951 6836
7.72266 6852
7.72582 6868
7.76917 6884
7.77232 6900
7.79908 6916
7.80223 6932
7.80538 6948
7.80853 6964
7.81168 6980
7.81484 6996
7.81799 7012
7.82114 7028
7.86292 7044
7.86607 7060
7.89282 7076
7.89597 7092
7.89913 7108
7.90228 7124
7.90543 7140
7.90858 7156
7.91173 7172
7.91489 7188
7.95666 7204
7.95981 7220
7.98657 7236
7.98972 7251
7.99287 7266
7.99602 7281
7.99918 7296
8.00233 7311
8.00548 7326
8.00863 7341
8.04883 7356
8.05198 7371
8.07874 7386
8.08189 7401
8.08504 7416
8.08819 7431
8.09135 7446
8.0945 7461
8.09765 7476
8.1008 7491
8.141 7506
8.14416 7521
8.17091 7536
8.17406 7551
8.17721 7566
8.18036 7581
8.18352 7596
8.18667 7611
8.18982 7626
8.19297 7641
8.19612 7656
8.23475 7671
8.2379 7686
8.26466 7701
8.26781 7716
8.27096 7730
8.27411 7744
8.27726 7758
8.28041 7772
8.28357 7786
8.28672 7800
8.28987 7814
8.3285 7828
8.33165 7842
8.3584 7856
8.36155 7870
8.36471 7884
8.36786 7898
8.37101 7912
8.37416 7926
8.37731 7940
8.38047 7954
8.38362 7968
8.42224 7982
8.42539 7996
8.45057 8010
8.45372 8024
8.45688 8038
8.46003 8052
8.46318 8066
8.46633 8080
8.46948 8094
8.47264 8108
8.47579 8122
8.51441 8136
8.51756 8150
8.54274 8164
8.54589 8178
8.54905 8192
8.5522 8206
8.55535 8220
8.5585 8234
8.56165 8248
8.56481 8262
8.56796 8275
8.60658 8288
8.60974 8301
8.63491 8314
8.63806 8327
8.64122 8340
8.64437 8353
8.64752 8366
8.65067 8379
8.65382 8392
8.65698 8405
8.66013 8418
8.66328 8431
8.70033 8444
8.70348 8457
8.72866 8470
8.73181 8483
8.73496 8496
8.73811 8509
8.74127 8522
8.74442 8535
8.74757 8548
8.75072 8561
8.75387 8574
8.75703 8587
8.79408 8600
8.79723 8613
8.82241 8626
8.82556 8639
8.82871 8652
8.83186 8665
8.83501 8678
8.83817 8691
8.84132 8704
8.84447 8717
8.84762 8730
8.85077 8743
8.88625 8756
8.8894 8769
8.91458 8782
8.91773 8795
8.92088 8808
8.92403 8821
8.92718 8834
8.93034 8847
8.93349 8860
8.93664 8873
8.93979 8886
8.94294 8899
8.97842 8911
8.98157 8923
9.00675 8935
9.0099 8947
9.01305 8959
9.0162 8971
9.01935 8983
9.02251 8995
9.02566 9007
9.02881 9019
9.03196 9031
9.03511 9043
9.03827 9055
9.07216 9067
9.07532 9079
9.10049 9091
9.10364 9103
9.1068 9115
9.10995 9127
9.1131 9139
9.11625 9151
9.1194 9163
9.12256 9175
9.12571 9187
9.12886 9199
9.13201 9211
9.16591 9223
9.16906 9235
9.19424 9247
9.19739 9259
9.20054 9271
9.20369 9283
9.20685 9295
9.21 9307
9.21315 9319
9.2163 9331
9.21945 9343
9.22261 9355
9.22576 9367
9.25808 9379
9.26123 9391
9.28641 9403
9.28956 9415
9.29271 9427
9.29587 9439
9.29902 9451
9.30217 9463
9.30532 9475
9.30847 9487
9.31163 9499
9.31478 9511
9.31793 9523
9.35025 9535
9.3534 9547
9.37858 9559
9.38173 9571
9.38488 9583
9.38804 9595
9.39119 9607
9.39434 9619
9.39749 9631
9.40064 9643
9.4038 9654
9.40695 9665
9.4101 9676
9.41325 9687
9.444 9698
9.44715 9709
9.47233 9720
9.47548 9731
9.47863 9742
9.48178 9753
9.48493 9764
9.48809 9775
9.49124 9786
9.49439 9797
9.49754 9808
9.50069 9819
9.50385 9830
9.507 9841
9.53774 9852
9.54089 9863
9.56607 9874
9.56922 9885
9.57238 9896
9.57553 9907
9.57868 9918
9.58183 9929
9.58498 9940
9.58814 9951
9.59129 9962
9.59444 9973
9.59759 9984
9.60074 9995
9.63149 10006
9.63464 10017
9.65824 10028
9.66139 10039
9.66455 10050
9.6677 10061
9.67085 10072
9.674 10083
9.67715 10094
9.68031 10105
9.68346 10116
9.68661 10127
9.68976 10138
9.69291 10149
9.72366 10160
9.72681 10171
9.75041 10182
9.75357 10193
9.75672 10204
9.75987 10215
9.76302 10226
9.76617 10237
9.76933 10248
9.77248 10259
9.77563 10270
9.77878 10281
9.78193 10292
9.78509 10303
9.81583 10314
9.81898 10325
9.84258 10336
9.84574 10347
9.84889 10358
9.85204 10369
9.85519 10380
9.85834 10391
9.8615 10402
9.86465 10413
9.8678 10424
9.87095 10435
9.8741 10446
9.87726 10457
9.88041 10468
9.90958 10479
9.91273 10490
9.93633 10501
9.93948 10512
9.94263 10522
9.94579 10532
9.94894 10542
9.95209 10552
9.95524 10562
9.95839 10572
9.96155 10582
9.9647 10592
9.96785 10602
9.971 10612
9.97415 10622
10.0033 10632
10.0065 10642
10.0301 10652
10.0332 10662
10.0364 10672
10.0395 10682
10.0427 10692
10.0458 10702
10.049 10712
10.0521 10722
10.0553 10732
10.0584 10742
10.0616 10752
10.0647 10762
10.0679 10772
10.0955 10782
10.0986 10792
10.1222 10802
10.1254 10812
10.1286 10822
10.1317 10832
10.1349 10842
10.138 10852
10.1412 10862
10.1443 10872
10.1475 10882
10.1506 10892
10.1538 10902
10.1569 10912
10.1601 10922
10.1877 10932
10.1908 10942
10.2144 10952
10.2176 10962
10.2207 10972
10.2239 10982
10.227 10992
10.2302 11002
10.2333 11012
10.2365 11022
10.2396 11032
10.2428 11042
10.2459 11052
10.2491 11062
10.2522 11072
10.2554 11082
10.2814 11092
10.2846 11102
10.3082 11112
10.3113 11122
10.3145 11132
10.3176 11142
10.3208 11152
10.3239 11162
10.3271 11172
10.3302 11182
10.3334 11192
10.3365 11202
10.3397 11212
10.3428 11222
10.346 11232
10.3491 11242
10.3752 11252
10.3783 11262
10.4019 11272
10.4051 11282
10.4082 11292
10.4114 11302
10.4145 11312
10.4177 11322
10.4208 11332
10.424 11342
10.4271 11352
10.4303 11362
10.4334 11372
10.4366 11382
10.4397 11392
10.4429 11402
10.4673 11412
10.4705 11422
10.4941 11432
10.4972 11442
10.5004 11452
10.5035 11462
10.5067 11472
10.5098 11482
10.513 11492
10.5161 11502
10.5193 11512
10.5224 11522
10.5256 11532
10.5288 11542
10.5319 11552
10.5351 11562
10.5595 11571
10.5626 11580
10.5863 11589
10.5894 11598
10.5926 11607
10.5957 11616
10.5989 11625
10.602 11634
10.6052 11643
10.6083 11652
10.6115 11661
10.6146 11670
10.6178 11679
10.6209 11688
10.6241 11697
10.6272 11706
10.6304 11715
10.6532 11724
10.6564 11733
10.68 11742
10.6831 11751
10.6863 11760
10.6895 11769
10.6926 11778
10.6958 11787
10.6989 11796
10.7021 11805
10.7052 11814
10.7084 11823
10.7115 11832
10.7147 11841
10.7178 11850
10.721 11859
10.7241 11868
10.747 11877
10.7501 11886
10.7737 11895
10.7769 11904
10.78 11913
10.7832 11922
10.7864 11931
10.7895 11940
10.7927 11949
10.7958 11958
10.799 11967
10.8021 11976
10.8053 11985
10.8084 11994
10.8116 12003
10.8147 12012
10.8179 12021
10.8407 12030
10.8439 12039
10.8675 12048
10.8706 12057
10.8738 12066
10.8769 12075
10.8801 12084
10.8833 12093
10.8864 12102
10.8896 12111
10.8927 12120
10.8959 12129
10.899 12138
10.9022 12147
10.9053 12156
10.9085 12165
10.9116 12174
10.9329 12183
10.9361 12192
10.9597 12201
10.9628 12210
10.966 12219
10.9691 12228
10.9723 12237
10.9754 12246
10.9786 12255
10.9817 12264
10.9849 12273
10.988 12282
10.9912 12291
10.9943 12300
10.9975 12309
11.0006 12318
11.0038 12327
11.0251 12336
11.0282 12345
11.0518 12354
11.055 12363
11.0581 12372
11.0613 12381
11.0644 12390
11.0676 12399
11.0707 12408
11.0739 12417
11.077 12426
11.0802 12435
11.0834 12444
11.0865 12453
11.0897 12462
11.0928 12471
11.096 12480
11.0991 12489
11.1188 12498
11.122 12507
11.1456 12516
11.1487 12525
11.1519 12534
11.155 12543
11.1582 12552
11.1613 12561
11.1645 12570
11.1676 12579
11.1708 12588
11.1739 12597
11.1771 12606
11.1802 12615
11.1834 12624
11.1866 12633
11.1897 12642
11.1929 12651
11.2126 12660
11.2157 12669
11.2393 12678
11.2425 12687
11.2456 12696
11.2488 12705
11.2519 12714
11.2551 12723
11.2582 12732
11.2614 12741
11.2645 12750
11.2677 12759
11.2708 12768
11.274 12777
11.2771 12786
11.2803 12795
11.2835 12804
11.2866 12813
11.3047 12822
11.3079 12831
11.3315 12840
11.3346 12849
11.3378 12857
11.341 12865
11.3441 12873
11.3473 12881
11.3504 12889
11.3536 12897
11.3567 12905
11.3599 12913
11.363 12921
11.3662 12929
11.3693 12937
11.3725 12945
11.3756 12953
11.3788 12961
11.3969 12969
11.4001 12977
11.4237 12985
11.4268 12993
11.43 13001
11.4331 13009
11.4363 13017
11.4394 13025
11.4426 13033
11.4457 13041
11.4489 13049
11.452 13057
11.4552 13065
11.4583 13073
11.4615 13081
11.4646 13089
11.4678 13097
11.4709 13105
11.4741 13113
11.4907 13121
11.4938 13129
11.5174 13137
11.5206 13145
11.5237 13153
11.5269 13161
11.53 13169
11.5332 13177
11.5363 13185
11.5395 13193
11.5426 13201
11.5458 13209
11.5489 13217
11.5521 13225
11.5552 13233
11.5584 13241
11.5615 13249
11.5647 13257
11.5678 13265
11.5844 13273
11.5876 13281
11.6112 13289
11.6143 13297
11.6175 13305
11.6206 13313
11.6238 13321
11.6269 13329
11.6301 13337
11.6332 13345
11.6364 13353
11.6395 13361
11.6427 13369
11.6458 13377
11.649 13385
11.6521 13393
11.6553 13401
11.6584 13409
11.6616 13417
11.6766 13425
11.6797 13433
11.7033 13441
11.7065 13449
11.7096 13457
11.7128 13465
11.7159 13473
11.7191 13481
11.7222 13489
11.7254 13497
11.7285 13505
11.7317 13513
11.7348 13521
11.738 13529
11.7412 13537
11.7443 13545
11.7475 13553
11.7506 13561
11.7538 13569
11.7687 13577
11.7719 13585
11.7955 13593
11.7987 13601
11.8018 13609
11.805 13617
11.8081 13625
11.8113 13633
11.8144 13641
11.8176 13649
11.8207 13657
11.8239 13665
11.827 13673
11.8302 13681
11.8333 13689
11.8365 13697
11.8396 13705
11.8428 13713
11.8459 13721
11.8609 13729
11.8641 13737
11.8877 13745
11.8908 13753
11.894 13761
11.8971 13769
11.9003 13777
11.9034 13785
11.9066 13793
11.9097 13801
11.9129 13809
11.916 13817
11.9192 13825
11.9223 13833
11.9255 13841
11.9286 13849
11.9318 13857
11.9349 13865
11.9381 13873
11.9413 13881
11.9547 13889
11.9578 13897
11.9814 13905
11.9846 13913
11.9877 13921
11.9909 13929
11.994 13937
11.9972 13945
12.0003 13953
12.0035 13961
12.0066 13969
12.0098 13977
12.0129 13985
12.0161 13993
12.0192 14001
12.0224 14009
12.0255 14017
12.0287 14025
12.0318 14033
12.035 14041
12.0484 14049
12.0516 14057
12.0752 14065
12.0783 14073
12.0815 14081
12.0846 14089
12.0878 14097
12.0909 14105
12.0941 14113
12.0972 14121
12.1004 14129
12.1035 14137
12.1067 14145
12.1098 14153
12.113 14161
12.1161 14169
12.1193 14177
12.1224 14185
12.1256 14193
12.1287 14201
12.1406 14209
12.1437 14217
12.1673 14225
12.1705 14233
12.1736 14241
12.1768 14249
12.1799 14257
12.1831 14265
12.1862 14273
12.1894 14281
12.1925 14289
12.1957 14297
12.1989 14305
12.202 14313
12.2052 14321
12.2083 14329
12.2115 14337
12.2146 14345
12.2178 14353
12.2209 14361
12.2327 14369
12.2359 14377
12.2595 14385
12.2627 14393
12.2658 14401
12.269 14409
12.2721 14417
12.2753 14425
12.2784 14433
12.2816 14441
12.2847 14449
12.2879 14457
12.291 14464
12.2942 14471
12.2973 14478
12.3005 14485
12.3036 14492
12.3068 14499
12.3099 14506
12.3131 14513
12.3162 14520
12.3265 14527
12.3296 14534
12.3532 14541
12.3564 14548
12.3596 14555
12.3627 14562
12.3659 14569
12.369 14576
12.3722 14583
12.3753 14590
12.3785 14597
12.3816 14604
12.3848 14611
12.3879 14618
12.3911 14625
12.3942 14632
12.3974 14639
12.4005 14646
12.4037 14653
12.4068 14660
12.41 14667
12.4202 14674
12.4234 14681
12.447 14688
12.4501 14695
12.4533 14702
12.4565 14709
12.4596 14716
12.4628 14723
12.4659 14730
12.4691 14737
12.4722 14744
12.4754 14751
12.4785 14758
12.4817 14765
12.4848 14772
12.488 14779
12.4911 14786
12.4943 14793
12.4974 14800
12.5006 14807
12.5037 14814
12.5124 14821
12.5156 14828
12.5392 14835
12.5423 14842
12.5455 14849
12.5486 14856
12.5518 14863
12.5549 14870
12.5581 14877
12.5612 14884
12.5644 14891
12.5675 14898
12.5707 14905
12.5738 14912
12.577 14919
12.5801 14926
12.5833 14933
12.5864 14940
12.5896 14947
12.5927 14954
12.5959 14961
12.6046 14968
12.6077 14975
12.6313 14982
12.6345 14989
12.6376 14996
12.6408 15003
12.6439 15010
12.6471 15017
12.6502 15024
12.6534 15031
12.6566 15038
12.6597 15045
12.6629 15052
12.666 15059
12.6692 15066
12.6723 15073
12.6755 15080
12.6786 15087
12.6818 15094
12.6849 15101
12.6881 15108
12.6912 15115
12.6983 15122
12.7015 15129
12.7251 15136
12.7282 15143
12.7314 15150
12.7345 15157
12.7377 15164
12.7408 15171
12.744 15178
12.7471 15185
12.7503 15192
12.7535 15199
12.7566 15206
12.7598 15213
12.7629 15220
12.7661 15227
12.7692 15234
12.7724 15241
12.7755 15248
12.7787 15255
12.7818 15262
12.785 15269
12.7921 15276
12.7952 15283
12.8188 15290
12.822 15297
12.8251 15304
12.8283 15311
12.8314 15318
12.8346 15325
12.8377 15332
12.8409 15339
12.844 15346
12.8472 15353
12.8503 15360
12.8535 15367
12.8567 15374
12.8598 15381
12.863 15388
12.8661 15395
12.8693 15402
12.8724 15409
12.8756 15416
12.8787 15423
12.8858 15430
12.889 15437
12.9126 15444
12.9157 15451
12.9189 15458
12.922 15465
12.9252 15472
12.9283 15479
12.9315 15486
12.9346 15493
12.9378 15500
12.9409 15507
12.9441 15514
12.9472 15521
12.9504 15528
12.9536 15535
12.9567 15542
12.9599 15549
12.963 15556
12.9662 15563
12.9693 15570
12.9725 15577
12.978 15584
12.9811 15591
13.0047 15598
13.0079 15605
13.011 15612
13.0142 15619
13.0174 15626
13.0205 15633
13.0237 15640
13.0268 15647
13.03 15654
13.0331 15661
13.0363 15668
13.0394 15675
13.0426 15682
13.0457 15689
13.0489 15696
13.052 15703
13.0552 15710
13.0583 15717
13.0615 15724
13.0646 15731
13.0702 15738
13.0733 15745
13.0969 15752
13.1001 15759
13.1032 15766
13.1064 15773
13.1095 15780
13.1127 15787
13.1158 15794
13.119 15801
13.1221 15808
13.1253 15815
13.1284 15822
13.1316 15829
13.1347 15836
13.1379 15843
13.141 15850
13.1442 15857
13.1473 15864
13.1505 15871
13.1537 15878
13.1568 15885
13.16 15892
13.1639 15899
13.1671 15906
13.1907 15913
13.1938 15920
13.197 15927
13.2001 15934
13.2033 15941
13.2064 15948
13.2096 15955
13.2127 15962
13.2159 15969
13.219 15976
13.2222 15983
13.2253 15990
13.2285 15997
13.2316 16004
13.2348 16011
13.2379 16018
13.2411 16025
13.2442 16032
13.2474 16039
13.2506 16046
13.2537 16053
13.2577 16060
13.2608 16067
13.2844 16074
13.2876 16081
13.2907 16088
13.2939 16095
13.297 16102
13.3002 16109
13.3033 16116
13.3065 16123
13.3096 16130
13.3128 16137
13.3159 16144
13.3191 16151
13.3222 16158
13.3254 16165
13.3285 16172
13.3317 16179
13.3348 16186
13.338 16193
13.3411 16200
13.3443 16207
13.3474 16214
13.3506 16221
13.3538 16228
13.3766 16235
13.3797 16242
13.3829 16249
13.386 16256
13.3892 16263
13.3923 16270
13.3955 16277
13.3986 16284
13.4018 16291
13.4049 16298
13.4081 16305
13.4113 16312
13.4144 16319
13.4176 16326
13.4207 16333
13.4239 16340
13.427 16347
13.4302 16354
13.4333 16361
13.4365 16368
13.4396 16375
13.4428 16382
13.4459 16389
13.4687 16396
13.4719 16403
13.4751 16410
13.4782 16417
13.4814 16424
13.4845 16431
13.4877 16438
13.4908 16445
13.494 16452
13.4971 16459
13.5003 16466
13.5034 16473
13.5066 16480
13.5097 16487
13.5129 16494
13.516 16501
13.5192 16508
13.5223 16515
13.5255 16521
13.5286 16527
13.5318 16533
13.5349 16539
13.5381 16545
13.5412 16551
13.5625 16557
13.5656 16563
13.5688 16569
13.572 16575
13.5751 16581
13.5783 16587
13.5814 16593
13.5846 16599
13.5877 16605
13.5909 16611
13.594 16617
13.5972 16623
13.6003 16629
13.6035 16635
13.6066 16641
13.6098 16647
13.6129 16653
13.6161 16659
13.6192 16665
13.6224 16671
13.6255 16677
13.6287 16683
13.6318 16689
13.635 16695
13.6562 16701
13.6594 16707
13.6625 16713
13.6657 16719
13.6689 16725
13.672 16731
13.6752 16737
13.6783 16743
13.6815 16749
13.6846 16755
13.6878 16761
13.6909 16767
13.6941 16773
13.6972 16779
13.7004 16785
13.7035 16791
13.7067 16797
13.7098 16803
13.713 16809
13.7161 16815
13.7193 16821
13.7224 16827
13.7256 16833
13.7287 16839
13.7484 16845
13.7516 16851
13.7547 16857
13.7579 16863
13.761 16869
13.7642 16875
13.7673 16881
13.7705 16887
13.7736 16893
13.7768 16899
13.7799 16905
13.7831 16911
13.7862 16917
13.7894 16923
13.7925 16929
13.7957 16935
13.7988 16941
13.802 16947
13.8051 16953
13.8083 16959
13.8115 16965
13.8146 16971
13.8178 16977
13.8209 16983
13.8406 16989
13.8437 16995
13.8469 17001
13.85 17007
13.8532 17013
13.8563 17019
13.8595 17025
13.8626 17031
13.8658 17037
13.869 17043
13.8721 17049
13.8753 17055
13.8784 17061
13.8816 17067
13.8847 17073
13.8879 17079
13.891 17085
13.8942 17091
13.8973 17097
13.9005 17103
13.9036 17109
13.9068 17115
13.9099 17121
13.9131 17127
13.9328 17133
13.9359 17139
13.9391 17145
13.9422 17151
13.9454 17157
13.9485 17163
13.9517 17169
13.9548 17175
13.958 17181
13.9611 17187
13.9643 17193
13.9674 17199
13.9706 17205
13.9737 17211
13.9769 17217
13.98 17223
13.9832 17229
13.9863 17235
13.9895 17241
13.9926 17247
13.9958 17253
13.9989 17259
14.0021 17265
14.0052 17271
14.0084 17277
14.0265 17283
14.0297 17289
14.0328 17295
14.036 17301
14.0391 17307
14.0423 17313
14.0454 17319
14.0486 17325
14.0517 17331
14.0549 17337
14.058 17343
14.0612 17349
14.0643 17355
14.0675 17361
14.0706 17367
14.0738 17373
14.0769 17379
14.0801 17385
14.0832 17391
14.0864 17397
14.0895 17403
14.0927 17409
14.0958 17415
14.099 17421
14.1021 17427
14.1202 17433
14.1234 17439
14.1266 17445
14.1297 17451
14.1329 17457
14.136 17463
14.1392 17469
14.1423 17475
14.1455 17481
14.1486 17487
14.1518 17493
14.1549 17499
14.1581 17505
14.1612 17511
14.1644 17517
14.1675 17523
14.1707 17529
14.1738 17535
14.177 17541
14.1801 17547
14.1833 17553
14.1864 17559
14.1896 17565
14.1927 17571
14.1959 17577
14.2124 17583
14.2156 17589
14.2187 17595
14.2219 17601
14.225 17607
14.2282 17613
14.2313 17619
14.2345 17625
14.2376 17631
14.2408 17637
14.2439 17643
14.2471 17649
14.2502 17655
14.2534 17661
14.2565 17667
14.2597 17673
14.2628 17679
14.266 17685
14.2692 17691
14.2723 17697
14.2755 17703
14.2786 17709
14.2818 17715
14.2849 17721
14.2881 17727
14.3046 17733
14.3077 17739
14.3109 17745
14.314 17751
14.3172 17757
14.3203 17763
14.3235 17769
14.3267 17775
14.3298 17781
14.333 17787
14.3361 17793
14.3393 17799
14.3424 17805
14.3456 17811
14.3487 17817
14.3519 17823
14.355 17829
14.3582 17835
14.3613 17841
14.3645 17847
14.3676 17853
14.3708 17859
14.3739 17865
14.3771 17871
14.3802 17877
14.3834 17883
14.3983 17889
14.4015 17895
14.4046 17901
14.4078 17907
14.4109 17913
14.4141 17919
14.4172 17925
14.4204 17931
14.4235 17937
14.4267 17943
14.4299 17949
14.433 17955
14.4362 17961
14.4393 17967
14.4425 17973
14.4456 17979
14.4488 17985
14.4519 17991
14.4551 17997
14.4582 18003
14.4614 18009
14.4645 18015
14.4677 18021
14.4708 18027
14.474 18033
14.4771 18039
14.4921 18045
14.4952 18051
14.4984 18057
14.5015 18063
14.5047 18069
14.5078 18075
14.511 18081
14.5141 18087
14.5173 18093
14.5204 18099
14.5236 18105
14.5268 18111
14.5299 18117
14.5331 18123
14.5362 18129
14.5394 18135
14.5425 18141
14.5457 18147
14.5488 18153
14.552 18159
14.5551 18165
14.5583 18171
14.5614 18177
14.5646 18183
14.5677 18189
14.5709 18195
14.5843 18201
14.5874 18207
14.5906 18213
14.5937 18219
14.5969 18225
14.6 18231
14.6032 18237
14.6063 18243
14.6095 18249
14.6126 18255
14.6158 18261
14.6189 18267
14.6221 18273
14.6252 18279
14.6284 18285
14.6315 18291
14.6347 18297
14.6378 18303
14.641 18309
14.6441 18315
14.6473 18321
14.6504 18327
14.6536 18333
14.6567 18339
14.6599 18345
14.663 18351
14.6764 18357
14.6796 18363
14.6827 18369
14.6859 18375
14.689 18381
14.6922 18387
14.6953 18393
14.6985 18399
14.7016 18405
14.7048 18411
14.7079 18417
14.7111 18423
14.7142 18429
14.7174 18435
14.7205 18441
14.7237 18447
14.7269 18453
14.73 18459
14.7332 18465
14.7363 18471
14.7395 18477
14.7426 18483
14.7458 18489
14.7489 18495
14.7521 18501
14.7552 18507
14.7686 18513
14.7717 18519
14.7749 18525
14.778 18531
14.7812 18537
14.7844 18543
14.7875 18549
14.7907 18555
14.7938 18561
14.797 18567
14.8001 18573
14.8033 18579
14.8064 18585
14.8096 18591
14.8127 18597
14.8159 18603
14.819 18609
14.8222 18615
14.8253 18621
14.8285 18627
14.8316 18633
14.8348 18639
14.8379 18645
14.8411 18651
14.8442 18657
14.8474 18663
14.8505 18669
14.8623 18675
14.8655 18681
14.8686 18687
14.8718 18693
14.8749 18699
14.8781 18705
14.8812 18711
14.8844 18717
14.8876 18723
14.8907 18729
14.8939 18735
14.897 18741
14.9002 18747
14.9033 18753
14.9065 18759
14.9096 18765
14.9128 18771
14.9159 18777
14.9191 18783
14.9222 18789
14.9254 18795
14.9285 18801
14.9317 18807
14.9348 18813
14.938 18819
14.9411 18825
14.9443 18831
14.9561 18837
14.9592 18843
14.9624 18849
14.9655 18855
14.9687 18861
14.9718 18867
14.975 18873
14.9781 18879
14.9813 18885
14.9845 18891
14.9876 18897
14.9908 18903
14.9939 18909
14.9971 18915
15.0002 18921
15.0034 18927
15.0065 18933
15.0097 18939
15.0128 18945
15.016 18951
15.0191 18957
15.0223 18963
15.0254 18969
15.0286 18975
15.0317 18981
15.0349 18987
15.038 18993
15.0483 18999
15.0514 19005
15.0546 19011
15.0577 19017
15.0609 19023
15.064 19029
15.0672 19035
15.0703 19041
15.0735 19047
15.0766 19053
15.0798 19059
15.0829 19065
15.0861 19071
15.0892 19077
15.0924 19083
15.0955 19089
15.0987 19095
15.1018 19101
15.105 19107
15.1081 19113
15.1113 19119
15.1144 19125
15.1176 19131
15.1207 19137
15.1239 19143
15.1271 19149
15.1302 19155
15.1404 19161
15.1436 19167
15.1467 19173
15.1499 19179
15.153 19185
15.1562 19191
15.1593 19197
15.1625 19203
15.1656 19209
15.1688 19215
15.1719 19221
15.1751 19227
15.1782 19233
15.1814 19239
15.1846 19245
15.1877 19251
15.1909 19257
15.194 19263
15.1972 19269
15.2003 19274
15.2035 19279
15.2066 19284
15.2098 19289
15.2129 19294
15.2161 19299
15.2192 19304
15.2224 19309
15.2255 19314
15.2342 19319
15.2373 19324
15.2405 19329
15.2436 19334
15.2468 19339
15.2499 19344
15.2531 19349
15.2562 19354
15.2594 19359
15.2625 19364
15.2657 19369
15.2688 19374
15.272 19379
15.2751 19384
15.2783 19389
15.2815 19394
15.2846 19399
15.2878 19404
15.2909 19409
15.2941 19414
15.2972 19419
15.3004 19424
15.3035 19429
15.3067 19434
15.3098 19439
15.313 19444
15.3161 19449
15.3193 19454
15.3279 19459
15.3311 19464
15.3342 19469
15.3374 19474
15.3405 19479
15.3437 19484
15.3468 19489
15.35 19494
15.3531 19499
15.3563 19504
15.3594 19509
15.3626 19514
15.3657 19519
15.3689 19524
15.372 19529
15.3752 19534
15.3783 19539
15.3815 19544
15.3847 19549
15.3878 19554
15.391 19559
15.3941 19564
15.3973 19569
15.4004 19574
15.4036 19579
15.4067 19584
15.4099 19589
15.413 19594
15.4201 19599
15.4232 19604
15.4264 19609
15.4295 19614
15.4327 19619
15.4358 19624
15.439 19629
15.4422 19634
15.4453 19639
15.4485 19644
15.4516 19649
15.4548 19654
15.4579 19659
15.4611 19664
15.4642 19669
15.4674 19674
15.4705 19679
15.4737 19684
15.4768 19689
15.48 19694
15.4831 19699
15.4863 19704
15.4894 19709
15.4926 19714
15.4957 19719
15.4989 19724
15.502 19729
15.5052 19734
15.5123 19739
15.5154 19744
15.5186 19749
15.5217 19754
15.5249 19759
15.528 19764
15.5312 19769
15.5343 19774
15.5375 19779
15.5406 19784
15.5438 19789
15.5469 19794
15.5501 19799
15.5532 19804
15.5564 19809
15.5595 19814
15.5627 19819
15.5658 19824
15.569 19829
15.5721 19834
15.5753 19839
15.5784 19844
15.5816 19849
15.5848 19854
15.5879 19859
15.5911 19864
15.5942 19869
15.5974 19874
15.6005 19879
15.606 19884
15.6092 19889
15.6123 19894
15.6155 19899
15.6186 19904
15.6218 19909
15.6249 19914
15.6281 19919
15.6312 19924
15.6344 19929
15.6375 19934
15.6407 19939
15.6438 19944
15.647 19949
15.6501 19954
15.6533 19959
15.6564 19964
15.6596 19969
15.6627 19974
15.6659 19979
15.669 19984
15.6722 19989
15.6753 19994
15.6785 19999
15.6817 20004
15.6848 20009
15.688 20014
15.6911 20019
15.6943 20024
15.6998 20029
15.7029 20034
15.7061 20039
15.7092 20044
15.7124 20049
15.7155 20054
15.7187 20059
15.7218 20064
15.725 20069
15.7281 20074
15.7313 20079
15.7344 20084
15.7376 20089
15.7407 20094
15.7439 20099
15.747 20104
15.7502 20109
15.7533 20114
15.7565 20119
15.7596 20124
15.7628 20129
15.7659 20134
15.7691 20139
15.7722 20144
15.7754 20149
15.7786 20154
15.7817 20159
15.7849 20164
15.788 20169
15.7935 20174
15.7966 20179
15.7998 20184
15.803 20189
15.8061 20194
15.8093 20199
15.8124 20204
15.8156 20209
15.8187 20214
15.8219 20219
15.825 20224
15.8282 20229
15.8313 20234
15.8345 20239
15.8376 20244
15.8408 20249
15.8439 20254
15.8471 20259
15.8502 20264
15.8534 20269
15.8565 20274
15.8597 20279
15.8628 20284
15.866 20289
15.8691 20294
15.8723 20299
15.8754 20304
15.8786 20309
15.8818 20314
15.8857 20319
15.8888 20324
15.892 20329
15.8951 20334
15.8983 20339
15.9014 20344
15.9046 20349
15.9077 20354
15.9109 20359
15.914 20364
15.9172 20369
15.9203 20374
15.9235 20379
15.9266 20384
15.9298 20389
15.9329 20394
15.9361 20399
15.9393 20404
15.9424 20409
15.9456 20414
15.9487 20419
15.9519 20424
15.955 20429
15.9582 20434
15.9613 20439
15.9645 20444
15.9676 20449
15.9708 20454
15.9739 20459
15.9778 20464
15.981 20469
15.9841 20474
15.9873 20479
15.9904 20484
15.9936 20489
15.9967 20494
15.9999 20499
16.0031 20504
16.0062 20509
16.0094 20514
16.0125 20519
16.0157 20524
16.0188 20529
16.022 20534
16.0251 20539
16.0283 20544
16.0314 20549
16.0346 20554
16.0377 20559
16.0409 20564
16.044 20569
16.0472 20574
16.0503 20579
16.0535 20584
16.0566 20589
16.0598 20594
16.0629 20599
16.0661 20604
16.0692 20609
16.0724 20614
16.0755 20619
16.0787 20624
16.0819 20629
16.085 20634
16.0882 20639
16.0913 20644
16.0945 20649
16.0976 20654
16.1008 20659
16.1039 20664
16.1071 20669
16.1102 20674
16.1134 20679
16.1165 20684
16.1197 20689
16.1228 20694
16.126 20699
16.1291 20704
16.1323 20709
16.1354 20714
16.1386 20719
16.1417 20724
16.1449 20729
16.148 20734
16.1512 20739
16.1543 20744
16.1575 20749
16.1607 20754
16.1638 20759
16.167 20764
16.1701 20769
16.1733 20774
16.1764 20779
16.1796 20784
16.1827 20789
16.1859 20794
16.189 20799
16.1922 20804
16.1953 20809
16.1985 20814
16.2016 20819
16.2048 20824
16.2079 20829
16.2111 20834
16.2142 20839
16.2174 20844
16.2205 20849
16.2237 20854
16.2268 20859
16.23 20864
16.2331 20869
16.2363 20874
16.2395 20879
16.2426 20884
16.2458 20889
16.2489 20894
16.2521 20899
16.2552 20904
16.2584 20909
16.2615 20914
16.2647 20919
16.2678 20924
16.271 20929
16.2741 20934
16.2773 20939
16.2804 20944
16.2836 20949
16.2867 20954
16.2899 20959
16.293 20964
16.2962 20969
16.2993 20974
16.3025 20979
16.3056 20984
16.3088 20989
16.3119 20994
16.3151 20999
16.3183 21004
16.3214 21009
16.3246 21014
16.3277 21019
16.3309 21024
16.334 21029
16.3372 21034
16.3403 21039
16.3435 21044
16.3466 21049
16.3498 21054
16.3529 21059
16.3561 21064
16.3592 21069
16.3624 21074
16.3655 21079
16.3687 21084
16.3718 21089
16.375 21094
16.3781 21099
16.3813 21104
16.3844 21109
16.3876 21114
16.3907 21119
16.3939 21124
16.3971 21129
16.4002 21134
16.4034 21139
16.4065 21144
16.4097 21149
16.4128 21154
16.416 21159
16.4191 21164
16.4223 21169
16.4254 21174
16.4286 21179
16.4317 21184
16.4349 21189
16.438 21194
16.4412 21199
16.4443 21204
16.4475 21209
16.4506 21214
16.4538 21219
16.4569 21224
16.4601 21229
16.4632 21234
16.4664 21239
16.4695 21244
16.4727 21249
16.4759 21254
16.479 21259
16.4822 21264
16.4853 21269
16.4885 21274
16.4916 21279
16.4948 21284
16.4979 21289
16.5011 21294
16.5042 21299
16.5074 21304
16.5105 21309
16.5137 21314
16.5168 21319
16.52 21324
16.5231 21329
16.5263 21334
16.5294 21339
16.5326 21344
16.5357 21349
16.5389 21354
16.542 21359
16.5452 21364
16.5483 21369
16.5515 21374
16.5547 21379
16.5578 21384
16.561 21389
16.5641 21394
16.5673 21399
16.5704 21404
16.5736 21409
16.5767 21414
16.5799 21419
16.583 21424
16.5862 21429
16.5893 21434
16.5925 21439
16.5956 21444
16.5988 21449
16.6019 21454
16.6051 21459
16.6082 21464
16.6114 21469
16.6145 21474
16.6177 21479
16.6208 21484
16.624 21489
16.6271 21494
16.6303 21499
16.6335 21504
16.6366 21509
16.6398 21514
16.6429 21519
16.6461 21524
16.6492 21529
16.6524 21534
16.6555 21539
16.6587 21544
16.6618 21549
16.665 21554
16.6681 21559
16.6713 21564
16.6744 21569
16.6776 21574
16.6807 21579
16.6839 21584
16.687 21589
16.6902 21594
16.6933 21599
16.6965 21604
16.6996 21609
16.7028 21614
16.7059 21619
16.7091 21624
16.7123 21629
16.7154 21634
16.7186 21639
16.7217 21644
16.7249 21649
16.728 21654
16.7312 21659
16.7343 21664
16.7375 21669
16.7406 21674
16.7438 21679
16.7469 21684
16.7501 21689
16.7532 21694
16.7564 21699
16.7595 21704
16.7627 21709
16.7658 21714
16.769 21719
16.7721 21724
16.7753 21729
16.7784 21734
16.7816 21739
16.7847 21744
16.7879 21749
16.7911 21754
16.7942 21759
16.7974 21764
16.8005 21769
16.8037 21774
16.8068 21779
16.81 21784
16.8131 21789
16.8163 21794
16.8194 21799
16.8226 21804
16.8257 21809
16.8289 21814
16.832 21819
16.8352 21824
16.8383 21829
16.8415 21834
16.8446 21839
16.8478 21844
16.8509 21849
16.8541 21854
16.8572 21859
16.8604 21864
16.8635 21869
16.8667 21874
16.8699 21879
16.873 21884
16.8762 21889
16.8793 21894
16.8825 21899
16.8856 21904
16.8888 21909
16.8919 21914
16.8951 21919
16.8982 21924
16.9014 21929
16.9045 21934
16.9077 21939
16.9108 21944
16.914 21949
16.9171 21954
16.9203 21959
16.9234 21964
16.9266 21969
16.9297 21974
16.9329 21979
16.936 21984
16.9392 21989
16.9423 21994
16.9455 21999
16.9487 22004
16.9518 22009
16.955 22014
16.9581 22019
16.9613 22024
16.9644 22029
16.9676 22034
16.9707 22039
16.9739 22044
16.977 22049
16.9802 22054
16.9833 22059
16.9865 22064
16.9896 22069
16.9928 22074
16.9959 22079
16.9991 22084
17.0022 22089
17.0054 22094
17.0085 22099
17.0117 22104
17.0148 22109
17.018 22114
17.0211 22119
17.0243 22124
17.0275 22129
17.0306 22134
17.0338 22139
17.0369 22144
17.0401 22149
17.0432 22154
17.0464 22159
17.0495 22164
17.0527 22169
17.0558 22174
17.059 22179
17.0621 22184
17.0653 22189
17.0684 22194
17.0716 22199
17.0747 22204
17.0779 22209
17.081 22214
17.0842 22219
17.0873 22224
17.0905 22229
17.0936 22234
17.0968 22239
17.0999 22244
17.1031 22249
17.1063 22254
17.1094 22259
17.1126 22264
17.1157 22269
17.1189 22274
17.122 22279
17.1252 22284
17.1283 22289
17.1315 22294
17.1346 22299
17.1378 22304
17.1409 22309
17.1441 22314
17.1472 22319
17.1504 22324
17.1535 22329
17.1567 22334
17.1598 22339
17.163 22344
17.1661 22349
17.1693 22354
17.1724 22359
17.1756 22364
17.1787 22369
17.1819 22374
17.1851 22379
17.1882 22384
17.1914 22389
17.1945 22394
17.1977 22399
17.2008 22404
17.204 22409
17.2071 22414
17.2103 22419
17.2134 22424
17.2166 22429
17.2197 22434
17.2229 22439
17.226 22444
17.2292 22449
17.2323 22454
17.2355 22459
17.2386 22464
17.2418 22469
17.2449 22474
17.2481 22479
17.2512 22484
17.2544 22489
17.2575 22494
17.2607 22499
17.2639 22504
17.267 22509
17.2702 22514
17.2733 22519
17.2765 22524
17.2796 22529
17.2828 22534
17.2859 22539
17.2891 22544
17.2922 22549
17.2954 22554
17.2985 22559
17.3017 22564
17.3048 22569
17.308 22574
17.3111 22579
17.3143 22584
17.3174 22589
17.3206 22594
17.3237 22599
17.3269 22604
17.33 22609
17.3332 22614
17.3363 22619
17.3395 22624
17.3427 22629
17.3458 22634
17.349 22639
17.3521 22644
17.3553 22649
17.3584 22654
17.3616 22659
17.3647 22664
17.3679 22669
17.371 22674
17.3742 22679
17.3773 22684
17.3805 22689
17.3836 22694
17.3868 22699
17.3899 22704
17.3931 22709
17.3962 22714
17.3994 22719
17.4025 22724
17.4057 22729
17.4088 22734
17.412 22739
17.4151 22744
17.4183 22749
17.4215 22754
17.4246 22759
17.4278 22764
17.4309 22769
17.4341 22774
17.4372 22779
17.4404 22784
17.4435 22789
17.4467 22794
17.4498 22799
17.453 22804
17.4561 22809
17.4593 22814
17.4624 22819
17.4656 22824
17.4687 22829
17.4719 22834
17.475 22839
17.4782 22844
17.4813 22849
17.4845 22854
17.4876 22859
17.4908 22864
17.4939 22869
17.4971 22874
17.5003 22879
17.5034 22884
17.5066 22889
17.5097 22894
17.5129 22899
17.516 22904
17.5192 22909
17.5223 22914
17.5255 22919
17.5286 22924
17.5318 22929
17.5349 22934
17.5381 22939
17.5412 22944
17.5444 22949
17.5475 22954
17.5507 22959
17.5538 22964
17.557 22969
17.5601 22974
17.5633 22979
17.5664 22984
17.5696 22989
17.5727 22994
17.5759 22999
17.5791 23004
17.5822 23009
17.5854 23014
17.5885 23019
17.5917 23024
17.5948 23029
17.598 23034
17.6011 23039
17.6043 23044
17.6074 23049
17.6106 23054
17.6137 23059
17.6169 23064
17.62 23069
17.6232 23074
17.6263 23079
17.6295 23084
17.6326 23089
17.6358 23094
17.6389 23099
17.6421 23104
17.6452 23109
17.6484 23114
17.6515 23119
17.6547 23124
17.6579 23128
17.661 23132
17.6642 23136
17.6673 23140
17.6705 23144
17.6736 23148
17.6768 23152
17.6799 23156
17.6831 23160
17.6862 23164
17.6894 23168
17.6925 23172
17.6957 23176
17.6988 23180
17.702 23184
17.7051 23188
17.7083 23192
17.7114 23196
17.7146 23200
17.7177 23204
17.7209 23208
17.724 23212
17.7272 23216
17.7303 23220
17.7335 23224
17.7367 23228
17.7398 23232
17.743 23236
17.7461 23240
17.7493 23244
17.7524 23248
17.7556 23252
17.7587 23256
17.7619 23260
17.765 23264
17.7682 23268
17.7713 23272
17.7745 23276
17.7776 23280
17.7808 23284
17.7839 23288
17.7871 23292
17.7902 23296
17.7934 23300
17.7965 23304
17.7997 23308
17.8028 23312
17.806 23316
17.8091 23320
17.8123 23324
17.8155 23328
17.8186 23332
17.8218 23336
17.8249 23340
17.8281 23344
17.8312 23348
17.8344 23352
17.8375 23356
17.8407 23360
17.8438 23364
17.847 23368
17.8501 23372
17.8533 23376
17.8564 23380
17.8596 23384
17.8627 23388
17.8659 23392
17.869 23396
17.8722 23400
17.8753 23404
17.8785 23408
17.8816 23412
17.8848 23416
17.8879 23420
17.8911 23424
17.8943 23428
17.8974 23432
17.9006 23436
17.9037 23440
17.9069 23444
17.91 23448
17.9132 23452
17.9163 23456
17.9195 23460
17.9226 23464
17.9258 23468
17.9289 23472
17.9321 23476
17.9352 23480
17.9384 23484
17.9415 23488
17.9447 23492
17.9478 23496
17.951 23500
17.9541 23504
17.9573 23508
17.9604 23512
17.9636 23516
17.9667 23520
17.9699 23524
17.9731 23528
17.9762 23532
17.9794 23536
17.9825 23540
17.9857 23544
17.9888 23548
17.992 23552
17.9951 23556
17.9983 23560
18.0014 23564
18.0046 23568
18.0077 23572
18.0109 23576
18.014 23580
18.0172 23584
18.0203 23588
18.0235 23592
18.0266 23596
18.0298 23600
18.0329 23604
18.0361 23608
18.0392 23612
18.0424 23616
18.0455 23620
18.0487 23624
18.0519 23628
18.055 23632
18.0582 23636
18.0613 23640
18.0645 23644
18.0676 23648
18.0708 23652
18.0739 23656
18.0771 23660
18.0802 23664
18.0834 23668
18.0865 23672
18.0897 23676
18.0928 23680
18.096 23684
18.0991 23688
18.1023 23692
18.1054 23696
18.1086 23700
18.1117 23704
18.1149 23708
18.118 23712
18.1212 23716
18.1243 23720
18.1275 23724
18.1307 23728
18.1338 23732
18.137 23736
18.1401 23740
18.1433 23744
18.1464 23748
18.1496 23752
18.1527 23756
18.1559 23760
18.159 23764
18.1622 23768
18.1653 23772
18.1685 23776
18.1716 23780
18.1748 23784
18.1779 23788
18.1811 23792
18.1842 23796
18.1874 23800
18.1905 23804
18.1937 23808
18.1968 23812
18.2 23816
18.2031 23820
18.2063 23824
18.2095 23828
18.2126 23832
18.2158 23836
18.2189 23840
18.2221 23844
18.2252 23848
18.2284 23852
18.2315 23856
18.2347 23860
18.2378 23864
18.241 23868
18.2441 23872
18.2473 23876
18.2504 23880
18.2536 23884
18.2567 23888
18.2599 23892
18.263 23896
18.2662 23900
18.2693 23904
18.2725 23908
18.2756 23912
18.2788 23916
18.2819 23920
18.2851 23924
18.2883 23928
18.2914 23932
18.2946 23936
18.2977 23940
18.3009 23944
18.304 23948
18.3072 23952
18.3103 23956
18.3135 23960
18.3166 23964
18.3198 23968
18.3229 23972
18.3261 23976
18.3292 23980
18.3324 23984
18.3355 23988
18.3387 23992
18.3418 23996
18.345 24000
18.3481 24004
18.3513 24008
18.3544 24012
18.3576 24016
18.3607 24020
18.3639 24024
18.3671 24028
18.3702 24032
18.3734 24036
18.3765 24040
18.3797 24044
18.3828 24048
18.386 24052
18.3891 24056
18.3923 24060
18.3954 24064
18.3986 24068
18.4017 24072
18.4049 24076
18.408 24080
18.4112 24084
18.4143 24088
18.4175 24092
18.4206 24096
18.4238 24100
18.4269 24104
18.4301 24108
18.4332 24112
18.4364 24116
18.4395 24120
18.4427 24124
18.4459 24128
18.449 24132
18.4522 24136
18.4553 24140
18.4585 24144
18.4616 24148
18.4648 24152
18.4679 24156
18.4711 24160
18.4742 24164
18.4774 24168
18.4805 24172
18.4837 24176
18.4868 24180
18.49 24184
18.4931 24188
18.4963 24192
18.4994 24196
18.5026 24200
18.5057 24204
18.5089 24208
18.512 24212
18.5152 24216
18.5183 24220
18.5215 24224
18.5247 24228
18.5278 24232
18.531 24236
18.5341 24240
18.5373 24244
18.5404 24248
18.5436 24252
18.5467 24256
18.5499 24260
18.553 24264
18.5562 24268
18.5593 24272
18.5625 24276
18.5656 24280
18.5688 24284
18.5719 24288
18.5751 24292
18.5782 24296
18.5814 24300
18.5845 24304
18.5877 24308
18.5908 24312
18.594 24316
18.5971 24320
18.6003 24324
18.6035 24328
18.6066 24332
18.6098 24336
18.6129 24340
18.6161 24344
18.6192 24348
18.6224 24352
18.6255 24356
18.6287 24360
18.6318 24364
18.635 24368
18.6381 24372
18.6413 24376
18.6444 24380
18.6476 24384
18.6507 24388
18.6539 24392
18.657 24396
18.6602 24400
18.6633 24404
18.6665 24408
18.6696 24412
18.6728 24416
18.6759 24420
18.6791 24424
18.6823 24428
18.6854 24432
18.6886 24436
18.6917 24440
18.6949 24444
18.698 24448
18.7012 24452
18.7043 24456
18.7075 24460
18.7106 24464
18.7138 24468
18.7169 24472
18.7201 24476
18.7232 24480
18.7264 24484
18.7295 24488
18.7327 24492
18.7358 24496
18.739 24500
18.7421 24504
18.7453 24508
18.7484 24512
18.7516 24516
18.7547 24520
18.7579 24524
18.7611 24528
18.7642 24532
18.7674 24536
18.7705 24540
18.7737 24544
18.7768 24548
18.78 24552
18.7831 24556
18.7863 24560
18.7894 24564
18.7926 24568
18.7957 24572
18.7989 24576
18.802 24580
18.8052 24584
18.8083 24588
18.8115 24592
18.8146 24596
18.8178 24600
18.8209 24604
18.8241 24608
18.8272 24612
18.8304 24616
18.8335 24620
18.8367 24624
18.8399 24628
18.843 24632
18.8462 24636
18.8493 24640
18.8525 24644
18.8556 24648
18.8588 24652
18.8619 24656
18.8651 24660
18.8682 24664
18.8714 24668
18.8745 24672
18.8777 24676
18.8808 24680
18.884 24684
18.8871 24688
18.8903 24692
18.8934 24696
18.8966 24700
18.8997 24704
18.9029 24708
18.906 24712
18.9092 24716
18.9123 24720
18.9155 24724
18.9187 24728
18.9218 24732
18.925 24736
18.9281 24740
18.9313 24744
18.9344 24748
18.9376 24752
18.9407 24756
18.9439 24760
18.947 24764
18.9502 24768
18.9533 24772
18.9565 24776
18.9596 24780
18.9628 24784
18.9659 24788
18.9691 24792
18.9722 24796
18.9754 24800
18.9785 24804
18.9817 24808
18.9848 24812
18.988 24816
18.9911 24820
18.9943 24824
18.9975 24828
19.0006 24832
19.0038 24836
19.0069 24840
19.0101 24844
19.0132 24848
19.0164 24852
19.0195 24856
19.0227 24860
19.0258 24864
19.029 24868
19.0321 24872
19.0353 24876
19.0384 24880
19.0416 24884
19.0447 24888
19.0479 24892
19.051 24896
19.0542 24900
19.0573 24904
19.0605 24908
19.0636 24912
19.0668 24916
19.0699 24920
19.0731 24924
19.0763 24928
19.0794 24932
19.0826 24936
19.0857 24940
19.0889 24944
19.092 24948
19.0952 24952
19.0983 24956
19.1015 24960
19.1046 24964
19.1078 24968
19.1109 24972
19.1141 24976
19.1172 24980
19.1204 24984
19.1235 24988
19.1267 24992
19.1298 24996
19.133 25000
19.1361 25004
19.1393 25008
19.1424 25012
19.1456 25016
19.1487 25020
19.1519 25024
19.1551 25028
19.1582 25032
19.1614 25036
19.1645 25040
19.1677 25044
19.1708 25048
19.174 25052
19.1771 25056
19.1803 25060
19.1834 25064
19.1866 25068
19.1897 25072
19.1929 25076
19.196 25080
19.1992 25084
19.2023 25088
19.2055 25092
19.2086 25096
19.2118 25100
19.2149 25104
19.2181 25108
19.2212 25112
19.2244 25116
19.2275 25120
19.2307 25124
19.2339 25128
19.237 25132
19.2402 25136
19.2433 25140
19.2465 25144
19.2496 25148
19.2528 25152
19.2559 25156
19.2591 25160
19.2622 25164
19.2654 25168
19.2685 25172
19.2717 25176
19.2748 25180
19.278 25184
19.2811 25188
19.2843 25192
19.2874 25196
19.2906 25200
19.2937 25204
19.2969 25208
19.3 25212
19.3032 25216
19.3063 25220
19.3095 25224
19.3127 25228
19.3158 25232
19.319 25236
19.3221 25240
19.3253 25244
19.3284 25248
19.3316 25252
19.3347 25256
19.3379 25260
19.341 25264
19.3442 25268
19.3473 25272
19.3505 25276
19.3536 25280
19.3568 25284
19.3599 25288
19.3631 25292
19.3662 25296
19.3694 25300
19.3725 25304
19.3757 25308
19.3788 25312
19.382 25316
19.3851 25320
19.3883 25324
19.3915 25328
19.3946 25332
19.3978 25336
19.4009 25340
19.4041 25344
19.4072 25348
19.4104 25352
19.4135 25356
19.4167 25360
19.4198 25364
19.423 25368
19.4261 25372
19.4293 25376
19.4324 25380
19.4356 25384
19.4387 25388
19.4419 25392
19.445 25396
19.4482 25400
19.4513 25404
19.4545 25408
19.4576 25412
19.4608 25416
19.4639 25420
19.4671 25424
19.4703 25428
19.4734 25432
19.4766 25436
19.4797 25440
19.4829 25444
19.486 25448
19.4892 25452
19.4923 25456
19.4955 25460
19.4986 25464
19.5018 25468
19.5049 25472
19.5081 25476
19.5112 25480
19.5144 25484
19.5175 25488
19.5207 25492
19.5238 25496
19.527 25500
19.5301 25504
19.5333 25508
19.5364 25512
19.5396 25516
19.5427 25520
19.5459 25524
19.5491 25528
19.5522 25532
19.5554 25536
19.5585 25540
19.5617 25544
19.5648 25548
19.568 25552
19.5711 25556
19.5743 25560
19.5774 25564
19.5806 25568
19.5837 25572
19.5869 25576
19.59 25580
19.5932 25584
19.5963 25588
19.5995 25592
19.6026 25596
19.6058 25600
19.6089 25604
19.6121 25608
19.6152 25612
19.6184 25616
19.6215 25620
19.6247 25624
19.6279 25628
19.631 25632
19.6342 25636
19.6373 25640
19.6405 25644
19.6436 25648
19.6468 25652
19.6499 25656
19.6531 25660
19.6562 25664
19.6594 25668
19.6625 25672
19.6657 25676
19.6688 25680
19.672 25684
19.6751 25688
19.6783 25692
19.6814 25696
19.6846 25700
19.6877 25704
19.6909 25708
19.694 25712
19.6972 25716
19.7003 25720
19.7035 25724
19.7067 25728
19.7098 25732
19.713 25736
19.7161 25740
19.7193 25744
19.7224 25748
19.7256 25752
19.7287 25756
19.7319 25760
19.735 25764
19.7382 25768
19.7413 25772
19.7445 25776
19.7476 25780
19.7508 25784
19.7539 25788
19.7571 25792
19.7602 25796
19.7634 25800
19.7665 25804
19.7697 25808
19.7728 25812
19.776 25816
19.7791 25820
19.7823 25824
19.7855 25828
19.7886 25832
19.7918 25836
19.7949 25840
19.7981 25844
19.8012 25848
19.8044 25852
19.8075 25856
19.8107 25860
19.8138 25864
19.817 25868
19.8201 25872
19.8233 25876
19.8264 25880
19.8296 25884
19.8327 25888
19.8359 25892
19.839 25896
19.8422 25900
19.8453 25904
19.8485 25908
19.8516 25912
19.8548 25916
19.8579 25920
19.8611 25924
19.8643 25928
19.8674 25932
19.8706 25936
19.8737 25940
19.8769 25944
19.88 25948
19.8832 25952
19.8863 25956
19.8895 25960
19.8926 25964
19.8958 25968
19.8989 25972
19.9021 25976
19.9052 25980
19.9084 25984
19.9115 25988
19.9147 25992
19.9178 25996
19.921 26000
19.9241 26004
19.9273 26008
19.9304 26012
19.9336 26016
19.9367 26020
19.9399 26024
19.9431 26028
19.9462 26032
19.9494 26036
19.9525 26040
19.9557 26044
19.9588 26048
19.962 26052
19.9651 26056
19.9683 26060
19.9714 26064
19.9746 26068
19.9777 26072
19.9809 26076
19.984 26080
19.9872 26084
19.9903 26088
19.9935 26092
19.9966 26096
19.9998 26100
20.0029 26104
20.0061 26108
20.0092 26112
20.0124 26116
20.0155 26120
20.0187 26124
20.0219 26128
20.025 26132
20.0282 26136
20.0313 26140
20.0345 26144
20.0376 26148
20.0408 26152
20.0439 26156
20.0471 26160
20.0502 26164
20.0534 26168
20.0565 26172
20.0597 26176
20.0628 26180
20.066 26184
20.0691 26188
20.0723 26192
20.0754 26196
20.0786 26200
20.0817 26204
20.0849 26208
20.088 26212
20.0912 26216
20.0943 26220
20.0975 26224
