0.0 0
0.0905768 0.09
0.18279 0.09025
0.276537 0.0907188
0.370283 0.0911289
0.462454 0.102988
0.465606 0.101989
0.5562 0.100991
0.559352 0.100492
0.562504 0.100055
0.649946 0.0991734
0.653098 0.0989017
0.65625 0.098664
0.659402 0.098456
0.742117 0.108649
0.745269 0.107068
0.748421 0.105559
0.751573 0.104614
0.754725 0.103788
0.757877 0.103064
0.834287 0.112056
0.837439 0.109924
0.840591 0.108059
0.843743 0.106801
0.846895 0.105701
0.850047 0.104864
0.853199 0.104506
0.856351 0.104192
0.859503 0.103918
0.926458 0.112054
0.92961 0.109922
0.932762 0.108057
0.935914 0.1068
0.939066 0.105825
0.942218 0.104972
0.94537 0.1046
0.948522 0.104275
0.951674 0.103866
0.954826 0.103882
0.957978 0.103897
0.96113 0.104035
0.964282 0.104531
0.967434 0.104964
1.0202 0.103594
1.02336 0.10277
1.02651 0.102048
1.02966 0.101417
1.03281 0.10124
1.03596 0.101085
1.03912 0.100949
1.04227 0.101206
1.04542 0.10143
1.04857 0.101626
1.05172 0.102173
1.05488 0.102651
1.05803 0.103195
1.06118 0.104046
1.06433 0.10479
1.06748 0.105441
1.07064 0.106386
1.07379 0.107088
1.07694 0.107702
1.08009 0.108739
1.08324 0.109647
1.11395 0.107566
1.1171 0.106245
1.12025 0.105089
1.12341 0.104078
1.12656 0.103569
1.12971 0.103122
1.13286 0.102732
1.13601 0.102891
1.13917 0.103029
1.14232 0.103026
1.14547 0.103397
1.14862 0.103723
1.15177 0.104007
1.15493 0.104631
1.15808 0.105303
1.16123 0.10589
1.16438 0.106779
1.16753 0.107556
1.17069 0.108112
1.17384 0.108973
1.17699 0.109726
1.18014 0.11051
1.18329 0.111572
1.18645 0.1125
1.1896 0.113313
1.19275 0.114399
1.1959 0.115349
1.19905 0.116305
1.20221 0.117517
1.20536 0.118452
1.20851 0.119271
1.21166 0.120362
1.21481 0.117942
1.21797 0.115699
1.22112 0.114237
1.22427 0.112957
1.22742 0.111837
1.23057 0.111233
1.23373 0.110704
1.23688 0.110241
1.24003 0.110336
1.24318 0.110419
1.24633 0.110366
1.24949 0.110696
1.25264 0.110984
1.25579 0.111236
1.25894 0.111831
1.26209 0.112477
1.26525 0.113043
1.2684 0.113912
1.27155 0.114673
1.2747 0.115339
1.27785 0.116297
1.28101 0.117135
1.28416 0.117868
1.28731 0.118884
1.29046 0.119774
1.29361 0.120552
1.29677 0.121608
1.29992 0.122532
1.30307 0.123466
1.30622 0.124657
1.30937 0.1257
1.31253 0.126488
1.31568 0.127552
1.31883 0.128483
1.32198 0.129297
1.32513 0.13051
1.32829 0.131571
1.33144 0.1325
1.33459 0.133688
1.33774 0.134727
1.34089 0.135511
1.34405 0.136697
1.3472 0.137735
1.35035 0.138643
1.3535 0.139813
1.35665 0.140836
1.35981 0.141732
1.36296 0.14289
1.36611 0.144029
1.36926 0.145025
1.37241 0.146272
1.37557 0.147238
1.37872 0.148083
1.38187 0.149198
1.38502 0.150298
1.38817 0.151261
1.39133 0.152478
1.39448 0.153543
1.39763 0.154476
1.40078 0.155666
1.40393 0.156583
1.40709 0.15751
1.41024 0.158696
1.41339 0.159734
1.41654 0.160642
1.41969 0.161812
1.42285 0.162836
1.426 0.163731
1.42915 0.165015
1.4323 0.166138
1.43545 0.166996
1.43861 0.168121
1.44176 0.169106
1.44491 0.169968
1.44806 0.171222
1.45121 0.172319
1.45437 0.173279
1.45752 0.174494
1.46067 0.175558
1.46382 0.176363
1.46697 0.177442
1.47013 0.178512
1.47328 0.179448
1.47643 0.180642
1.47958 0.181687
1.48273 0.182601
1.48589 0.183776
1.48904 0.184929
1.49219 0.185938
1.49534 0.187196
1.49849 0.188171
1.50165 0.189025
1.5048 0.190147
1.50795 0.191128
1.5111 0.192112
1.51425 0.193348
1.51741 0.19443
1.52056 0.195376
1.52371 0.196579
1.52686 0.197632
1.53001 0.198553
1.53317 0.199734
1.53632 0.200767
1.53947 0.201671
1.54262 0.202837
1.54577 0.203858
1.54893 0.20475
1.55208 0.206032
1.55523 0.207153
1.55838 0.208009
1.56153 0.209132
1.56469 0.210116
1.56784 0.210976
1.57099 0.212104
1.57414 0.213216
1.57729 0.214189
1.58045 0.215416
1.5836 0.216489
1.58675 0.217428
1.5899 0.218624
1.59305 0.219671
1.59621 0.220587
1.59936 0.221764
1.60251 0.222793
1.60566 0.223694
1.60881 0.224857
1.61197 0.225875
1.61512 0.226891
1.61827 0.228154
1.62142 0.229135
1.62457 0.229993
1.62773 0.231119
1.63088 0.232104
1.63403 0.233091
1.63718 0.23433
1.64033 0.235414
1.64349 0.236362
1.64664 0.237567
1.64979 0.238621
1.65294 0.239418
1.65609 0.240616
1.65925 0.241664
1.6624 0.242581
1.66555 0.243758
1.6687 0.244789
1.67185 0.24569
1.67501 0.246979
1.67816 0.248106
1.68131 0.249093
1.68446 0.250331
1.68761 0.25129
1.69077 0.252129
1.69392 0.253238
1.69707 0.254333
1.70022 0.255291
1.70337 0.256505
1.70653 0.257567
1.70968 0.258496
1.71283 0.259684
1.71598 0.260598
1.71913 0.261524
1.72229 0.262708
1.72544 0.263745
1.72859 0.264652
1.73174 0.26582
1.73489 0.266843
1.73805 0.267862
1.7412 0.26913
1.74435 0.270238
1.7475 0.271084
1.75065 0.272198
1.75381 0.273173
1.75696 0.274027
1.76011 0.275273
1.76326 0.276364
1.76641 0.277319
1.76957 0.278529
1.77272 0.279588
1.77587 0.280389
1.77902 0.281591
1.78217 0.282642
1.78533 0.283562
1.78848 0.284741
1.79163 0.285774
1.79478 0.286677
1.79793 0.287842
1.80109 0.288987
1.80424 0.289989
1.80739 0.29124
1.81054 0.29221
1.81369 0.293059
1.81685 0.294176
1.82 0.295154
1.82315 0.296135
1.8263 0.297368
1.82945 0.298447
1.83261 0.299391
1.83576 0.300592
1.83891 0.301518
1.84206 0.302454
1.84521 0.303647
1.84837 0.304691
1.85152 0.305605
1.85467 0.306779
1.85782 0.307807
1.86097 0.308706
1.86413 0.309993
1.86728 0.311119
1.87043 0.311979
1.87358 0.313106
1.87673 0.314093
1.87989 0.314956
1.88304 0.316212
1.88619 0.31731
1.88934 0.318272
1.89249 0.319488
1.89565 0.320552
1.8988 0.321483
1.90195 0.322672
1.9051 0.323713
1.90825 0.324624
1.91141 0.325796
1.91456 0.326822
1.91771 0.327719
1.92086 0.328879
1.92401 0.330019
1.92717 0.331017
6.49766 0.304515
6.50081 0.2817
6.50396 0.261488
6.50711 0.244302
6.51027 0.229014
6.5615 0.221512
6.58983 0.206323
6.59298 0.192408
6.59613 0.180357
6.59928 0.169812
6.60244 0.160461
6.60559 0.152278
6.65524 0.144993
6.68357 0.138619
6.68673 0.133042
6.68988 0.128037
6.69303 0.123782
6.69618 0.120059
6.69933 0.116802
6.74899 0.113827
6.77732 0.111348
6.78047 0.10918
6.78362 0.107282
6.78678 0.105997
6.78993 0.104747
6.79308 0.103779
6.84116 0.108557
6.86949 0.110112
6.87264 0.108223
6.8758 0.10657
6.87895 0.105124
6.8821 0.103983
6.88525 0.102985
6.93333 0.107612
6.96166 0.109161
6.96481 0.107391
6.96797 0.105842
6.97112 0.104612
6.97427 0.103535
6.97742 0.102468
6.98057 0.101535
7.02708 0.100593
7.05541 0.0997688
7.05856 0.0990477
7.06171 0.0984167
7.06486 0.0977396
7.06802 0.0972722
7.07117 0.0968631
7.07432 0.0965053
7.12082 0.0960671
7.14915 0.0958087
7.15231 0.0955826
7.15546 0.0953848
7.15861 0.0952117
7.16176 0.0949352
7.16491 0.0946933
7.16807 0.0949817
7.213 0.100359
7.24132 0.102939
7.24448 0.101947
7.24763 0.101078
7.25078 0.100319
7.25393 0.0996537
7.25708 0.099197
7.26024 0.0987974
7.30517 0.103573
7.3335 0.105751
7.33665 0.104407
7.3398 0.103231
7.34295 0.102202
7.3461 0.101427
7.34926 0.100749
7.35241 0.10003
7.39734 0.104651
7.40049 0.103445
7.42724 0.102264
7.43039 0.101231
7.43355 0.100327
7.4367 0.0995365
7.43985 0.0987194
7.443 0.0981295
7.44615 0.0976133
7.49108 0.0971616
7.49423 0.0967664
7.52099 0.0962956
7.52414 0.0960087
7.52729 0.0957576
7.53044 0.0955379
7.5336 0.0953456
7.53675 0.0950524
7.5399 0.0947959
7.58483 0.0945714
7.58798 0.094375
7.61473 0.0943281
7.61789 0.0946621
7.62104 0.0949543
7.62419 0.09521
7.62734 0.0954338
7.63049 0.0956296
7.63365 0.0958009
7.677 0.100951
7.68015 0.100332
7.7069 0.102665
7.71006 0.101832
7.71321 0.101103
7.71636 0.10034
7.71951 0.0996728
7.72266 0.0990887
7.72582 0.0985776
7.76917 0.103255
7.77232 0.102348
7.79908 0.10443
7.80223 0.103376
7.80538 0.102329
7.80853 0.101413
7.81168 0.100611
7.81484 0.09991
7.81799 0.0992962
7.82114 0.0988842
7.86292 0.0981487
7.86607 0.0976301
7.89282 0.0970513
7.89597 0.0965449
7.89913 0.0962268
7.90228 0.0959484
7.90543 0.0957049
7.90858 0.0954918
7.91173 0.0953053
7.91489 0.0950171
7.95666 0.09489
7.95981 0.0946537
7.98657 0.094572
7.98972 0.0945005
7.99287 0.094313
7.99602 0.0942738
7.99918 0.0942396
8.00233 0.0945847
8.00548 0.0948866
8.00863 0.0951508
8.04883 0.100007
8.05198 0.099381
8.07874 0.101833
8.08189 0.100979
8.08504 0.100357
8.08819 0.0998122
8.09135 0.0992107
8.0945 0.0986844
8.09765 0.0982238
8.1008 0.0978208
8.141 0.102218
8.14416 0.101441
8.17091 0.103636
8.17406 0.102681
8.17721 0.101846
8.18036 0.10099
8.18352 0.100242
8.18667 0.0995864
8.18982 0.0990131
8.19297 0.0985115
8.19612 0.0981975
8.23475 0.0975478
8.2379 0.0969794
8.26466 0.0966069
8.26781 0.0961561
8.27096 0.0957616
8.27411 0.0955414
8.27726 0.0953487
8.28041 0.0951801
8.28357 0.0950326
8.28672 0.0949035
8.28987 0.0946656
8.3285 0.0945824
8.33165 0.0945096
8.3584 0.0944459
8.36155 0.0943902
8.36471 0.0943414
8.36786 0.0941737
8.37101 0.094152
8.37416 0.094133
8.37731 0.0941164
8.38047 0.0941018
8.38362 0.0940891
8.42224 0.094078
8.42539 0.0944432
8.45057 0.0975128
8.45372 0.0971987
8.45688 0.0969239
8.46003 0.0968084
8.46318 0.0967073
8.46633 0.0964939
8.46948 0.0963072
8.47264 0.0961438
8.47579 0.0960008
8.51441 0.100376
8.51756 0.0997037
8.54274 0.101866
8.54589 0.101008
8.54905 0.100382
8.5522 0.0998339
8.55535 0.0992297
8.5585 0.098701
8.56165 0.0982383
8.56481 0.0978335
8.56796 0.0974794
8.60658 0.101669
8.60974 0.100836
8.63491 0.102856
8.63806 0.101999
8.64122 0.101249
8.64437 0.100468
8.64752 0.0997847
8.65067 0.0991866
8.65382 0.0986632
8.65698 0.0982053
8.66013 0.0979297
8.66328 0.0976885
8.70033 0.0972274
8.70348 0.096824
8.72866 0.096471
8.73181 0.0960371
8.73496 0.0956575
8.73811 0.0954503
8.74127 0.095269
8.74442 0.0951104
8.74757 0.0949716
8.75072 0.0948501
8.75387 0.0946189
8.75703 0.0945415
8.79408 0.0944738
8.79723 0.0944146
8.82241 0.0943628
8.82556 0.0943174
8.82871 0.0942777
8.83186 0.094118
8.83501 0.0944783
8.83817 0.0947935
8.84132 0.0950693
8.84447 0.0953106
8.84762 0.0955218
8.85077 0.0957066
8.88625 0.0998683
8.8894 0.0992597
8.91458 0.101477
8.91773 0.100668
8.92088 0.0999591
8.92403 0.0994643
8.92718 0.0990312
8.93034 0.0985273
8.93349 0.0980864
8.93664 0.0977006
8.93979 0.097363
8.94294 0.0970676
8.97842 0.100934
8.98157 0.100192
9.00675 0.102293
9.0099 0.101382
9.01305 0.100709
9.0162 0.10012
9.01935 0.0994803
9.02251 0.0989203
9.02566 0.0984302
9.02881 0.0980015
9.03196 0.0976263
9.03511 0.097423
9.03827 0.0972451
9.07216 0.0968395
9.07532 0.0964845
9.10049 0.096174
9.10364 0.0959022
9.1068 0.0955394
9.10995 0.095222
9.1131 0.0950693
9.11625 0.0949356
9.1194 0.0948187
9.12256 0.0947163
9.12571 0.0946268
9.12886 0.0944234
9.13201 0.0943705
9.16591 0.0941992
9.16906 0.0941743
9.19424 0.0941525
9.19739 0.0941334
9.20054 0.0941168
9.20369 0.0941022
9.20685 0.0939644
9.21 0.0938438
9.21315 0.0938634
9.2163 0.0938804
9.21945 0.0938954
9.22261 0.0942835
9.22576 0.094623
9.25808 0.0985451
9.26123 0.098227
9.28641 0.100574
9.28956 0.0998769
9.29271 0.0992673
9.29587 0.0987339
9.29902 0.0983922
9.30217 0.0980931
9.30532 0.0978315
9.30847 0.0974776
9.31163 0.0971679
9.31478 0.0968969
9.31793 0.0966598
9.35025 0.100202
9.3534 0.099552
9.37858 0.101733
9.38173 0.100891
9.38488 0.100155
9.38804 0.0996356
9.39119 0.0991811
9.39434 0.0986585
9.39749 0.0982012
9.40064 0.097801
9.4038 0.0974509
9.40695 0.0971445
9.4101 0.0970015
9.41325 0.0968763
9.444 0.0963918
9.44715 0.0960928
9.47233 0.0958312
9.47548 0.0956023
9.47863 0.095402
9.48178 0.0951017
9.48493 0.094839
9.48809 0.0947342
9.49124 0.0946424
9.49439 0.0945621
9.49754 0.0944918
9.50069 0.0944303
9.50385 0.0942516
9.507 0.0940951
9.53774 0.0940832
9.54089 0.0939478
9.56607 0.0939543
9.56922 0.09396
9.57238 0.093965
9.57553 0.0939694
9.57868 0.0939732
9.58183 0.0938516
9.58498 0.0937451
9.58814 0.093777
9.59129 0.0938049
9.59444 0.0938293
9.59759 0.0938506
9.60074 0.0938693
9.63149 0.0938856
9.63464 0.0938999
9.65824 0.0969124
9.66139 0.0966734
9.66455 0.0964642
9.6677 0.0962812
9.67085 0.096121
9.674 0.0961059
9.67715 0.0960927
9.68031 0.0960811
9.68346 0.0959459
9.68661 0.0958277
9.68976 0.0957242
9.69291 0.0956337
9.72366 0.0990545
9.72681 0.0985477
9.75041 0.100729
9.75357 0.100013
9.75672 0.0993864
9.75987 0.0988381
9.76302 0.0984834
9.76617 0.0981729
9.76933 0.0977763
9.77248 0.0974293
9.77563 0.0971256
9.77878 0.0968599
9.78193 0.0966274
9.78509 0.096549
9.81583 0.0998554
9.81898 0.0992485
9.84258 0.101342
9.84574 0.10055
9.84889 0.0998559
9.85204 0.0993739
9.85519 0.0989522
9.85834 0.0984581
9.8615 0.0980259
9.86465 0.0976476
9.8678 0.0973167
9.87095 0.0970271
9.8741 0.0968987
9.87726 0.0967864
9.88041 0.0965631
9.90958 0.0962427
9.91273 0.0959624
9.93633 0.0957171
9.93948 0.0955024
9.94263 0.0953146
9.94579 0.0950253
9.94894 0.0947721
9.95209 0.0946756
9.95524 0.0945912
9.95839 0.0945173
9.96155 0.0944526
9.9647 0.094396
9.96785 0.0942215
9.971 0.0941938
9.97415 0.0941696
10.0033 0.0941484
10.0065 0.0941299
10.0301 0.0941136
10.0332 0.0940994
10.0364 0.094087
10.0395 0.0940761
10.0427 0.0940666
10.0458 0.0944333
10.049 0.0946291
10.0521 0.0949255
10.0553 0.0951848
10.0584 0.0954117
10.0616 0.0956102
10.0647 0.095784
10.0679 0.095811
10.0955 0.0989596
10.0986 0.0984646
10.1222 0.100657
10.1254 0.0999495
10.1286 0.0993308
10.1317 0.0987895
10.1349 0.0983158
10.138 0.0980263
10.1412 0.097773
10.1443 0.0975514
10.1475 0.0972325
10.1506 0.0969534
10.1538 0.0967092
10.1569 0.0964956
10.1601 0.0964336
10.1877 0.0993794
10.1908 0.098832
10.2144 0.100978
10.2176 0.100231
10.2207 0.0995769
10.2239 0.0990048
10.227 0.0986292
10.2302 0.0983005
10.2333 0.097888
10.2365 0.097527
10.2396 0.0972111
10.2428 0.0969347
10.2459 0.0966929
10.2491 0.0966063
10.2522 0.0965305
10.2554 0.0963392
10.2814 0.0960468
10.2846 0.0957909
10.3082 0.0955671
10.3113 0.0953712
10.3145 0.0951998
10.3176 0.0950498
10.3208 0.0947936
10.3239 0.0945694
10.3271 0.0944982
10.3302 0.0944359
10.3334 0.0943814
10.3365 0.0943338
10.3397 0.094292
10.3428 0.0941305
10.346 0.0939892
10.3491 0.0939906
10.3752 0.0939917
10.3783 0.0939928
10.4019 0.0938687
10.4051 0.0938851
10.4082 0.0938995
10.4114 0.093912
10.4145 0.093923
10.4177 0.0939326
10.4208 0.0938161
10.424 0.0937141
10.4271 0.0937498
10.4303 0.0937811
10.4334 0.0938084
10.4366 0.0938324
10.4397 0.0942283
10.4429 0.0945748
10.4673 0.0975029
10.4705 0.0971901
10.4941 0.0995413
10.4972 0.0990986
10.5004 0.0985863
10.5035 0.098138
10.5067 0.0977458
10.5098 0.0974026
10.513 0.0971022
10.5161 0.0969645
10.5193 0.0968439
10.5224 0.0966134
10.5256 0.0964117
10.5288 0.0962353
10.5319 0.0960809
10.5351 0.0960707
10.5595 0.0986869
10.5626 0.098226
10.5863 0.100448
10.5894 0.0997668
10.5926 0.099171
10.5957 0.0986496
10.5989 0.0981934
10.602 0.0979192
10.6052 0.0976793
10.6083 0.0974694
10.6115 0.0971607
10.6146 0.0968906
10.6178 0.0966543
10.6209 0.0964475
10.6241 0.0963916
10.6272 0.0963426
10.6304 0.0961748
10.6532 0.0959029
10.6564 0.0956651
10.68 0.0953319
10.6831 0.0951655
10.6863 0.0950198
10.6895 0.0948923
10.6926 0.0947808
10.6958 0.0945582
10.6989 0.0943634
10.7021 0.094318
10.7052 0.0942782
10.7084 0.0942434
10.7115 0.094213
10.7147 0.0941864
10.7178 0.0940381
10.721 0.0939083
10.7241 0.0939198
10.747 0.0938048
10.7501 0.0938292
10.7737 0.0938506
10.7769 0.0937442
10.78 0.0937762
10.7832 0.0938042
10.7864 0.0938287
10.7895 0.0938501
10.7927 0.0938688
10.7958 0.0937602
10.799 0.0936652
10.8021 0.093707
10.8053 0.0937437
10.8084 0.0937757
10.8116 0.0938037
10.8147 0.0938283
10.8179 0.0937247
10.8407 0.0937591
10.8439 0.0936643
10.8675 0.0937062
10.8706 0.0937429
10.8738 0.0941501
10.8769 0.0943813
10.8801 0.0947086
10.8833 0.0949951
10.8864 0.0952457
10.8896 0.095465
10.8927 0.0956569
10.8959 0.0958247
10.899 0.0959717
10.9022 0.0961002
10.9053 0.0962127
10.9085 0.0963111
10.9116 0.0963972
10.9329 0.0987225
10.9361 0.0983822
10.9597 0.100584
10.9628 0.0998864
10.966 0.0992756
10.9691 0.0988661
10.9723 0.0985079
10.9754 0.0980694
10.9786 0.0976857
10.9817 0.09735
10.9849 0.0970562
10.988 0.0969242
10.9912 0.0968087
10.9943 0.0965826
10.9975 0.0963848
11.0006 0.0962117
11.0038 0.0960602
11.0251 0.0983027
11.0282 0.0980149
11.0518 0.100138
11.055 0.0994957
11.0581 0.0990588
11.0613 0.0986764
11.0644 0.0982169
11.0676 0.0978148
11.0707 0.0974629
11.0739 0.0971551
11.077 0.0970107
11.0802 0.0968843
11.0834 0.0966488
11.0865 0.0964427
11.0897 0.0962624
11.0928 0.0961046
11.096 0.0959665
11.0991 0.0959707
11.1188 0.0955993
11.122 0.0952744
11.1456 0.0951151
11.1487 0.0949757
11.1519 0.0947288
11.155 0.0946377
11.1582 0.094558
11.1613 0.0944882
11.1645 0.0944272
11.1676 0.0943738
11.1708 0.0942021
11.1739 0.0940518
11.1771 0.0940453
11.1802 0.0940397
11.1834 0.0940347
11.1866 0.0940304
11.1897 0.0940266
11.1929 0.0938982
11.2126 0.093911
11.2157 0.0939221
11.2393 0.0939318
11.2425 0.0939404
11.2456 0.0939478
11.2488 0.0938293
11.2519 0.0937257
11.2551 0.09376
11.2582 0.09379
11.2614 0.0938162
11.2645 0.0938392
11.2677 0.0942343
11.2708 0.09458
11.274 0.0947575
11.2771 0.0950378
11.2803 0.0952831
11.2835 0.0954977
11.2866 0.0956855
11.3047 0.0977248
11.3079 0.0973842
11.3315 0.0997112
11.3346 0.0991223
11.3378 0.098607
11.341 0.0981561
11.3441 0.0978866
11.3473 0.0976508
11.3504 0.0973194
11.3536 0.0970295
11.3567 0.0967758
11.3599 0.0965538
11.363 0.0964846
11.3662 0.096424
11.3693 0.096371
11.3725 0.0961996
11.3756 0.0960497
11.3788 0.0959185
11.3969 0.0976787
11.4001 0.0974688
11.4237 0.0997852
11.4268 0.0991871
11.43 0.0986637
11.4331 0.0983307
11.4363 0.0980394
11.4394 0.0976595
11.4426 0.097327
11.4457 0.0970362
11.4489 0.0967816
11.452 0.0966839
11.4552 0.0965984
11.4583 0.0963986
11.4615 0.0962238
11.4646 0.0960708
11.4678 0.095937
11.4709 0.0958199
11.4741 0.0958424
11.4907 0.0956121
11.4938 0.0952856
11.5174 0.0951249
11.5206 0.0949843
11.5237 0.0948612
11.5269 0.0946286
11.53 0.09455
11.5332 0.0944812
11.5363 0.0944211
11.5395 0.0943685
11.5426 0.0943224
11.5458 0.0941571
11.5489 0.0940125
11.5521 0.0940109
11.5552 0.0940095
11.5584 0.0940083
11.5615 0.0940073
11.5647 0.0940064
11.5678 0.0938806
11.5844 0.0938955
11.5876 0.0939086
11.6112 0.09392
11.6143 0.09393
11.6175 0.0939388
11.6206 0.0939464
11.6238 0.0938281
11.6269 0.0937246
11.6301 0.093759
11.6332 0.0937891
11.6364 0.0938155
11.6395 0.0938386
11.6427 0.0938587
11.6458 0.0937514
11.649 0.0936575
11.6521 0.0937003
11.6553 0.0937378
11.6584 0.0937705
11.6616 0.0937992
11.6766 0.0956993
11.6797 0.0956119
11.7033 0.0981604
11.7065 0.0977654
11.7096 0.0974197
11.7128 0.0971172
11.7159 0.0968526
11.7191 0.096746
11.7222 0.0966527
11.7254 0.0964462
11.7285 0.0962654
11.7317 0.0961072
11.7348 0.0959688
11.738 0.0958477
11.7412 0.0958667
11.7443 0.0958834
11.7475 0.095773
11.7506 0.0956764
11.7538 0.0955918
11.7687 0.0970178
11.7719 0.0967656
11.7955 0.0991699
11.7987 0.0986487
11.8018 0.0981926
11.805 0.0977935
11.8081 0.0975693
11.8113 0.0973732
11.8144 0.0970765
11.8176 0.0968169
11.8207 0.0965898
11.8239 0.0963911
11.827 0.0963422
11.8302 0.0962994
11.8333 0.096262
11.8365 0.0961043
11.8396 0.0959662
11.8428 0.0958454
11.8459 0.0957398
11.8609 0.0971473
11.8641 0.0970039
11.8877 0.0993784
11.8908 0.0988311
11.894 0.0983522
11.8971 0.0980582
11.9003 0.0978009
11.9034 0.0974508
11.9066 0.0971444
11.9097 0.0968764
11.9129 0.0966418
11.916 0.0965616
11.9192 0.0964914
11.9223 0.096305
11.9255 0.0961419
11.9286 0.0959991
11.9318 0.0958742
11.9349 0.095765
11.9381 0.0957943
11.9413 0.09582
11.9547 0.0955925
11.9578 0.0952685
11.9814 0.0951099
11.9846 0.0949712
11.9877 0.0948498
11.9909 0.0946186
11.994 0.0945412
11.9972 0.0944736
12.0003 0.0944144
12.0035 0.0943626
12.0066 0.0943173
12.0098 0.0941526
12.0129 0.0940085
12.0161 0.0940075
12.0192 0.0940065
12.0224 0.0940057
12.0255 0.094005
12.0287 0.0940044
12.0318 0.0938788
12.035 0.093769
12.0484 0.0937978
12.0516 0.0938231
12.0752 0.0938452
12.0783 0.0938646
12.0815 0.0938815
12.0846 0.0938963
12.0878 0.0937843
12.0909 0.0936862
12.0941 0.0941005
12.0972 0.0944629
12.1004 0.09478
12.1035 0.0950575
12.1067 0.0953003
12.1098 0.0955128
12.113 0.0955737
12.1161 0.095752
12.1193 0.095908
12.1224 0.0960445
12.1256 0.0961639
12.1287 0.0962684
12.1406 0.0974849
12.1437 0.0971743
12.1673 0.0995275
12.1705 0.0989615
12.1736 0.0984664
12.1768 0.0980331
12.1799 0.0976539
12.1831 0.0974472
12.1862 0.0972663
12.1894 0.096983
12.1925 0.0967351
12.1957 0.0965182
12.1989 0.0963285
12.202 0.0962874
12.2052 0.0962515
12.2083 0.09622
12.2115 0.0960675
12.2146 0.0959341
12.2178 0.0958173
12.2209 0.0957152
12.2327 0.0967508
12.2359 0.0965319
12.2595 0.0989654
12.2627 0.0984698
12.2658 0.098036
12.269 0.0976565
12.2721 0.0974495
12.2753 0.0972683
12.2784 0.0969847
12.2816 0.0967367
12.2847 0.0965196
12.2879 0.0963296
12.291 0.0962884
12.2942 0.0962524
12.2973 0.0960958
12.3005 0.0959588
12.3036 0.095839
12.3068 0.0957341
12.3099 0.0956423
12.3131 0.0956871
12.3162 0.0957262
12.3265 0.0955104
12.3296 0.0953216
12.3532 0.0951564
12.3564 0.0950118
12.3596 0.0948854
12.3627 0.0947747
12.3659 0.0945529
12.369 0.0944838
12.3722 0.0944233
12.3753 0.0943704
12.3785 0.0943241
12.3816 0.0942836
12.3848 0.0941231
12.3879 0.0939827
12.3911 0.0939849
12.3942 0.0939868
12.3974 0.0939884
12.4005 0.0939899
12.4037 0.0939911
12.4068 0.0938672
12.41 0.0937588
12.4202 0.093789
12.4234 0.0938154
12.447 0.0937134
12.4501 0.0937493
12.4533 0.0937806
12.4565 0.093808
12.4596 0.093832
12.4628 0.093728
12.4659 0.093637
12.4691 0.0936824
12.4722 0.0937221
12.4754 0.0937568
12.4785 0.0937872
12.4817 0.0938138
12.4848 0.0937121
12.488 0.0939981
12.4911 0.0943733
12.4943 0.0947017
12.4974 0.0949889
12.5006 0.0952403
12.5037 0.0954603
12.5124 0.0964028
12.5156 0.0962274
12.5392 0.098699
12.5423 0.0983616
12.5455 0.0979414
12.5486 0.0975737
12.5518 0.097252
12.5549 0.0969705
12.5581 0.0968492
12.5612 0.096743
12.5644 0.0965252
12.5675 0.0963345
12.5707 0.0961677
12.5738 0.0960217
12.577 0.095894
12.5801 0.0959073
12.5833 0.0959189
12.5864 0.095804
12.5896 0.0957035
12.5927 0.0956156
12.5959 0.0955386
12.6046 0.0962213
12.6077 0.0960686
12.6313 0.09856
12.6345 0.098115
12.6376 0.0977257
12.6408 0.097385
12.6439 0.0970868
12.6471 0.096951
12.6502 0.0968321
12.6534 0.0966031
12.6566 0.0964027
12.6597 0.0962274
12.6629 0.0960739
12.666 0.0960647
12.6692 0.0960566
12.6723 0.0960495
12.6755 0.0959183
12.6786 0.0958036
12.6818 0.0957031
12.6849 0.0956152
12.6881 0.0956633
12.6912 0.0957054
12.6983 0.0954922
12.7015 0.0953057
12.7251 0.0951425
12.7282 0.0949997
12.7314 0.0948747
12.7345 0.0947654
12.7377 0.0946697
12.7408 0.094461
12.744 0.0942784
12.7471 0.0942436
12.7503 0.0942131
12.7535 0.0941865
12.7566 0.0941632
12.7598 0.0940178
12.7629 0.0938906
12.7661 0.0939042
12.7692 0.0939162
12.7724 0.0939267
12.7755 0.0939358
12.7787 0.0939439
12.7818 0.0938259
12.785 0.0937226
12.7921 0.0937573
12.7952 0.0937876
12.8188 0.0936892
12.822 0.093603
12.8251 0.0936527
12.8283 0.0936961
12.8314 0.0937341
12.8346 0.0937673
12.8377 0.0937964
12.8409 0.0936968
12.844 0.0937347
12.8472 0.0937679
12.8503 0.0937969
12.8535 0.0938223
12.8567 0.0938445
12.8598 0.0937389
12.863 0.0936466
12.8661 0.0936908
12.8693 0.0937294
12.8724 0.0937632
12.8756 0.0937928
12.8787 0.0938187
12.8858 0.0937164
12.889 0.0936268
12.9126 0.0936735
12.9157 0.0937143
12.9189 0.093625
12.922 0.0940469
12.9252 0.094416
12.9283 0.094739
12.9315 0.0950216
12.9346 0.0952689
12.9378 0.0954853
12.9409 0.0955497
12.9441 0.0957309
12.9472 0.0958896
12.9504 0.0960284
12.9536 0.0961498
12.9567 0.0962561
12.9599 0.0963491
12.963 0.0964305
12.9662 0.0965016
12.9693 0.0965639
12.9725 0.0966184
12.978 0.0969161
12.9811 0.0968016
13.0047 0.0992014
13.0079 0.0986762
13.011 0.0983417
13.0142 0.098049
13.0174 0.0976679
13.0205 0.0973344
13.0237 0.0970426
13.0268 0.0967873
13.03 0.0965639
13.0331 0.0964934
13.0363 0.0964317
13.0394 0.0962527
13.0426 0.0960961
13.0457 0.0959591
13.0489 0.0958392
13.052 0.0958593
13.0552 0.0958769
13.0583 0.0957673
13.0615 0.0956714
13.0646 0.0955875
13.0702 0.095889
13.0733 0.0959029
13.0969 0.09829
13.1001 0.0980038
13.1032 0.0977533
13.1064 0.0974091
13.1095 0.097108
13.1127 0.0968445
13.1158 0.0966139
13.119 0.0964122
13.1221 0.0963607
13.1253 0.0963156
13.1284 0.0961511
13.1316 0.0960072
13.1347 0.0958813
13.1379 0.0957712
13.141 0.0957998
13.1442 0.0958248
13.1473 0.0957217
13.1505 0.0956315
13.1537 0.0955526
13.1568 0.0954835
13.16 0.095423
13.1639 0.0951202
13.1671 0.0949801
13.1907 0.0948576
13.1938 0.0946254
13.197 0.0944222
13.2001 0.0943695
13.2033 0.0943233
13.2064 0.0942829
13.2096 0.0942475
13.2127 0.0942166
13.2159 0.0940645
13.219 0.0940564
13.2222 0.0940494
13.2253 0.0940432
13.2285 0.0940378
13.2316 0.0940331
13.2348 0.0939039
13.2379 0.093791
13.2411 0.0938171
13.2442 0.0938399
13.2474 0.09386
13.2506 0.0938775
13.2537 0.0938928
13.2577 0.0939062
13.2608 0.0937929
13.2844 0.0938188
13.2876 0.0938414
13.2907 0.0938613
13.2939 0.0937536
13.297 0.0937844
13.3002 0.0938114
13.3033 0.0938349
13.3065 0.0938556
13.3096 0.0938736
13.3128 0.0937644
13.3159 0.0936689
13.3191 0.0940853
13.3222 0.0944496
13.3254 0.0947684
13.3285 0.0950473
13.3317 0.0952914
13.3348 0.095505
13.338 0.0955669
13.3411 0.095746
13.3443 0.0959028
13.3474 0.0960399
13.3506 0.0961599
13.3538 0.0961399
13.3766 0.0986224
13.3797 0.0981696
13.3829 0.0977734
13.386 0.0975518
13.3892 0.0973578
13.3923 0.0970631
13.3955 0.0968052
13.3986 0.0965795
13.4018 0.0963821
13.4049 0.0962093
13.4081 0.0961832
13.4113 0.0961603
13.4144 0.0960152
13.4176 0.0958883
13.4207 0.0957773
13.4239 0.0956801
13.427 0.0957201
13.4302 0.0957551
13.4333 0.0957857
13.4365 0.0956875
13.4396 0.0956016
13.4428 0.0955264
13.4459 0.0954606
13.4687 0.097903
13.4719 0.0975401
13.4751 0.0973476
13.4782 0.0971792
13.4814 0.0969068
13.4845 0.0966684
13.4877 0.0964599
13.4908 0.0962774
13.494 0.0961177
13.4971 0.096103
13.5003 0.0960901
13.5034 0.0959539
13.5066 0.0958346
13.5097 0.0957303
13.5129 0.095639
13.516 0.0956841
13.5192 0.0957236
13.5223 0.0956332
13.5255 0.095554
13.5286 0.0954848
13.5318 0.0954242
13.5349 0.0953711
13.5381 0.0954498
13.5412 0.0955185
13.5625 0.0953287
13.5656 0.0951626
13.5688 0.0948923
13.572 0.0946558
13.5751 0.0945738
13.5783 0.0945021
13.5814 0.0944393
13.5846 0.0943844
13.5877 0.0943363
13.5909 0.0941693
13.594 0.0941481
13.5972 0.0941296
13.6003 0.0941134
13.6035 0.0940992
13.6066 0.0940868
13.6098 0.093951
13.6129 0.0938321
13.6161 0.0938531
13.6192 0.0938715
13.6224 0.0938875
13.6255 0.0939016
13.6287 0.0939139
13.6318 0.0937996
13.635 0.0936997
13.6562 0.0937372
13.6594 0.0937701
13.6625 0.0937988
13.6657 0.093824
13.6689 0.093721
13.672 0.0937558
13.6752 0.0937864
13.6783 0.0938131
13.6815 0.0938364
13.6846 0.0938569
13.6878 0.0937498
13.6909 0.093656
13.6941 0.093699
13.6972 0.0937367
13.7004 0.0937696
13.7035 0.0937984
13.7067 0.0938236
13.7098 0.0937206
13.713 0.0936306
13.7161 0.0940517
13.7193 0.0944203
13.7224 0.0947427
13.7256 0.0950249
13.7287 0.0952718
13.7484 0.0976128
13.7516 0.0972862
13.7547 0.0970004
13.7579 0.0967504
13.761 0.0966566
13.7642 0.0965745
13.7673 0.0963777
13.7705 0.0962055
13.7736 0.0960548
13.7768 0.0959229
13.7799 0.0958076
13.7831 0.0958316
13.7862 0.0958527
13.7894 0.0957461
13.7925 0.0956528
13.7957 0.0955712
13.7988 0.0954998
13.802 0.0954373
13.8051 0.0955077
13.8083 0.0955692
13.8115 0.0954981
13.8146 0.0954358
13.8178 0.0953813
13.8209 0.0953337
13.8406 0.097417
13.8437 0.0971148
13.8469 0.0968505
13.85 0.0967442
13.8532 0.0966511
13.8563 0.0964448
13.8595 0.0962642
13.8626 0.0961061
13.8658 0.0959679
13.869 0.0958469
13.8721 0.095866
13.8753 0.0958828
13.8784 0.0957724
13.8816 0.0956759
13.8847 0.0955914
13.8879 0.0955175
13.891 0.0955778
13.8942 0.0956306
13.8973 0.0956767
13.9005 0.0955921
13.9036 0.0955181
13.9068 0.0954534
13.9099 0.0953967
13.9131 0.0954721
13.9328 0.0975381
13.9359 0.0972208
13.9391 0.0970682
13.9422 0.0969347
13.9454 0.0966929
13.9485 0.0964813
13.9517 0.0962961
13.9548 0.0961341
13.958 0.0959923
13.9611 0.0959933
13.9643 0.0959941
13.9674 0.0958699
13.9706 0.0957611
13.9737 0.095666
13.9769 0.0955827
13.98 0.0956349
13.9832 0.0956805
13.9863 0.0955955
13.9895 0.095521
13.9926 0.0954559
13.9958 0.0953989
13.9989 0.095349
14.0021 0.0954304
14.0052 0.0955016
14.0084 0.0954389
14.0265 0.095259
14.0297 0.0951017
14.0328 0.094839
14.036 0.0946091
14.0391 0.094533
14.0423 0.0944663
14.0454 0.094408
14.0486 0.094357
14.0517 0.0943124
14.0549 0.0941484
14.058 0.0941298
14.0612 0.0941136
14.0643 0.0940994
14.0675 0.094087
14.0706 0.0940761
14.0738 0.0939416
14.0769 0.0938239
14.0801 0.0938459
14.0832 0.0938652
14.0864 0.093882
14.0895 0.0938968
14.0927 0.0939097
14.0958 0.093796
14.099 0.0936965
14.1021 0.0937344
14.1202 0.0937676
14.1234 0.0937967
14.1266 0.0938221
14.1297 0.0938443
14.1329 0.0937388
14.136 0.0937714
14.1392 0.0938
14.1423 0.093825
14.1455 0.0938469
14.1486 0.093866
14.1518 0.0937578
14.1549 0.094038
14.1581 0.0944083
14.1612 0.0947322
14.1644 0.0950157
14.1675 0.0952638
14.1707 0.0954808
14.1738 0.0956707
14.177 0.0957118
14.1801 0.0958729
14.1833 0.0960138
14.1864 0.096137
14.1896 0.0962449
14.1927 0.0963393
14.1959 0.0964219
14.2124 0.0981191
14.2156 0.0977293
14.2187 0.0973881
14.2219 0.0970896
14.225 0.0969534
14.2282 0.0968342
14.2313 0.0966049
14.2345 0.0964043
14.2376 0.0962288
14.2408 0.0960752
14.2439 0.0959408
14.2471 0.0959482
14.2502 0.0959547
14.2534 0.0958353
14.2565 0.0957309
14.2597 0.0956395
14.2628 0.0955596
14.266 0.0956147
14.2692 0.0956628
14.2723 0.095705
14.2755 0.0956168
14.2786 0.0955397
14.2818 0.0954723
14.2849 0.0954132
14.2881 0.0954866
14.3046 0.0971758
14.3077 0.0969038
14.3109 0.0966658
14.314 0.0965826
14.3172 0.0965098
14.3203 0.096321
14.3235 0.0961559
14.3267 0.0960114
14.3298 0.095885
14.333 0.0957744
14.3361 0.0958026
14.3393 0.0958273
14.3424 0.0957238
14.3456 0.0956334
14.3487 0.0955542
14.3519 0.0954849
14.355 0.0955493
14.3582 0.0956056
14.3613 0.0955299
14.3645 0.0954637
14.3676 0.0954057
14.3708 0.095355
14.3739 0.0953106
14.3771 0.0953968
14.3802 0.0954722
14.3834 0.0954132
14.3983 0.0952365
14.4015 0.095082
14.4046 0.0949467
14.4078 0.0947034
14.4109 0.0944905
14.4141 0.0944291
14.4172 0.0943755
14.4204 0.0943286
14.4235 0.0942875
14.4267 0.0942516
14.4299 0.0940951
14.433 0.0940832
14.4362 0.0940728
14.4393 0.0940637
14.4425 0.0940558
14.4456 0.0940488
14.4488 0.0939177
14.4519 0.093803
14.4551 0.0938276
14.4582 0.0938492
14.4614 0.093868
14.4645 0.0938845
14.4677 0.0938989
14.4708 0.0937866
14.474 0.0936883
14.4771 0.0937272
14.4921 0.0937613
14.4952 0.0937912
14.4984 0.0938173
14.5015 0.0938401
14.5047 0.0938601
14.5078 0.0937526
14.511 0.0936585
14.5141 0.0937012
14.5173 0.0937385
14.5204 0.0937712
14.5236 0.0937998
14.5268 0.0936998
14.5299 0.0936124
14.5331 0.0936608
14.5362 0.0937032
14.5394 0.0937403
14.5425 0.0937728
14.5457 0.0938012
14.5488 0.093701
14.552 0.0936134
14.5551 0.0936617
14.5583 0.093704
14.5614 0.093741
14.5646 0.0941484
14.5677 0.0945048
14.5709 0.0948167
14.5843 0.0963396
14.5874 0.0961722
14.5906 0.0960257
14.5937 0.0958975
14.5969 0.0957853
14.6 0.0958121
14.6032 0.0958356
14.6063 0.0958561
14.6095 0.0957491
14.6126 0.0956555
14.6158 0.0955735
14.6189 0.0955019
14.6221 0.0955641
14.6252 0.0956186
14.6284 0.0955413
14.6315 0.0954736
14.6347 0.0954144
14.6378 0.0953626
14.641 0.0953173
14.6441 0.0954026
14.6473 0.0954773
14.6504 0.0954176
14.6536 0.0953654
14.6567 0.0953198
14.6599 0.0952798
14.663 0.0953698
14.6764 0.0966986
14.6796 0.0964863
14.6827 0.0963005
14.6859 0.0961379
14.689 0.0961207
14.6922 0.0961056
14.6953 0.0959674
14.6985 0.0958465
14.7016 0.0957407
14.7048 0.0956481
14.7079 0.0955671
14.7111 0.0956212
14.7142 0.0956685
14.7174 0.095585
14.7205 0.0955118
14.7237 0.0954479
14.7269 0.0953919
14.73 0.0954679
14.7332 0.0955344
14.7363 0.0955926
14.7395 0.0955185
14.7426 0.0954537
14.7458 0.095397
14.7489 0.0953474
14.7521 0.095429
14.7552 0.0955003
14.7686 0.0966878
14.7717 0.0964768
14.7749 0.0962922
14.778 0.0962557
14.7812 0.0962237
14.7844 0.0960708
14.7875 0.0959369
14.7907 0.0958198
14.7938 0.0957173
14.797 0.0956277
14.8001 0.0956742
14.8033 0.0957149
14.8064 0.0956256
14.8096 0.0955474
14.8127 0.0954789
14.8159 0.0954191
14.819 0.0954917
14.8222 0.0955552
14.8253 0.0954858
14.8285 0.0954251
14.8316 0.095372
14.8348 0.0953255
14.8379 0.0952848
14.8411 0.0953742
14.8442 0.0954524
14.8474 0.0953959
14.8505 0.0953464
14.8623 0.0951781
14.8655 0.0950308
14.8686 0.094902
14.8718 0.0946642
14.8749 0.0944562
14.8781 0.0943992
14.8812 0.0943493
14.8844 0.0943056
14.8876 0.0942674
14.8907 0.094234
14.8939 0.0940797
14.897 0.0940698
14.9002 0.094061
14.9033 0.0940534
14.9065 0.0940467
14.9096 0.0940409
14.9128 0.0939108
14.9159 0.0937969
14.9191 0.0938223
14.9222 0.0938445
14.9254 0.093864
14.9285 0.093881
14.9317 0.0938958
14.9348 0.0937839
14.938 0.0936859
14.9411 0.0937251
14.9443 0.0937595
14.9561 0.0937896
14.9592 0.0938159
14.9624 0.0938389
14.9655 0.093859
14.9687 0.0938766
14.9718 0.0937671
14.975 0.0940462
14.9781 0.0944154
14.9813 0.0947385
14.9845 0.0950212
14.9876 0.0952685
14.9908 0.095485
14.9939 0.0955493
14.9971 0.0957307
15.0002 0.0958893
15.0034 0.0960282
15.0065 0.0961496
15.0097 0.0962559
15.0128 0.0963489
15.016 0.0963053
15.0191 0.0963922
15.0223 0.0964681
15.0254 0.0965346
15.0286 0.0965928
15.0317 0.0966437
15.0349 0.0966882
15.038 0.0967272
15.0483 0.0976363
15.0514 0.0973068
15.0546 0.0970184
15.0577 0.0967661
15.0609 0.0965454
15.064 0.0964772
15.0672 0.0964175
15.0703 0.0963653
15.0735 0.0961947
15.0766 0.0960453
15.0798 0.0959147
15.0829 0.0958003
15.0861 0.0958253
15.0892 0.0958471
15.0924 0.0957412
15.0955 0.0956486
15.0987 0.0955675
15.1018 0.0954966
15.105 0.0954345
15.1081 0.0955052
15.1113 0.095567
15.1144 0.0954962
15.1176 0.0954341
15.1207 0.0953799
15.1239 0.0953324
15.1271 0.0954158
15.1302 0.0954889
15.1404 0.0963027
15.1436 0.0961399
15.1467 0.0959974
15.1499 0.0958727
15.153 0.0958886
15.1562 0.0959026
15.1593 0.0957897
15.1625 0.095691
15.1656 0.0956046
15.1688 0.0955291
15.1719 0.0954629
15.1751 0.0955301
15.1782 0.0955888
15.1814 0.0955152
15.1846 0.0954508
15.1877 0.0953945
15.1909 0.0953451
15.194 0.095427
15.1972 0.0954986
15.2003 0.0955613
15.2035 0.0954911
15.2066 0.0954297
15.2098 0.095376
15.2129 0.095329
15.2161 0.0954129
15.2192 0.0954863
15.2224 0.0954255
15.2255 0.0953723
15.2342 0.0952008
15.2373 0.0950507
15.2405 0.0949193
15.2436 0.0948044
15.2468 0.0945789
15.2499 0.0943815
15.2531 0.0943338
15.2562 0.0942921
15.2594 0.0942556
15.2625 0.0942236
15.2657 0.0941957
15.2688 0.0940462
15.272 0.0939154
15.2751 0.093926
15.2783 0.0939353
15.2815 0.0939433
15.2846 0.0939504
15.2878 0.0938316
15.2909 0.0937277
15.2941 0.0937617
15.2972 0.0937915
15.3004 0.0938176
15.3035 0.0938404
15.3067 0.0938603
15.3098 0.0937528
15.313 0.0936587
15.3161 0.0937013
15.3193 0.0937387
15.3279 0.0936463
15.3311 0.0936905
15.3342 0.0937292
15.3374 0.0937631
15.3405 0.0937927
15.3437 0.0938186
15.3468 0.0937163
15.35 0.0936267
15.3531 0.0936734
15.3563 0.0937142
15.3594 0.0937499
15.3626 0.0937812
15.3657 0.0938086
15.3689 0.0937075
15.372 0.094119
15.3752 0.0944792
15.3783 0.0947943
15.3815 0.09507
15.3847 0.0953112
15.3878 0.0955223
15.391 0.095582
15.3941 0.0957593
15.3973 0.0959144
15.4004 0.0960501
15.4036 0.0961688
15.4067 0.0962727
15.4099 0.0963636
15.413 0.0964432
15.4201 0.0970128
15.4232 0.0968862
15.4264 0.0966504
15.4295 0.0964441
15.4327 0.0962636
15.4358 0.0961056
15.439 0.0959674
15.4422 0.0959715
15.4453 0.0959751
15.4485 0.0958532
15.4516 0.0957465
15.4548 0.0956532
15.4579 0.0955716
15.4611 0.0956251
15.4642 0.095672
15.4674 0.095588
15.4705 0.0955145
15.4737 0.0954502
15.4768 0.0953939
15.48 0.0953447
15.4831 0.0954266
15.4863 0.0954983
15.4894 0.095436
15.4926 0.0953815
15.4957 0.0953338
15.4989 0.0952921
15.502 0.0953806
15.5052 0.095458
15.5123 0.0959007
15.5154 0.0957881
15.5186 0.0956896
15.5217 0.0956034
15.5249 0.095528
15.528 0.095587
15.5312 0.0956386
15.5343 0.0956838
15.5375 0.0955983
15.5406 0.0955235
15.5438 0.0954581
15.5469 0.0954008
15.5501 0.0954757
15.5532 0.0955413
15.5564 0.0954736
15.5595 0.0954144
15.5627 0.0953626
15.5658 0.0953173
15.569 0.0952776
15.5721 0.0953679
15.5753 0.0954469
15.5784 0.0953911
15.5816 0.0953422
15.5848 0.0952994
15.5879 0.095262
15.5911 0.0953542
15.5942 0.095435
15.5974 0.0953806
15.6005 0.095333
15.606 0.0951664
15.6092 0.0950206
15.6123 0.094893
15.6155 0.0947814
15.6186 0.0946837
15.6218 0.0944732
15.6249 0.0942891
15.6281 0.094253
15.6312 0.0942213
15.6344 0.0941937
15.6375 0.0941695
15.6407 0.0941483
15.6438 0.0940047
15.647 0.0938791
15.6501 0.0938943
15.6533 0.0939075
15.6564 0.093919
15.6596 0.0939292
15.6627 0.093938
15.6659 0.0938208
15.669 0.0938432
15.6722 0.0938628
15.6753 0.0938799
15.6785 0.0938949
15.6817 0.0939081
15.6848 0.0937946
15.688 0.0936952
15.6911 0.0937333
15.6943 0.0937667
15.6998 0.0936708
15.7029 0.093587
15.7061 0.0936386
15.7092 0.0936838
15.7124 0.0937233
15.7155 0.0937579
15.7187 0.0937882
15.7218 0.0936896
15.725 0.0936034
15.7281 0.093653
15.7313 0.0936964
15.7344 0.0937343
15.7376 0.0937675
15.7407 0.0937966
15.7439 0.093697
15.747 0.0937349
15.7502 0.093768
15.7533 0.093797
15.7565 0.0938224
15.7596 0.0938446
15.7628 0.093739
15.7659 0.0936466
15.7691 0.0936908
15.7722 0.0937295
15.7754 0.0937633
15.7786 0.0937929
15.7817 0.0938188
15.7849 0.0937164
15.788 0.0937519
15.7935 0.0937829
15.7966 0.09381
15.7998 0.0937088
15.803 0.0936202
15.8061 0.0936676
15.8093 0.0937092
15.8124 0.0937455
15.8156 0.0937773
15.8187 0.0941802
15.8219 0.0945327
15.825 0.0948411
15.8282 0.0951109
15.8313 0.0953471
15.8345 0.0955537
15.8376 0.0957345
15.8408 0.0958927
15.8439 0.0959061
15.8471 0.0960428
15.8502 0.0961625
15.8534 0.0962672
15.8565 0.0963588
15.8597 0.0964389
15.8628 0.0965091
15.866 0.0964454
15.8691 0.0965147
15.8723 0.0965754
15.8754 0.0966285
15.8786 0.0966749
15.8818 0.0967155
15.8857 0.0967511
15.8888 0.0965322
15.892 0.0963407
15.8951 0.0962981
15.8983 0.0962608
15.9014 0.0961032
15.9046 0.0959653
15.9077 0.0958447
15.9109 0.0957391
15.914 0.0957717
15.9172 0.0958002
15.9203 0.0957002
15.9235 0.0956127
15.9266 0.0955361
15.9298 0.0954691
15.9329 0.0954104
15.9361 0.0954841
15.9393 0.0955486
15.9424 0.09548
15.9456 0.09542
15.9487 0.0953675
15.9519 0.0953216
15.955 0.0954064
15.9582 0.0954806
15.9613 0.0955455
15.9645 0.0954773
15.9676 0.0954177
15.9708 0.0953655
15.9739 0.0953198
15.9778 0.0954048
15.981 0.0953542
15.9841 0.0954349
15.9873 0.0955056
15.9904 0.0954424
15.9936 0.0953871
15.9967 0.0953387
15.9999 0.0952963
16.0031 0.0953843
16.0062 0.0954613
16.0094 0.0954036
16.0125 0.0953532
16.0157 0.095309
16.0188 0.0952704
16.022 0.0952366
16.0251 0.095332
16.0283 0.0954155
16.0314 0.0953636
16.0346 0.0953181
16.0377 0.0952784
16.0409 0.0952436
16.044 0.0953381
16.0472 0.0954209
16.0503 0.0953682
16.0535 0.0953222
16.0566 0.0952819
16.0598 0.0952467
16.0629 0.0952159
16.0661 0.0953139
16.0692 0.0953996
16.0724 0.0953497
16.0755 0.095306
16.0787 0.0951427
16.0819 0.0949999
16.085 0.0949999
16.0882 0.0949999
16.0913 0.0949999
16.0945 0.0949999
16.0976 0.0948749
16.1008 0.0947656
16.1039 0.0946699
16.1071 0.0947111
16.1102 0.0947472
16.1134 0.0947788
16.1165 0.0948065
16.1197 0.0947057
16.1228 0.0946175
16.126 0.0945403
16.1291 0.0945977
16.1323 0.094648
16.1354 0.094692
16.1386 0.0946055
16.1417 0.0945298
16.1449 0.0944636
16.148 0.0945306
16.1512 0.0945893
16.1543 0.0946407
16.1575 0.0946856
16.1607 0.0945999
16.1638 0.0945249
16.167 0.0944593
16.1701 0.0945269
16.1733 0.094586
16.1764 0.0946378
16.1796 0.094558
16.1827 0.0944883
16.1859 0.0944272
16.189 0.0944988
16.1922 0.0945615
16.1953 0.0946163
16.1985 0.0946643
16.2016 0.0945812
16.2048 0.0945086
16.2079 0.094445
16.2111 0.0945144
16.2142 0.0945751
16.2174 0.0946282
16.2205 0.0946747
16.2237 0.0945903
16.2268 0.0945165
16.23 0.094452
16.2331 0.0945205
16.2363 0.0945804
16.2395 0.0946329
16.2426 0.0945538
16.2458 0.0944845
16.2489 0.094424
16.2521 0.094871
16.2552 0.0952621
16.2584 0.0956043
16.2615 0.0959038
16.2647 0.0961658
16.2678 0.0962701
16.271 0.0963613
16.2741 0.0965662
16.2773 0.0967454
16.2804 0.0969022
16.2836 0.0970394
16.2867 0.0970345
16.2899 0.0970302
16.293 0.0971514
16.2962 0.0972575
16.2993 0.0973503
16.3025 0.0974315
16.3056 0.0975026
16.3088 0.0974398
16.3119 0.0973848
16.3151 0.0974617
16.3183 0.097529
16.3214 0.0975879
16.3246 0.0976394
16.3277 0.0976844
16.3309 0.0975989
16.334 0.097649
16.3372 0.0976929
16.3403 0.0977313
16.3435 0.0977649
16.3466 0.0977943
16.3498 0.097695
16.3529 0.0976081
16.3561 0.0976571
16.3592 0.0977
16.3624 0.0977375
16.3655 0.0977703
16.3687 0.097799
16.3718 0.0976991
16.375 0.0976117
16.3781 0.0976603
16.3813 0.0977027
16.3844 0.0977399
16.3876 0.0977724
16.3907 0.0976759
16.3939 0.0975914
16.3971 0.0976424
16.4002 0.0976871
16.4034 0.0977262
16.4065 0.0977605
16.4097 0.0977904
16.4128 0.0976916
16.416 0.0976052
16.4191 0.0976545
16.4223 0.0976977
16.4254 0.0977355
16.4286 0.0977685
16.4317 0.0976725
16.4349 0.0975884
16.438 0.0976399
16.4412 0.0976849
16.4443 0.0977243
16.4475 0.0977587
16.4506 0.0977889
16.4538 0.0976903
16.4569 0.097604
16.4601 0.0976535
16.4632 0.0976968
16.4664 0.0977347
16.4695 0.0977679
16.4727 0.0977969
16.4759 0.0976973
16.479 0.0977351
16.4822 0.0977682
16.4853 0.0977972
16.4885 0.0978225
16.4916 0.0978447
16.4948 0.0977391
16.4979 0.0976467
16.5011 0.0976909
16.5042 0.0977295
16.5074 0.0977633
16.5105 0.0977929
16.5137 0.0978188
16.5168 0.0977165
16.52 0.0976269
16.5231 0.0976735
16.5263 0.0977143
16.5294 0.0977501
16.5326 0.0977813
16.5357 0.0976836
16.5389 0.0975982
16.542 0.0976484
16.5452 0.0976924
16.5483 0.0977308
16.5515 0.0977645
16.5547 0.0977939
16.5578 0.0976947
16.561 0.0976078
16.5641 0.0976568
16.5673 0.0976997
16.5704 0.0977373
16.5736 0.0977701
16.5767 0.0976738
16.5799 0.0975896
16.583 0.0976409
16.5862 0.0976858
16.5893 0.0977251
16.5925 0.0977594
16.5956 0.0977895
16.5988 0.0976908
16.6019 0.0976045
16.6051 0.0976539
16.6082 0.0976972
16.6114 0.097735
16.6145 0.0977681
16.6177 0.0977971
16.6208 0.0976975
16.624 0.0976103
16.6271 0.097659
16.6303 0.0977016
16.6335 0.0977389
16.6366 0.0977716
16.6398 0.0976751
16.6429 0.0975907
16.6461 0.0976419
16.6492 0.0976866
16.6524 0.0977258
16.6555 0.0977601
16.6587 0.0977901
16.6618 0.0976913
16.665 0.0976049
16.6681 0.0976543
16.6713 0.0976975
16.6744 0.0977353
16.6776 0.0977684
16.6807 0.0976723
16.6839 0.0979633
16.687 0.0983429
16.6902 0.098675
16.6933 0.0989657
16.6965 0.0992199
16.6996 0.0994425
16.7028 0.0996371
16.7059 0.0996825
16.7091 0.0998472
16.7123 0.0999913
16.7154 0.100117
16.7186 0.100228
16.7217 0.100324
16.7249 0.100409
16.728 0.100483
16.7312 0.100547
16.7343 0.100604
16.7375 0.100653
16.7406 0.100697
16.7438 0.100735
16.7469 0.100643
16.7501 0.100687
16.7532 0.100727
16.7564 0.100761
16.7595 0.100791
16.7627 0.100817
16.7658 0.10084
16.769 0.100735
16.7721 0.100768
16.7753 0.100797
16.7784 0.100822
16.7816 0.100845
16.7847 0.100864
16.7879 0.100756
16.7911 0.100786
16.7942 0.100813
16.7974 0.100837
16.8005 0.100857
16.8037 0.100875
16.8068 0.10089
16.81 0.100779
16.8131 0.100807
16.8163 0.100831
16.8194 0.100852
16.8226 0.100871
16.8257 0.100887
16.8289 0.100776
16.832 0.100804
16.8352 0.100828
16.8383 0.10085
16.8415 0.100869
16.8446 0.100885
16.8478 0.100899
16.8509 0.100787
16.8541 0.100814
16.8572 0.100837
16.8604 0.100857
16.8635 0.100875
16.8667 0.100891
16.8699 0.100904
16.873 0.100916
16.8762 0.100927
16.8793 0.100936
16.8825 0.100944
16.8856 0.100951
16.8888 0.100957
16.8919 0.100837
16.8951 0.100858
16.8982 0.100876
16.9014 0.100891
16.9045 0.100905
16.9077 0.100917
16.9108 0.100927
16.914 0.100811
16.9171 0.100835
16.9203 0.100855
16.9234 0.100873
16.9266 0.100889
16.9297 0.100903
16.9329 0.10079
16.936 0.100816
16.9392 0.100839
16.9423 0.100859
16.9455 0.100877
16.9487 0.100892
16.9518 0.100906
16.955 0.100793
16.9581 0.100819
16.9613 0.100841
16.9644 0.100861
16.9676 0.100878
16.9707 0.100894
16.9739 0.100782
16.977 0.100809
16.9802 0.100833
16.9833 0.100854
16.9865 0.100872
16.9896 0.100888
16.9928 0.100902
16.9959 0.100789
16.9991 0.100816
17.0022 0.100839
17.0054 0.100859
17.0085 0.100877
17.0117 0.100892
17.0148 0.100905
17.018 0.100792
17.0211 0.100818
17.0243 0.100841
17.0275 0.100861
17.0306 0.100878
17.0338 0.100893
17.0369 0.100782
17.0401 0.100809
17.0432 0.100833
17.0464 0.100854
17.0495 0.100872
17.0527 0.100888
17.0558 0.100902
17.059 0.100789
17.0621 0.100816
17.0653 0.100839
17.0684 0.100859
17.0716 0.100876
17.0747 0.100892
17.0779 0.10078
17.081 0.100808
17.0842 0.100832
17.0873 0.100853
17.0905 0.100871
17.0936 0.100887
17.0968 0.100901
17.0999 0.100789
17.1031 0.100815
17.1063 0.100838
17.1094 0.100858
17.1126 0.100876
17.1157 0.101267
17.1189 0.101608
17.122 0.102032
17.1252 0.102278
17.1283 0.102493
17.1315 0.102682
17.1346 0.102847
17.1378 0.102991
17.1409 0.103117
17.1441 0.103227
17.1472 0.103324
17.1504 0.103408
17.1535 0.103482
17.1567 0.103547
17.1598 0.103604
17.163 0.103653
17.1661 0.103697
17.1693 0.103734
17.1724 0.103768
17.1756 0.103797
17.1787 0.103822
17.1819 0.103844
17.1851 0.103864
17.1882 0.103881
17.1914 0.103896
17.1945 0.103909
17.1977 0.10392
17.2008 0.10393
17.204 0.103939
17.2071 0.103947
17.2103 0.103953
17.2134 0.103959
17.2166 0.103964
17.2197 0.103969
17.2229 0.103973
17.226 0.103976
17.2292 0.103979
17.2323 0.103982
17.2355 0.103984
17.2386 0.103986
17.2418 0.103988
17.2449 0.103989
17.2481 0.103991
17.2512 0.103992
17.2544 0.103993
17.2575 0.103994
17.2607 0.103994
17.2639 0.103995
17.267 0.104121
17.2702 0.104106
17.2733 0.104092
17.2765 0.104081
17.2796 0.104071
17.2828 0.104062
17.2859 0.104054
17.2891 0.104047
17.2922 0.104041
17.2954 0.104036
17.2985 0.104032
17.3017 0.104028
17.3048 0.104024
17.308 0.104021
17.3111 0.104019
17.3143 0.104016
17.3174 0.104014
17.3206 0.104012
17.3237 0.104011
17.3269 0.10401
17.33 0.104008
17.3332 0.104007
17.3363 0.104006
17.3395 0.104006
17.3427 0.104005
17.3458 0.104004
17.349 0.104004
17.3521 0.104003
17.3553 0.104003
17.3584 0.104003
17.3616 0.104002
17.3647 0.104002
17.3679 0.104002
17.371 0.104001
17.3742 0.104001
17.3773 0.104001
17.3805 0.104001
17.3836 0.104001
17.3868 0.104001
17.3899 0.104001
17.3931 0.104001
17.3962 0.104001
17.3994 0.104
17.4025 0.104
17.4057 0.104
17.4088 0.104
17.412 0.104
17.4151 0.104
17.4183 0.104
17.4215 0.104
17.4246 0.104
17.4278 0.104
17.4309 0.104
17.4341 0.104
17.4372 0.104
17.4404 0.104
17.4435 0.104
17.4467 0.104
17.4498 0.104
17.453 0.104
17.4561 0.104
17.4593 0.104
17.4624 0.104
17.4656 0.104
17.4687 0.104
17.4719 0.104
17.475 0.104
17.4782 0.104
17.4813 0.104
17.4845 0.104
17.4876 0.104
17.4908 0.104
17.4939 0.104
17.4971 0.104
17.5003 0.104
17.5034 0.104
17.5066 0.104
17.5097 0.104
17.516 0.104125
17.5192 0.104109
17.5223 0.104096
17.5255 0.104084
17.5286 0.104073
17.5318 0.104064
17.5349 0.104056
17.5381 0.104049
17.5412 0.104043
17.5444 0.104038
17.5475 0.104408
17.5507 0.104732
17.5538 0.105015
17.557 0.105263
17.5601 0.105606
17.5633 0.10578
17.5664 0.105932
17.5696 0.106066
17.5727 0.106183
17.5759 0.106285
17.5791 0.106499
17.5822 0.106562
17.5854 0.106617
17.5885 0.106664
17.5917 0.106706
17.5948 0.106743
17.598 0.106775
17.6011 0.106928
17.6043 0.106937
17.6074 0.106945
17.6106 0.106952
17.6137 0.106958
17.6169 0.106963
17.62 0.107093
17.6232 0.107081
17.6263 0.107071
17.6295 0.107062
17.6326 0.107054
17.6358 0.107048
17.6389 0.107042
17.6421 0.107161
17.6452 0.107141
17.6484 0.107124
17.6515 0.107108
17.6547 0.107095
17.6579 0.107083
17.661 0.107197
17.6642 0.107298
17.6673 0.107261
17.6705 0.107228
17.6736 0.107199
17.6768 0.107175
17.6799 0.107153
17.6831 0.107259
17.6862 0.107226
17.6894 0.107198
17.6925 0.107173
17.6957 0.107152
17.6988 0.107133
17.702 0.107116
17.7051 0.107227
17.7083 0.107198
17.7114 0.107173
17.7146 0.107152
17.7177 0.107133
17.7209 0.107116
17.724 0.107227
17.7272 0.107198
17.7303 0.107174
17.7335 0.107152
17.7367 0.107133
17.7398 0.107116
17.743 0.107102
17.7461 0.107214
17.7493 0.107187
17.7524 0.107164
17.7556 0.107143
17.7587 0.107125
17.7619 0.10711
17.765 0.107221
17.7682 0.107193
17.7713 0.107169
17.7745 0.107148
17.7776 0.10713
17.7808 0.107113
17.7839 0.107099
17.7871 0.107212
17.7902 0.107185
17.7934 0.107162
17.7965 0.107142
17.7997 0.107124
17.8028 0.107109
17.806 0.107095
17.8091 0.107208
17.8123 0.107182
17.8155 0.107159
17.8186 0.107139
17.8218 0.107122
17.8249 0.107107
17.8281 0.107218
17.8312 0.107191
17.8344 0.107167
17.8375 0.107146
17.8407 0.107128
17.8438 0.107112
17.847 0.107098
17.8501 0.107211
17.8533 0.107184
17.8564 0.107161
17.8596 0.107141
17.8627 0.107124
17.8659 0.107108
17.869 0.10722
17.8722 0.107192
17.8753 0.107168
17.8785 0.107147
17.8816 0.107129
17.8848 0.107113
17.8879 0.107099
17.8911 0.107211
17.8943 0.107185
17.8974 0.107162
17.9006 0.107142
17.9037 0.107124
17.9069 0.107108
17.91 0.10722
17.9132 0.107317
17.9163 0.107278
17.9195 0.107243
17.9226 0.107213
17.9258 0.107186
17.9289 0.107163
17.9321 0.107267
17.9352 0.107234
17.9384 0.107205
17.9415 0.107179
17.9447 0.107157
17.9478 0.107137
17.951 0.10712
17.9541 0.10723
17.9573 0.107201
17.9604 0.107176
17.9636 0.107154
17.9667 0.107135
17.9699 0.107118
17.9731 0.107228
17.9762 0.1072
17.9794 0.107175
17.9825 0.107153
17.9857 0.107134
17.9888 0.107117
17.992 0.107102
17.9951 0.107215
17.9983 0.107188
18.0014 0.107164
18.0046 0.107144
18.0077 0.107126
18.0109 0.10711
18.014 0.107221
18.0172 0.107194
18.0203 0.107169
18.0235 0.107148
18.0266 0.10713
18.0298 0.107489
18.0329 0.107802
18.0361 0.108202
18.0392 0.108552
18.0424 0.108733
18.0455 0.108891
18.0487 0.10903
18.0519 0.109151
18.055 0.109382
18.0582 0.109584
18.0613 0.109761
18.0645 0.109791
18.0676 0.109817
18.0708 0.10984
18.0739 0.10986
18.0771 0.110003
18.0802 0.110127
18.0834 0.110111
18.0865 0.110097
18.0897 0.110085
18.0928 0.110075
18.096 0.110065
18.0991 0.110182
18.1023 0.110284
18.1054 0.110249
18.1086 0.110218
18.1117 0.11019
18.1149 0.110167
18.118 0.110271
18.1212 0.110362
18.1243 0.110317
18.1275 0.110277
18.1307 0.110243
18.1338 0.110212
18.137 0.110186
18.1401 0.110287
18.1433 0.110377
18.1464 0.110329
18.1496 0.110288
18.1527 0.110252
18.1559 0.110221
18.159 0.110318
18.1622 0.110403
18.1653 0.110353
18.1685 0.110309
18.1716 0.11027
18.1748 0.110236
18.1779 0.110207
18.1811 0.110306
18.1842 0.110393
18.1874 0.110344
18.1905 0.110301
18.1937 0.110263
18.1968 0.11023
18.2 0.110201
18.2031 0.110301
18.2063 0.110389
18.2095 0.11034
18.2126 0.110298
18.2158 0.11026
18.2189 0.110228
18.2221 0.110324
18.2252 0.110409
18.2284 0.110358
18.2315 0.110313
18.2347 0.110274
18.2378 0.11024
18.241 0.11021
18.2441 0.110308
18.2473 0.110395
18.2504 0.110346
18.2536 0.110302
18.2567 0.110265
18.2599 0.110231
18.263 0.110328
18.2662 0.110412
18.2693 0.11036
18.2725 0.110315
18.2756 0.110276
18.2788 0.110241
18.2819 0.110211
18.2851 0.11031
18.2883 0.110396
18.2914 0.110347
18.2946 0.110303
18.2977 0.110265
18.3009 0.110232
18.304 0.110328
18.3072 0.110412
18.3103 0.110486
18.3135 0.110425
18.3166 0.110372
18.3198 0.110325
18.3229 0.110285
18.3261 0.110374
18.3292 0.110452
18.3324 0.110396
18.3355 0.110346
18.3387 0.110303
18.3418 0.110265
18.345 0.110232
18.3481 0.110328
18.3513 0.110412
18.3544 0.11036
18.3576 0.110315
18.3607 0.110276
18.3639 0.110242
18.3671 0.110336
18.3702 0.110419
18.3734 0.110367
18.3765 0.110321
18.3797 0.110281
18.3828 0.110246
18.386 0.110215
18.3891 0.110313
18.3923 0.110399
18.3954 0.110349
18.3986 0.110305
18.4017 0.110267
18.4049 0.110234
18.408 0.11033
18.4112 0.110413
18.4143 0.110362
18.4175 0.110317
18.4206 0.110277
18.4238 0.110242
18.4269 0.110212
18.4301 0.110311
18.4332 0.110397
18.4364 0.110347
18.4395 0.110304
18.4427 0.110266
18.4459 0.110233
18.449 0.110328
18.4522 0.110412
18.4553 0.110486
18.4585 0.110425
18.4616 0.110372
18.4648 0.110325
18.4679 0.110285
18.4711 0.110374
18.4742 0.110452
18.4774 0.110396
18.4805 0.110346
18.4837 0.110303
18.4868 0.110265
18.49 0.110232
18.4931 0.110328
18.4963 0.110412
18.4994 0.110361
18.5026 0.110315
18.5057 0.110276
18.5089 0.110242
18.512 0.110336
18.5152 0.110419
18.5183 0.110367
18.5215 0.110321
18.5247 0.110281
18.5278 0.110246
18.531 0.110215
18.5341 0.110313
18.5373 0.110399
18.5404 0.110349
18.5436 0.110306
18.5467 0.110267
18.5499 0.110234
18.553 0.11033
18.5562 0.110413
18.5593 0.110362
18.5625 0.110317
18.5656 0.110277
18.5688 0.110617
18.5719 0.110915
18.5751 0.111301
18.5782 0.111638
18.5814 0.111933
18.5845 0.112067
18.5877 0.112183
18.5908 0.112285
18.594 0.112375
18.5971 0.112578
18.6003 0.112756
18.6035 0.112911
18.6066 0.112922
18.6098 0.112932
18.6129 0.112941
18.6161 0.113073
18.6192 0.113189
18.6224 0.11329
18.6255 0.113254
18.6287 0.113222
18.6318 0.113194
18.635 0.11317
18.6381 0.113274
18.6413 0.113365
18.6444 0.113444
18.6476 0.113389
18.6507 0.11334
18.6539 0.113297
18.657 0.113385
18.6602 0.113462
18.6633 0.113529
18.6665 0.113463
18.6696 0.113405
18.6728 0.113355
18.6759 0.11331
18.6791 0.113397
18.6823 0.113472
18.6854 0.113538
18.6886 0.113471
18.6917 0.113412
18.6949 0.11336
18.698 0.11344
18.7012 0.11351
18.7043 0.113572
18.7075 0.113625
18.7106 0.113547
18.7138 0.113479
18.7169 0.113419
18.7201 0.113491
18.7232 0.113555
18.7264 0.113611
18.7295 0.113534
18.7327 0.113467
18.7358 0.113409
18.739 0.113358
18.7421 0.113438
18.7453 0.113508
18.7484 0.11357
18.7516 0.113499
18.7547 0.113436
18.7579 0.113382
18.7611 0.113459
18.7642 0.113527
18.7674 0.113586
18.7705 0.113513
18.7737 0.113449
18.7768 0.113392
18.78 0.113343
18.7831 0.113425
18.7863 0.113497
18.7894 0.11356
18.7926 0.11349
18.7957 0.113429
18.7989 0.113375
18.802 0.113453
18.8052 0.113522
18.8083 0.113581
18.8115 0.113509
18.8146 0.113445
18.8178 0.11339
18.8209 0.113341
18.8241 0.113423
18.8272 0.113495
18.8304 0.113558
18.8335 0.113489
18.8367 0.113428
18.8399 0.113374
18.843 0.113452
18.8462 0.113521
18.8493 0.113581
18.8525 0.113633
18.8556 0.113554
18.8588 0.113485
18.8619 0.113424
18.8651 0.113496
18.8682 0.113559
18.8714 0.113614
18.8745 0.113537
18.8777 0.11347
18.8808 0.113411
18.884 0.11336
18.8871 0.11344
18.8903 0.11351
18.8934 0.113571
18.8966 0.1135
18.8997 0.113437
18.9029 0.113383
18.906 0.11346
18.9092 0.113527
18.9123 0.113586
18.9155 0.113513
18.9187 0.113449
18.9218 0.113393
18.925 0.113344
18.9281 0.113426
18.9313 0.113498
18.9344 0.11356
18.9376 0.11349
18.9407 0.113429
18.9439 0.113375
18.947 0.113453
18.9502 0.113522
18.9533 0.113582
18.9565 0.113509
18.9596 0.113445
18.9628 0.11339
18.9659 0.113341
18.9691 0.113423
18.9722 0.113495
18.9754 0.113558
18.9785 0.113489
18.9817 0.113428
18.9848 0.113374
18.988 0.113327
18.9911 0.113411
18.9943 0.113485
18.9975 0.113549
19.0006 0.113481
19.0038 0.113421
19.0069 0.113368
19.0101 0.113447
19.0132 0.113516
19.0164 0.113577
19.0195 0.113505
19.0227 0.113441
19.0258 0.113386
19.029 0.113338
19.0321 0.113421
19.0353 0.113493
19.0384 0.113557
19.0416 0.113487
19.0447 0.113426
19.0479 0.113373
19.051 0.113451
19.0542 0.11352
19.0573 0.11358
19.0605 0.113507
19.0636 0.113444
19.0668 0.113388
19.0699 0.11334
19.0731 0.113422
19.0763 0.113495
19.0794 0.113558
19.0826 0.113488
19.0857 0.113427
19.0889 0.113374
19.092 0.113452
19.0952 0.11352
19.0983 0.11358
19.1015 0.113633
19.1046 0.113554
19.1078 0.11386
19.1109 0.114127
19.1141 0.114486
19.1172 0.1148
19.1204 0.115075
19.1235 0.115316
19.1267 0.115401
19.1298 0.115476
19.133 0.115542
19.1361 0.115724
19.1393 0.115884
19.1424 0.116023
19.1456 0.116145
19.1487 0.116127
19.1519 0.116111
19.1551 0.116222
19.1582 0.116319
19.1614 0.116405
19.1645 0.116479
19.1677 0.116419
19.1708 0.116367
19.174 0.116321
19.1771 0.116406
19.1803 0.11648
19.1834 0.116545
19.1866 0.116602
19.1897 0.116527
19.1929 0.116461
19.196 0.116528
19.1992 0.116587
19.2023 0.116639
19.2055 0.116684
19.2086 0.116598
19.2118 0.116524
19.2149 0.116458
19.2181 0.116526
19.2212 0.116585
19.2244 0.116637
19.2275 0.116682
19.2307 0.116597
19.2339 0.116522
19.237 0.116582
19.2402 0.116634
19.2433 0.11668
19.2465 0.11672
19.2496 0.116755
19.2528 0.116661
19.2559 0.116578
19.2591 0.116631
19.2622 0.116677
19.2654 0.116717
19.2685 0.116753
19.2717 0.116659
19.2748 0.116576
19.278 0.116504
19.2811 0.116566
19.2843 0.11662
19.2874 0.116668
19.2906 0.116709
19.2937 0.116621
19.2969 0.116543
19.3 0.1166
19.3032 0.11665
19.3063 0.116694
19.3095 0.116732
19.3127 0.116641
19.3158 0.116561
19.319 0.116491
19.3221 0.116554
19.3253 0.11661
19.3284 0.116659
19.3316 0.116701
19.3347 0.116614
19.3379 0.116537
19.341 0.116595
19.3442 0.116645
19.3473 0.11669
19.3505 0.116729
19.3536 0.116638
19.3568 0.116558
19.3599 0.116488
19.3631 0.116552
19.3662 0.116608
19.3694 0.116657
19.3725 0.1167
19.3757 0.116612
19.3788 0.116536
19.382 0.116469
19.3851 0.116535
19.3883 0.116593
19.3915 0.116644
19.3946 0.116689
19.3978 0.116603
19.4009 0.116527
19.4041 0.116586
19.4072 0.116638
19.4104 0.116683
19.4135 0.116723
19.4167 0.116633
19.4198 0.116553
19.423 0.116484
19.4261 0.116549
19.4293 0.116605
19.4324 0.116655
19.4356 0.116698
19.4387 0.11661
19.4419 0.116534
19.445 0.116592
19.4482 0.116643
19.4513 0.116688
19.4545 0.116727
19.4576 0.116636
19.4608 0.116557
19.4639 0.116487
19.4671 0.116551
19.4703 0.116607
19.4734 0.116656
19.4766 0.116699
19.4797 0.116612
19.4829 0.116535
19.486 0.116593
19.4892 0.116644
19.4923 0.116689
19.4955 0.116728
19.4986 0.116762
19.5018 0.116666
19.5049 0.116583
19.5081 0.116635
19.5112 0.116681
19.5144 0.116721
19.5175 0.116756
19.5207 0.116661
19.5238 0.116579
19.527 0.116506
19.5301 0.116568
19.5333 0.116622
19.5364 0.116669
19.5396 0.116711
19.5427 0.116622
19.5459 0.116544
19.5491 0.116601
19.5522 0.116651
19.5554 0.116695
19.5585 0.116733
19.5617 0.116641
19.5648 0.116561
19.568 0.116491
19.5711 0.116555
19.5743 0.11661
19.5774 0.116659
19.5806 0.116702
19.5837 0.116614
19.5869 0.116537
19.59 0.116595
19.5932 0.116646
19.5963 0.11669
19.5995 0.116729
19.6026 0.116638
19.6058 0.116558
19.6089 0.116488
19.6121 0.116552
19.6152 0.116608
19.6184 0.116657
19.6215 0.1167
19.6247 0.116612
19.6279 0.116536
19.631 0.116594
19.6342 0.116645
19.6373 0.116689
19.6405 0.116728
19.6436 0.116762
19.6468 0.117167
19.6499 0.117396
19.6531 0.117721
19.6562 0.118006
19.6594 0.118255
19.6625 0.118474
19.6657 0.118664
19.6688 0.118706
19.672 0.118743
19.6751 0.1189
19.6783 0.119038
19.6814 0.119158
19.6846 0.119263
19.6877 0.119355
19.6909 0.119311
19.694 0.119397
19.6972 0.119472
19.7003 0.119538
19.7035 0.119596
19.7067 0.119647
19.7098 0.119566
19.713 0.119495
19.7161 0.119558
19.7193 0.119613
19.7224 0.119662
19.7256 0.119704
19.7287 0.119741
19.7319 0.119648
19.735 0.119692
19.7382 0.119731
19.7413 0.119764
19.7445 0.119794
19.7476 0.11982
19.7508 0.119717
19.7539 0.119628
19.7571 0.119674
19.7602 0.119715
19.7634 0.11975
19.7665 0.119782
19.7697 0.119809
19.7728 0.119708
19.776 0.119619
19.7791 0.119667
19.7823 0.119709
19.7855 0.119745
19.7886 0.119777
19.7918 0.119805
19.7949 0.119704
19.7981 0.119741
19.8012 0.119774
19.8044 0.119802
19.8075 0.119827
19.8107 0.119848
19.8138 0.119742
19.817 0.119649
19.8201 0.119693
19.8233 0.119732
19.8264 0.119765
19.8296 0.119795
19.8327 0.11982
19.8359 0.119718
19.839 0.119753
19.8422 0.119784
19.8453 0.119811
19.8485 0.119835
19.8516 0.119855
19.8548 0.119748
19.8579 0.119655
19.8611 0.119698
19.8643 0.119736
19.8674 0.119769
19.8706 0.119798
19.8737 0.119823
19.8769 0.11972
19.88 0.119755
19.8832 0.119786
19.8863 0.119812
19.8895 0.119836
19.8926 0.119856
19.8958 0.119874
19.8989 0.119765
19.9021 0.119794
19.9052 0.11982
19.9084 0.119843
19.9115 0.119862
19.9147 0.119879
19.9178 0.11977
19.921 0.119673
19.9241 0.119714
19.9273 0.11975
19.9304 0.119781
19.9336 0.119809
19.9367 0.119832
19.9399 0.119728
19.9431 0.119762
19.9462 0.119792
19.9494 0.119818
19.9525 0.119841
19.9557 0.119861
19.9588 0.119753
19.962 0.119659
19.9651 0.119702
19.9683 0.119739
19.9714 0.119772
19.9746 0.1198
19.9777 0.119825
19.9809 0.119722
19.984 0.119757
19.9872 0.119787
19.9903 0.119814
19.9935 0.119837
19.9966 0.119857
19.9998 0.11975
20.0029 0.119656
20.0061 0.119699
20.0092 0.119737
20.0124 0.11977
20.0155 0.119799
20.0187 0.119824
20.0219 0.119721
20.025 0.119756
20.0282 0.119786
20.0313 0.119813
20.0345 0.119836
20.0376 0.119857
20.0408 0.119875
20.0439 0.119765
20.0471 0.119795
20.0502 0.11982
20.0534 0.119843
20.0565 0.119862
20.0597 0.11988
20.0628 0.11977
20.066 0.119673
20.0691 0.119714
20.0723 0.11975
20.0754 0.119781
20.0786 0.119809
20.0817 0.119833
20.0849 0.119728
20.088 0.119762
20.0912 0.119792
20.0943 0.119818
20.0975 0.119841
