0.0 0
0.0905768 4294967295
0.18279 4294967295
0.276537 4294967295
0.370283 4294967295
0.462454 4294967295
0.465606 4294967295
0.5562 4294967295
0.559352 4294967295
0.562504 4294967295
0.649946 4294967295
0.653098 4294967295
0.65625 4294967295
0.659402 4294967295
0.742117 4294967295
0.745269 4294967295
0.748421 4294967295
0.751573 4294967295
0.754725 4294967295
0.757877 4294967295
0.834287 4294967295
0.837439 4294967295
0.840591 4294967295
0.843743 4294967295
0.846895 4294967295
0.850047 4294967295
0.853199 4294967295
0.856351 4294967295
0.859503 4294967295
0.926458 4294967295
0.92961 4294967295
0.932762 4294967295
0.935914 4294967295
0.939066 4294967295
0.942218 4294967295
0.94537 4294967295
0.948522 4294967295
0.951674 4294967295
0.954826 4294967295
0.957978 4294967295
0.96113 4294967295
0.964282 4294967295
0.967434 4294967295
1.0202 4294967295
1.02336 4294967295
1.02651 4294967295
1.02966 4294967295
1.03281 4294967295
1.03596 4294967295
1.03912 4294967295
1.04227 4294967295
1.04542 4294967295
1.04857 4294967295
1.05172 4294967295
1.05488 4294967295
1.05803 4294967295
1.06118 4294967295
1.06433 4294967295
1.06748 4294967295
1.07064 4294967295
1.07379 4294967295
1.07694 4294967295
1.08009 4294967295
1.08324 4294967295
1.11395 4294967295
1.1171 4294967295
1.12025 4294967295
1.12341 4294967295
1.12656 4294967295
1.12971 4294967295
1.13286 4294967295
1.13601 4294967295
1.13917 4294967295
1.14232 4294967295
1.14547 4294967295
1.14862 4294967295
1.15177 4294967295
1.15493 4294967295
1.15808 4294967295
1.16123 4294967295
1.16438 4294967295
1.16753 4294967295
1.17069 4294967295
1.17384 4294967295
1.17699 4294967295
1.18014 4294967295
1.18329 4294967295
1.18645 4294967295
1.1896 4294967295
1.19275 4294967295
1.1959 4294967295
1.19905 4294967295
1.20221 4294967295
1.20536 4294967295
1.20851 4294967295
1.21166 4294967295
1.21481 4294967295
1.21797 4294967295
1.22112 4294967295
1.22427 4294967295
1.22742 4294967295
1.23057 4294967295
1.23373 4294967295
1.23688 4294967295
1.24003 4294967295
1.24318 4294967295
1.24633 4294967295
1.24949 4294967295
1.25264 4294967295
1.25579 4294967295
1.25894 4294967295
1.26209 4294967295
1.26525 4294967295
1.2684 4294967295
1.27155 4294967295
1.2747 4294967295
1.27785 4294967295
1.28101 4294967295
1.28416 4294967295
1.28731 4294967295
1.29046 4294967295
1.29361 4294967295
1.29677 4294967295
1.29992 4294967295
1.30307 4294967295
1.30622 4294967295
1.30937 4294967295
1.31253 4294967295
1.31568 4294967295
1.31883 4294967295
1.32198 4294967295
1.32513 4294967295
1.32829 4294967295
1.33144 4294967295
1.33459 4294967295
1.33774 4294967295
1.34089 4294967295
1.34405 4294967295
1.3472 4294967295
1.35035 4294967295
1.3535 4294967295
1.35665 4294967295
1.35981 4294967295
1.36296 4294967295
1.36611 4294967295
1.36926 4294967295
1.37241 4294967295
1.37557 4294967295
1.37872 4294967295
1.38187 4294967295
1.38502 4294967295
1.38817 4294967295
1.39133 4294967295
1.39448 4294967295
1.39763 4294967295
1.40078 4294967295
1.40393 4294967295
1.40709 4294967295
1.41024 4294967295
1.41339 4294967295
1.41654 4294967295
1.41969 4294967295
1.42285 4294967295
1.426 4294967295
1.42915 4294967295
1.4323 4294967295
1.43545 4294967295
1.43861 4294967295
1.44176 4294967295
1.44491 4294967295
1.44806 4294967295
1.45121 4294967295
1.45437 4294967295
1.45752 4294967295
1.46067 4294967295
1.46382 4294967295
1.46697 4294967295
1.47013 4294967295
1.47328 4294967295
1.47643 4294967295
1.47958 4294967295
1.48273 4294967295
1.48589 4294967295
1.48904 4294967295
1.49219 4294967295
1.49534 4294967295
1.49849 4294967295
1.50165 4294967295
1.5048 4294967295
1.50795 4294967295
1.5111 4294967295
1.51425 4294967295
1.51741 4294967295
1.52056 4294967295
1.52371 4294967295
1.52686 4294967295
1.53001 4294967295
1.53317 4294967295
1.53632 4294967295
1.53947 4294967295
1.54262 4294967295
1.54577 4294967295
1.54893 4294967295
1.55208 4294967295
1.55523 4294967295
1.55838 4294967295
1.56153 4294967295
1.56469 4294967295
1.56784 4294967295
1.57099 4294967295
1.57414 4294967295
1.57729 4294967295
1.58045 4294967295
1.5836 4294967295
1.58675 4294967295
1.5899 4294967295
1.59305 4294967295
1.59621 4294967295
1.59936 4294967295
1.60251 4294967295
1.60566 4294967295
1.60881 4294967295
1.61197 4294967295
1.61512 4294967295
1.61827 4294967295
1.62142 4294967295
1.62457 4294967295
1.62773 4294967295
1.63088 4294967295
1.63403 4294967295
1.63718 4294967295
1.64033 4294967295
1.64349 4294967295
1.64664 4294967295
1.64979 4294967295
1.65294 4294967295
1.65609 4294967295
1.65925 4294967295
1.6624 4294967295
1.66555 4294967295
1.6687 4294967295
1.67185 4294967295
1.67501 4294967295
1.67816 4294967295
1.68131 4294967295
1.68446 4294967295
1.68761 4294967295
1.69077 4294967295
1.69392 4294967295
1.69707 4294967295
1.70022 4294967295
1.70337 4294967295
1.70653 4294967295
1.70968 4294967295
1.71283 4294967295
1.71598 4294967295
1.71913 4294967295
1.72229 4294967295
1.72544 4294967295
1.72859 4294967295
1.73174 4294967295
1.73489 4294967295
1.73805 4294967295
1.7412 4294967295
1.74435 4294967295
1.7475 4294967295
1.75065 4294967295
1.75381 4294967295
1.75696 4294967295
1.76011 4294967295
1.76326 4294967295
1.76641 4294967295
1.76957 4294967295
1.77272 4294967295
1.77587 4294967295
1.77902 4294967295
1.78217 4294967295
1.78533 4294967295
1.78848 4294967295
1.79163 4294967295
1.79478 4294967295
1.79793 4294967295
1.80109 4294967295
1.80424 4294967295
1.80739 4294967295
1.81054 4294967295
1.81369 4294967295
1.81685 4294967295
1.82 4294967295
1.82315 4294967295
1.8263 4294967295
1.82945 4294967295
1.83261 4294967295
1.83576 4294967295
1.83891 4294967295
1.84206 4294967295
1.84521 4294967295
1.84837 4294967295
1.85152 4294967295
1.85467 4294967295
1.85782 4294967295
1.86097 4294967295
1.86413 4294967295
1.86728 4294967295
1.87043 4294967295
1.87358 4294967295
1.87673 4294967295
1.87989 4294967295
1.88304 4294967295
1.88619 4294967295
1.88934 4294967295
1.89249 4294967295
1.89565 4294967295
1.8988 4294967295
1.90195 4294967295
1.9051 4294967295
1.90825 4294967295
1.91141 4294967295
1.91456 4294967295
1.91771 4294967295
1.92086 4294967295
1.92401 4294967295
1.92717 4294967295
1.93197 680
1.93197 680
3.26927 680
3.28441 680
3.28441 680
3.3767 680
3.46899 680
3.56127 680
3.65356 680
3.74584 680
3.83813 680
3.84286 680
3.93357 680
3.93829 680
4.029 680
4.03373 680
4.12444 680
4.12917 680
4.2183 680
4.22303 680
4.31216 680
4.31689 680
4.40445 680
4.40918 680
4.49674 680
4.50146 680
4.58902 680
4.59375 680
4.59848 680
4.68446 680
4.68919 680
4.69391 680
4.7799 680
4.78462 680
4.78935 680
4.87533 680
4.88006 680
4.88479 680
4.9692 680
4.97392 680
4.97865 680
5.06306 680
5.06778 680
5.07251 680
5.15692 680
5.16165 680
5.16637 680
5.2492 680
5.25393 680
5.25866 680
5.34149 680
5.34622 680
5.35095 680
5.43378 680
5.4385 680
5.44323 680
5.44796 680
5.52921 680
5.53394 680
5.53867 680
5.5434 680
5.62465 680
5.62938 680
5.63411 680
5.63883 680
5.72009 680
5.72482 680
5.72954 680
5.73427 680
5.81395 680
5.81868 680
5.82341 680
5.82813 680
5.90781 680
5.91254 680
5.91727 680
5.922 680
6.00167 680
6.0064 680
6.01113 680
6.01586 680
6.09396 680
6.09869 680
6.10341 680
6.10814 680
6.18624 680
6.19097 680
6.1957 680
6.20043 680
6.27853 680
6.28326 680
6.28799 680
6.29271 680
6.29744 680
6.37397 680
6.3787 680
6.38342 680
6.38815 680
6.39284 680
6.46933 680
6.49766 680
6.50081 680
6.50396 680
6.50711 680
6.51027 680
6.5615 680
6.58983 680
6.59298 680
6.59613 680
6.59928 680
6.60244 680
6.60559 680
6.65524 680
6.68357 680
6.68673 680
6.68988 680
6.69303 680
6.69618 680
6.69933 680
6.74899 680
6.77732 680
6.78047 680
6.78362 680
6.78678 680
6.78993 680
6.79308 680
6.84116 680
6.86949 680
6.87264 680
6.8758 680
6.87895 680
6.8821 680
6.88525 680
6.93333 680
6.96166 680
6.96481 680
6.96797 680
6.97112 680
6.97427 680
6.97742 680
6.98057 680
7.02708 680
7.05541 680
7.05856 680
7.06171 680
7.06486 680
7.06802 680
7.07117 680
7.07432 680
7.12082 680
7.14915 680
7.15231 680
7.15546 680
7.15861 680
7.16176 680
7.16491 680
7.16807 680
7.213 680
7.24132 680
7.24448 680
7.24763 680
7.25078 680
7.25393 680
7.25708 680
7.26024 680
7.30517 680
7.3335 680
7.33665 680
7.3398 680
7.34295 680
7.3461 680
7.34926 680
7.35241 680
7.39734 680
7.40049 680
7.42724 680
7.43039 680
7.43355 680
7.4367 680
7.43985 680
7.443 680
7.44615 680
7.49108 680
7.49423 680
7.52099 680
7.52414 680
7.52729 680
7.53044 680
7.5336 680
7.53675 680
7.5399 680
7.58483 680
7.58798 680
7.61473 680
7.61789 680
7.62104 680
7.62419 680
7.62734 680
7.63049 680
7.63365 680
7.677 680
7.68015 680
7.7069 680
7.71006 680
7.71321 680
7.71636 680
7.71951 680
7.72266 680
7.72582 680
7.76917 680
7.77232 680
7.79908 680
7.80223 680
7.80538 680
7.80853 680
7.81168 680
7.81484 680
7.81799 680
7.82114 680
7.86292 680
7.86607 680
7.89282 680
7.89597 680
7.89913 680
7.90228 680
7.90543 680
7.90858 680
7.91173 680
7.91489 680
7.95666 680
7.95981 680
7.98657 680
7.98972 680
7.99287 680
7.99602 680
7.99918 680
8.00233 680
8.00548 680
8.00863 680
8.04883 680
8.05198 680
8.07874 680
8.08189 680
8.08504 680
8.08819 680
8.09135 680
8.0945 680
8.09765 680
8.1008 680
8.141 680
8.14416 680
8.17091 680
8.17406 680
8.17721 680
8.18036 680
8.18352 680
8.18667 680
8.18982 680
8.19297 680
8.19612 680
8.23475 680
8.2379 680
8.26466 680
8.26781 680
8.27096 680
8.27411 680
8.27726 680
8.28041 680
8.28357 680
8.28672 680
8.28987 680
8.3285 680
8.33165 680
8.3584 680
8.36155 680
8.36471 680
8.36786 680
8.37101 680
8.37416 680
8.37731 680
8.38047 680
8.38362 680
8.42224 680
8.42539 680
8.45057 680
8.45372 680
8.45688 680
8.46003 680
8.46318 680
8.46633 680
8.46948 680
8.47264 680
8.47579 680
8.51441 680
8.51756 680
8.54274 680
8.54589 680
8.54905 680
8.5522 680
8.55535 680
8.5585 680
8.56165 680
8.56481 680
8.56796 680
8.60658 680
8.60974 680
8.63491 680
8.63806 680
8.64122 680
8.64437 680
8.64752 680
8.65067 680
8.65382 680
8.65698 680
8.66013 680
8.66328 680
8.70033 680
8.70348 680
8.72866 680
8.73181 680
8.73496 680
8.73811 680
8.74127 680
8.74442 680
8.74757 680
8.75072 680
8.75387 680
8.75703 680
8.79408 680
8.79723 680
8.82241 680
8.82556 680
8.82871 680
8.83186 680
8.83501 680
8.83817 680
8.84132 680
8.84447 680
8.84762 680
8.85077 680
8.88625 680
8.8894 680
8.91458 680
8.91773 680
8.92088 680
8.92403 680
8.92718 680
8.93034 680
8.93349 680
8.93664 680
8.93979 680
8.94294 680
8.97842 680
8.98157 680
9.00675 680
9.0099 680
9.01305 680
9.0162 680
9.01935 680
9.02251 680
9.02566 680
9.02881 680
9.03196 680
9.03511 680
9.03827 680
9.07216 680
9.07532 680
9.10049 680
9.10364 680
9.1068 680
9.10995 680
9.1131 680
9.11625 680
9.1194 680
9.12256 680
9.12571 680
9.12886 680
9.13201 680
9.16591 680
9.16906 680
9.19424 680
9.19739 680
9.20054 680
9.20369 680
9.20685 680
9.21 680
9.21315 680
9.2163 680
9.21945 680
9.22261 680
9.22576 680
9.25808 680
9.26123 680
9.28641 680
9.28956 680
9.29271 680
9.29587 680
9.29902 680
9.30217 680
9.30532 680
9.30847 680
9.31163 680
9.31478 680
9.31793 680
9.35025 680
9.3534 680
9.37858 680
9.38173 680
9.38488 680
9.38804 680
9.39119 680
9.39434 680
9.39749 680
9.40064 680
9.4038 680
9.40695 680
9.4101 680
9.41325 680
9.444 680
9.44715 680
9.47233 680
9.47548 680
9.47863 680
9.48178 680
9.48493 680
9.48809 680
9.49124 680
9.49439 680
9.49754 680
9.50069 680
9.50385 680
9.507 680
9.53774 680
9.54089 680
9.56607 680
9.56922 680
9.57238 680
9.57553 680
9.57868 680
9.58183 680
9.58498 680
9.58814 680
9.59129 680
9.59444 680
9.59759 680
9.60074 680
9.63149 680
9.63464 680
9.65824 680
9.66139 680
9.66455 680
9.6677 680
9.67085 680
9.674 680
9.67715 680
9.68031 680
9.68346 680
9.68661 680
9.68976 680
9.69291 680
9.72366 680
9.72681 680
9.75041 680
9.75357 680
9.75672 680
9.75987 680
9.76302 680
9.76617 680
9.76933 680
9.77248 680
9.77563 680
9.77878 680
9.78193 680
9.78509 680
9.81583 680
9.81898 680
9.84258 680
9.84574 680
9.84889 680
9.85204 680
9.85519 680
9.85834 680
9.8615 680
9.86465 680
9.8678 680
9.87095 680
9.8741 680
9.87726 680
9.88041 680
9.90958 680
9.91273 680
9.93633 680
9.93948 680
9.94263 680
9.94579 680
9.94894 680
9.95209 680
9.95524 680
9.95839 680
9.96155 680
9.9647 680
9.96785 680
9.971 680
9.97415 680
10.0033 680
10.0065 680
10.0301 680
10.0332 680
10.0364 680
10.0395 680
10.0427 680
10.0458 680
10.049 680
10.0521 680
10.0553 680
10.0584 680
10.0616 680
10.0647 680
10.0679 680
10.0955 680
10.0986 680
10.1222 680
10.1254 680
10.1286 680
10.1317 680
10.1349 680
10.138 680
10.1412 680
10.1443 680
10.1475 680
10.1506 680
10.1538 680
10.1569 680
10.1601 680
10.1877 680
10.1908 680
10.2144 680
10.2176 680
10.2207 680
10.2239 680
10.227 680
10.2302 680
10.2333 680
10.2365 680
10.2396 680
10.2428 680
10.2459 680
10.2491 680
10.2522 680
10.2554 680
10.2814 680
10.2846 680
10.3082 680
10.3113 680
10.3145 680
10.3176 680
10.3208 680
10.3239 680
10.3271 680
10.3302 680
10.3334 680
10.3365 680
10.3397 680
10.3428 680
10.346 680
10.3491 680
10.3752 680
10.3783 680
10.4019 680
10.4051 680
10.4082 680
10.4114 680
10.4145 680
10.4177 680
10.4208 680
10.424 680
10.4271 680
10.4303 680
10.4334 680
10.4366 680
10.4397 680
10.4429 680
10.4673 680
10.4705 680
10.4941 680
10.4972 680
10.5004 680
10.5035 680
10.5067 680
10.5098 680
10.513 680
10.5161 680
10.5193 680
10.5224 680
10.5256 680
10.5288 680
10.5319 680
10.5351 680
10.5595 680
10.5626 680
10.5863 680
10.5894 680
10.5926 680
10.5957 680
10.5989 680
10.602 680
10.6052 680
10.6083 680
10.6115 680
10.6146 680
10.6178 680
10.6209 680
10.6241 680
10.6272 680
10.6304 680
10.6532 680
10.6564 680
10.68 680
10.6831 680
10.6863 680
10.6895 680
10.6926 680
10.6958 680
10.6989 680
10.7021 680
10.7052 680
10.7084 680
10.7115 680
10.7147 680
10.7178 680
10.721 680
10.7241 680
10.747 680
10.7501 680
10.7737 680
10.7769 680
10.78 680
10.7832 680
10.7864 680
10.7895 680
10.7927 680
10.7958 680
10.799 680
10.8021 680
10.8053 680
10.8084 680
10.8116 680
10.8147 680
10.8179 680
10.8407 680
10.8439 680
10.8675 680
10.8706 680
10.8738 680
10.8769 680
10.8801 680
10.8833 680
10.8864 680
10.8896 680
10.8927 680
10.8959 680
10.899 680
10.9022 680
10.9053 680
10.9085 680
10.9116 680
10.9329 680
10.9361 680
10.9597 680
10.9628 680
10.966 680
10.9691 680
10.9723 680
10.9754 680
10.9786 680
10.9817 680
10.9849 680
10.988 680
10.9912 680
10.9943 680
10.9975 680
11.0006 680
11.0038 680
11.0251 680
11.0282 680
11.0518 680
11.055 680
11.0581 680
11.0613 680
11.0644 680
11.0676 680
11.0707 680
11.0739 680
11.077 680
11.0802 680
11.0834 680
11.0865 680
11.0897 680
11.0928 680
11.096 680
11.0991 680
11.1188 680
11.122 680
11.1456 680
11.1487 680
11.1519 680
11.155 680
11.1582 680
11.1613 680
11.1645 680
11.1676 680
11.1708 680
11.1739 680
11.1771 680
11.1802 680
11.1834 680
11.1866 680
11.1897 680
11.1929 680
11.2126 680
11.2157 680
11.2393 680
11.2425 680
11.2456 680
11.2488 680
11.2519 680
11.2551 680
11.2582 680
11.2614 680
11.2645 680
11.2677 680
11.2708 680
11.274 680
11.2771 680
11.2803 680
11.2835 680
11.2866 680
11.3047 680
11.3079 680
11.3315 680
11.3346 680
11.3378 680
11.341 680
11.3441 680
11.3473 680
11.3504 680
11.3536 680
11.3567 680
11.3599 680
11.363 680
11.3662 680
11.3693 680
11.3725 680
11.3756 680
11.3788 680
11.3969 680
11.4001 680
11.4237 680
11.4268 680
11.43 680
11.4331 680
11.4363 680
11.4394 680
11.4426 680
11.4457 680
11.4489 680
11.452 680
11.4552 680
11.4583 680
11.4615 680
11.4646 680
11.4678 680
11.4709 680
11.4741 680
11.4907 680
11.4938 680
11.5174 680
11.5206 680
11.5237 680
11.5269 680
11.53 680
11.5332 680
11.5363 680
11.5395 680
11.5426 680
11.5458 680
11.5489 680
11.5521 680
11.5552 680
11.5584 680
11.5615 680
11.5647 680
11.5678 680
11.5844 680
11.5876 680
11.6112 680
11.6143 680
11.6175 680
11.6206 680
11.6238 680
11.6269 680
11.6301 680
11.6332 680
11.6364 680
11.6395 680
11.6427 680
11.6458 680
11.649 680
11.6521 680
11.6553 680
11.6584 680
11.6616 680
11.6766 680
11.6797 680
11.7033 680
11.7065 680
11.7096 680
11.7128 680
11.7159 680
11.7191 680
11.7222 680
11.7254 680
11.7285 680
11.7317 680
11.7348 680
11.738 680
11.7412 680
11.7443 680
11.7475 680
11.7506 680
11.7538 680
11.7687 680
11.7719 680
11.7955 680
11.7987 680
11.8018 680
11.805 680
11.8081 680
11.8113 680
11.8144 680
11.8176 680
11.8207 680
11.8239 680
11.827 680
11.8302 680
11.8333 680
11.8365 680
11.8396 680
11.8428 680
11.8459 680
11.8609 680
11.8641 680
11.8877 680
11.8908 680
11.894 680
11.8971 680
11.9003 680
11.9034 680
11.9066 680
11.9097 680
11.9129 680
11.916 680
11.9192 680
11.9223 680
11.9255 680
11.9286 680
11.9318 680
11.9349 680
11.9381 680
11.9413 680
11.9547 680
11.9578 680
11.9814 680
11.9846 680
11.9877 680
11.9909 680
11.994 680
11.9972 680
12.0003 680
12.0035 680
12.0066 680
12.0098 680
12.0129 680
12.0161 680
12.0192 680
12.0224 680
12.0255 680
12.0287 680
12.0318 680
12.035 680
12.0484 680
12.0516 680
12.0752 680
12.0783 680
12.0815 680
12.0846 680
12.0878 680
12.0909 680
12.0941 680
12.0972 680
12.1004 680
12.1035 680
12.1067 680
12.1098 680
12.113 680
12.1161 680
12.1193 680
12.1224 680
12.1256 680
12.1287 680
12.1406 680
12.1437 680
12.1673 680
12.1705 680
12.1736 680
12.1768 680
12.1799 680
12.1831 680
12.1862 680
12.1894 680
12.1925 680
12.1957 680
12.1989 680
12.202 680
12.2052 680
12.2083 680
12.2115 680
12.2146 680
12.2178 680
12.2209 680
12.2327 680
12.2359 680
12.2595 680
12.2627 680
12.2658 680
12.269 680
12.2721 680
12.2753 680
12.2784 680
12.2816 680
12.2847 680
12.2879 680
12.291 680
12.2942 680
12.2973 680
12.3005 680
12.3036 680
12.3068 680
12.3099 680
12.3131 680
12.3162 680
12.3265 680
12.3296 680
12.3532 680
12.3564 680
12.3596 680
12.3627 680
12.3659 680
12.369 680
12.3722 680
12.3753 680
12.3785 680
12.3816 680
12.3848 680
12.3879 680
12.3911 680
12.3942 680
12.3974 680
12.4005 680
12.4037 680
12.4068 680
12.41 680
12.4202 680
12.4234 680
12.447 680
12.4501 680
12.4533 680
12.4565 680
12.4596 680
12.4628 680
12.4659 680
12.4691 680
12.4722 680
12.4754 680
12.4785 680
12.4817 680
12.4848 680
12.488 680
12.4911 680
12.4943 680
12.4974 680
12.5006 680
12.5037 680
12.5124 680
12.5156 680
12.5392 680
12.5423 680
12.5455 680
12.5486 680
12.5518 680
12.5549 680
12.5581 680
12.5612 680
12.5644 680
12.5675 680
12.5707 680
12.5738 680
12.577 680
12.5801 680
12.5833 680
12.5864 680
12.5896 680
12.5927 680
12.5959 680
12.6046 680
12.6077 680
12.6313 680
12.6345 680
12.6376 680
12.6408 680
12.6439 680
12.6471 680
12.6502 680
12.6534 680
12.6566 680
12.6597 680
12.6629 680
12.666 680
12.6692 680
12.6723 680
12.6755 680
12.6786 680
12.6818 680
12.6849 680
12.6881 680
12.6912 680
12.6983 680
12.7015 680
12.7251 680
12.7282 680
12.7314 680
12.7345 680
12.7377 680
12.7408 680
12.744 680
12.7471 680
12.7503 680
12.7535 680
12.7566 680
12.7598 680
12.7629 680
12.7661 680
12.7692 680
12.7724 680
12.7755 680
12.7787 680
12.7818 680
12.785 680
12.7921 680
12.7952 680
12.8188 680
12.822 680
12.8251 680
12.8283 680
12.8314 680
12.8346 680
12.8377 680
12.8409 680
12.844 680
12.8472 680
12.8503 680
12.8535 680
12.8567 680
12.8598 680
12.863 680
12.8661 680
12.8693 680
12.8724 680
12.8756 680
12.8787 680
12.8858 680
12.889 680
12.9126 680
12.9157 680
12.9189 680
12.922 680
12.9252 680
12.9283 680
12.9315 680
12.9346 680
12.9378 680
12.9409 680
12.9441 680
12.9472 680
12.9504 680
12.9536 680
12.9567 680
12.9599 680
12.963 680
12.9662 680
12.9693 680
12.9725 680
12.978 680
12.9811 680
13.0047 680
13.0079 680
13.011 680
13.0142 680
13.0174 680
13.0205 680
13.0237 680
13.0268 680
13.03 680
13.0331 680
13.0363 680
13.0394 680
13.0426 680
13.0457 680
13.0489 680
13.052 680
13.0552 680
13.0583 680
13.0615 680
13.0646 680
13.0702 680
13.0733 680
13.0969 680
13.1001 680
13.1032 680
13.1064 680
13.1095 680
13.1127 680
13.1158 680
13.119 680
13.1221 680
13.1253 680
13.1284 680
13.1316 680
13.1347 680
13.1379 680
13.141 680
13.1442 680
13.1473 680
13.1505 680
13.1537 680
13.1568 680
13.16 680
13.1639 680
13.1671 680
13.1907 680
13.1938 680
13.197 680
13.2001 680
13.2033 680
13.2064 680
13.2096 680
13.2127 680
13.2159 680
13.219 680
13.2222 680
13.2253 680
13.2285 680
13.2316 680
13.2348 680
13.2379 680
13.2411 680
13.2442 680
13.2474 680
13.2506 680
13.2537 680
13.2577 680
13.2608 680
13.2844 680
13.2876 680
13.2907 680
13.2939 680
13.297 680
13.3002 680
13.3033 680
13.3065 680
13.3096 680
13.3128 680
13.3159 680
13.3191 680
13.3222 680
13.3254 680
13.3285 680
13.3317 680
13.3348 680
13.338 680
13.3411 680
13.3443 680
13.3474 680
13.3506 680
13.3538 680
13.3766 680
13.3797 680
13.3829 680
13.386 680
13.3892 680
13.3923 680
13.3955 680
13.3986 680
13.4018 680
13.4049 680
13.4081 680
13.4113 680
13.4144 680
13.4176 680
13.4207 680
13.4239 680
13.427 680
13.4302 680
13.4333 680
13.4365 680
13.4396 680
13.4428 680
13.4459 680
13.4687 680
13.4719 680
13.4751 680
13.4782 680
13.4814 680
13.4845 680
13.4877 680
13.4908 680
13.494 680
13.4971 680
13.5003 680
13.5034 680
13.5066 680
13.5097 680
13.5129 680
13.516 680
13.5192 680
13.5223 680
13.5255 680
13.5286 680
13.5318 680
13.5349 680
13.5381 680
13.5412 680
13.5625 680
13.5656 680
13.5688 680
13.572 680
13.5751 680
13.5783 680
13.5814 680
13.5846 680
13.5877 680
13.5909 680
13.594 680
13.5972 680
13.6003 680
13.6035 680
13.6066 680
13.6098 680
13.6129 680
13.6161 680
13.6192 680
13.6224 680
13.6255 680
13.6287 680
13.6318 680
13.635 680
13.6562 680
13.6594 680
13.6625 680
13.6657 680
13.6689 680
13.672 680
13.6752 680
13.6783 680
13.6815 680
13.6846 680
13.6878 680
13.6909 680
13.6941 680
13.6972 680
13.7004 680
13.7035 680
13.7067 680
13.7098 680
13.713 680
13.7161 680
13.7193 680
13.7224 680
13.7256 680
13.7287 680
13.7484 680
13.7516 680
13.7547 680
13.7579 680
13.761 680
13.7642 680
13.7673 680
13.7705 680
13.7736 680
13.7768 680
13.7799 680
13.7831 680
13.7862 680
13.7894 680
13.7925 680
13.7957 680
13.7988 680
13.802 680
13.8051 680
13.8083 680
13.8115 680
13.8146 680
13.8178 680
13.8209 680
13.8406 680
13.8437 680
13.8469 680
13.85 680
13.8532 680
13.8563 680
13.8595 680
13.8626 680
13.8658 680
13.869 680
13.8721 680
13.8753 680
13.8784 680
13.8816 680
13.8847 680
13.8879 680
13.891 680
13.8942 680
13.8973 680
13.9005 680
13.9036 680
13.9068 680
13.9099 680
13.9131 680
13.9328 680
13.9359 680
13.9391 680
13.9422 680
13.9454 680
13.9485 680
13.9517 680
13.9548 680
13.958 680
13.9611 680
13.9643 680
13.9674 680
13.9706 680
13.9737 680
13.9769 680
13.98 680
13.9832 680
13.9863 680
13.9895 680
13.9926 680
13.9958 680
13.9989 680
14.0021 680
14.0052 680
14.0084 680
14.0265 680
14.0297 680
14.0328 680
14.036 680
14.0391 680
14.0423 680
14.0454 680
14.0486 680
14.0517 680
14.0549 680
14.058 680
14.0612 680
14.0643 680
14.0675 680
14.0706 680
14.0738 680
14.0769 680
14.0801 680
14.0832 680
14.0864 680
14.0895 680
14.0927 680
14.0958 680
14.099 680
14.1021 680
14.1202 680
14.1234 680
14.1266 680
14.1297 680
14.1329 680
14.136 680
14.1392 680
14.1423 680
14.1455 680
14.1486 680
14.1518 680
14.1549 680
14.1581 680
14.1612 680
14.1644 680
14.1675 680
14.1707 680
14.1738 680
14.177 680
14.1801 680
14.1833 680
14.1864 680
14.1896 680
14.1927 680
14.1959 680
14.2124 680
14.2156 680
14.2187 680
14.2219 680
14.225 680
14.2282 680
14.2313 680
14.2345 680
14.2376 680
14.2408 680
14.2439 680
14.2471 680
14.2502 680
14.2534 680
14.2565 680
14.2597 680
14.2628 680
14.266 680
14.2692 680
14.2723 680
14.2755 680
14.2786 680
14.2818 680
14.2849 680
14.2881 680
14.3046 680
14.3077 680
14.3109 680
14.314 680
14.3172 680
14.3203 680
14.3235 680
14.3267 680
14.3298 680
14.333 680
14.3361 680
14.3393 680
14.3424 680
14.3456 680
14.3487 680
14.3519 680
14.355 680
14.3582 680
14.3613 680
14.3645 680
14.3676 680
14.3708 680
14.3739 680
14.3771 680
14.3802 680
14.3834 680
14.3983 680
14.4015 680
14.4046 680
14.4078 680
14.4109 680
14.4141 680
14.4172 680
14.4204 680
14.4235 680
14.4267 680
14.4299 680
14.433 680
14.4362 680
14.4393 680
14.4425 680
14.4456 680
14.4488 680
14.4519 680
14.4551 680
14.4582 680
14.4614 680
14.4645 680
14.4677 680
14.4708 680
14.474 680
14.4771 680
14.4921 680
14.4952 680
14.4984 680
14.5015 680
14.5047 680
14.5078 680
14.511 680
14.5141 680
14.5173 680
14.5204 680
14.5236 680
14.5268 680
14.5299 680
14.5331 680
14.5362 680
14.5394 680
14.5425 680
14.5457 680
14.5488 680
14.552 680
14.5551 680
14.5583 680
14.5614 680
14.5646 680
14.5677 680
14.5709 680
14.5843 680
14.5874 680
14.5906 680
14.5937 680
14.5969 680
14.6 680
14.6032 680
14.6063 680
14.6095 680
14.6126 680
14.6158 680
14.6189 680
14.6221 680
14.6252 680
14.6284 680
14.6315 680
14.6347 680
14.6378 680
14.641 680
14.6441 680
14.6473 680
14.6504 680
14.6536 680
14.6567 680
14.6599 680
14.663 680
14.6764 680
14.6796 680
14.6827 680
14.6859 680
14.689 680
14.6922 680
14.6953 680
14.6985 680
14.7016 680
14.7048 680
14.7079 680
14.7111 680
14.7142 680
14.7174 680
14.7205 680
14.7237 680
14.7269 680
14.73 680
14.7332 680
14.7363 680
14.7395 680
14.7426 680
14.7458 680
14.7489 680
14.7521 680
14.7552 680
14.7686 680
14.7717 680
14.7749 680
14.778 680
14.7812 680
14.7844 680
14.7875 680
14.7907 680
14.7938 680
14.797 680
14.8001 680
14.8033 680
14.8064 680
14.8096 680
14.8127 680
14.8159 680
14.819 680
14.8222 680
14.8253 680
14.8285 680
14.8316 680
14.8348 680
14.8379 680
14.8411 680
14.8442 680
14.8474 680
14.8505 680
14.8623 680
14.8655 680
14.8686 680
14.8718 680
14.8749 680
14.8781 680
14.8812 680
14.8844 680
14.8876 680
14.8907 680
14.8939 680
14.897 680
14.9002 680
14.9033 680
14.9065 680
14.9096 680
14.9128 680
14.9159 680
14.9191 680
14.9222 680
14.9254 680
14.9285 680
14.9317 680
14.9348 680
14.938 680
14.9411 680
14.9443 680
14.9561 680
14.9592 680
14.9624 680
14.9655 680
14.9687 680
14.9718 680
14.975 680
14.9781 680
14.9813 680
14.9845 680
14.9876 680
14.9908 680
14.9939 680
14.9971 680
15.0002 680
15.0034 680
15.0065 680
15.0097 680
15.0128 680
15.016 680
15.0191 680
15.0223 680
15.0254 680
15.0286 680
15.0317 680
15.0349 680
15.038 680
15.0483 680
15.0514 680
15.0546 680
15.0577 680
15.0609 680
15.064 680
15.0672 680
15.0703 680
15.0735 680
15.0766 680
15.0798 680
15.0829 680
15.0861 680
15.0892 680
15.0924 680
15.0955 680
15.0987 680
15.1018 680
15.105 680
15.1081 680
15.1113 680
15.1144 680
15.1176 680
15.1207 680
15.1239 680
15.1271 680
15.1302 680
15.1404 680
15.1436 680
15.1467 680
15.1499 680
15.153 680
15.1562 680
15.1593 680
15.1625 680
15.1656 680
15.1688 680
15.1719 680
15.1751 680
15.1782 680
15.1814 680
15.1846 680
15.1877 680
15.1909 680
15.194 680
15.1972 680
15.2003 680
15.2035 680
15.2066 680
15.2098 680
15.2129 680
15.2161 680
15.2192 680
15.2224 680
15.2255 680
15.2342 680
15.2373 680
15.2405 680
15.2436 680
15.2468 680
15.2499 680
15.2531 680
15.2562 680
15.2594 680
15.2625 680
15.2657 680
15.2688 680
15.272 680
15.2751 680
15.2783 680
15.2815 680
15.2846 680
15.2878 680
15.2909 680
15.2941 680
15.2972 680
15.3004 680
15.3035 680
15.3067 680
15.3098 680
15.313 680
15.3161 680
15.3193 680
15.3279 680
15.3311 680
15.3342 680
15.3374 680
15.3405 680
15.3437 680
15.3468 680
15.35 680
15.3531 680
15.3563 680
15.3594 680
15.3626 680
15.3657 680
15.3689 680
15.372 680
15.3752 680
15.3783 680
15.3815 680
15.3847 680
15.3878 680
15.391 680
15.3941 680
15.3973 680
15.4004 680
15.4036 680
15.4067 680
15.4099 680
15.413 680
15.4201 680
15.4232 680
15.4264 680
15.4295 680
15.4327 680
15.4358 680
15.439 680
15.4422 680
15.4453 680
15.4485 680
15.4516 680
15.4548 680
15.4579 680
15.4611 680
15.4642 680
15.4674 680
15.4705 680
15.4737 680
15.4768 680
15.48 680
15.4831 680
15.4863 680
15.4894 680
15.4926 680
15.4957 680
15.4989 680
15.502 680
15.5052 680
15.5123 680
15.5154 680
15.5186 680
15.5217 680
15.5249 680
15.528 680
15.5312 680
15.5343 680
15.5375 680
15.5406 680
15.5438 680
15.5469 680
15.5501 680
15.5532 680
15.5564 680
15.5595 680
15.5627 680
15.5658 680
15.569 680
15.5721 680
15.5753 680
15.5784 680
15.5816 680
15.5848 680
15.5879 680
15.5911 680
15.5942 680
15.5974 680
15.6005 680
15.606 680
15.6092 680
15.6123 680
15.6155 680
15.6186 680
15.6218 680
15.6249 680
15.6281 680
15.6312 680
15.6344 680
15.6375 680
15.6407 680
15.6438 680
15.647 680
15.6501 680
15.6533 680
15.6564 680
15.6596 680
15.6627 680
15.6659 680
15.669 680
15.6722 680
15.6753 680
15.6785 680
15.6817 680
15.6848 680
15.688 680
15.6911 680
15.6943 680
15.6998 680
15.7029 680
15.7061 680
15.7092 680
15.7124 680
15.7155 680
15.7187 680
15.7218 680
15.725 680
15.7281 680
15.7313 680
15.7344 680
15.7376 680
15.7407 680
15.7439 680
15.747 680
15.7502 680
15.7533 680
15.7565 680
15.7596 680
15.7628 680
15.7659 680
15.7691 680
15.7722 680
15.7754 680
15.7786 680
15.7817 680
15.7849 680
15.788 680
15.7935 680
15.7966 680
15.7998 680
15.803 680
15.8061 680
15.8093 680
15.8124 680
15.8156 680
15.8187 680
15.8219 680
15.825 680
15.8282 680
15.8313 680
15.8345 680
15.8376 680
15.8408 680
15.8439 680
15.8471 680
15.8502 680
15.8534 680
15.8565 680
15.8597 680
15.8628 680
15.866 680
15.8691 680
15.8723 680
15.8754 680
15.8786 680
15.8818 680
15.8857 680
15.8888 680
15.892 680
15.8951 680
15.8983 680
15.9014 680
15.9046 680
15.9077 680
15.9109 680
15.914 680
15.9172 680
15.9203 680
15.9235 680
15.9266 680
15.9298 680
15.9329 680
15.9361 680
15.9393 680
15.9424 680
15.9456 680
15.9487 680
15.9519 680
15.955 680
15.9582 680
15.9613 680
15.9645 680
15.9676 680
15.9708 680
15.9739 680
15.9778 680
15.981 680
15.9841 680
15.9873 680
15.9904 680
15.9936 680
15.9967 680
15.9999 680
16.0031 680
16.0062 680
16.0094 680
16.0125 680
16.0157 680
16.0188 680
16.022 680
16.0251 680
16.0283 680
16.0314 680
16.0346 680
16.0377 680
16.0409 680
16.044 680
16.0472 680
16.0503 680
16.0535 680
16.0566 680
16.0598 680
16.0629 680
16.0661 680
16.0692 680
16.0724 680
16.0755 680
16.0787 680
16.0819 680
16.085 680
16.0882 680
16.0913 680
16.0945 680
16.0976 680
16.1008 680
16.1039 680
16.1071 680
16.1102 680
16.1134 680
16.1165 680
16.1197 680
16.1228 680
16.126 680
16.1291 680
16.1323 680
16.1354 680
16.1386 680
16.1417 680
16.1449 680
16.148 680
16.1512 680
16.1543 680
16.1575 680
16.1607 680
16.1638 680
16.167 680
16.1701 680
16.1733 680
16.1764 680
16.1796 680
16.1827 680
16.1859 680
16.189 680
16.1922 680
16.1953 680
16.1985 680
16.2016 680
16.2048 680
16.2079 680
16.2111 680
16.2142 680
16.2174 680
16.2205 680
16.2237 680
16.2268 680
16.23 680
16.2331 680
16.2363 680
16.2395 680
16.2426 680
16.2458 680
16.2489 680
16.2521 680
16.2552 680
16.2584 680
16.2615 680
16.2647 680
16.2678 680
16.271 680
16.2741 680
16.2773 680
16.2804 680
16.2836 680
16.2867 680
16.2899 680
16.293 680
16.2962 680
16.2993 680
16.3025 680
16.3056 680
16.3088 680
16.3119 680
16.3151 680
16.3183 680
16.3214 680
16.3246 680
16.3277 680
16.3309 680
16.334 680
16.3372 680
16.3403 680
16.3435 680
16.3466 680
16.3498 680
16.3529 680
16.3561 680
16.3592 680
16.3624 680
16.3655 680
16.3687 680
16.3718 680
16.375 680
16.3781 680
16.3813 680
16.3844 680
16.3876 680
16.3907 680
16.3939 680
16.3971 680
16.4002 680
16.4034 680
16.4065 680
16.4097 680
16.4128 680
16.416 680
16.4191 680
16.4223 680
16.4254 680
16.4286 680
16.4317 680
16.4349 680
16.438 680
16.4412 680
16.4443 680
16.4475 680
16.4506 680
16.4538 680
16.4569 680
16.4601 680
16.4632 680
16.4664 680
16.4695 680
16.4727 680
16.4759 680
16.479 680
16.4822 680
16.4853 680
16.4885 680
16.4916 680
16.4948 680
16.4979 680
16.5011 680
16.5042 680
16.5074 680
16.5105 680
16.5137 680
16.5168 680
16.52 680
16.5231 680
16.5263 680
16.5294 680
16.5326 680
16.5357 680
16.5389 680
16.542 680
16.5452 680
16.5483 680
16.5515 680
16.5547 680
16.5578 680
16.561 680
16.5641 680
16.5673 680
16.5704 680
16.5736 680
16.5767 680
16.5799 680
16.583 680
16.5862 680
16.5893 680
16.5925 680
16.5956 680
16.5988 680
16.6019 680
16.6051 680
16.6082 680
16.6114 680
16.6145 680
16.6177 680
16.6208 680
16.624 680
16.6271 680
16.6303 680
16.6335 680
16.6366 680
16.6398 680
16.6429 680
16.6461 680
16.6492 680
16.6524 680
16.6555 680
16.6587 680
16.6618 680
16.665 680
16.6681 680
16.6713 680
16.6744 680
16.6776 680
16.6807 680
16.6839 680
16.687 680
16.6902 680
16.6933 680
16.6965 680
16.6996 680
16.7028 680
16.7059 680
16.7091 680
16.7123 680
16.7154 680
16.7186 680
16.7217 680
16.7249 680
16.728 680
16.7312 680
16.7343 680
16.7375 680
16.7406 680
16.7438 680
16.7469 680
16.7501 680
16.7532 680
16.7564 680
16.7595 680
16.7627 680
16.7658 680
16.769 680
16.7721 680
16.7753 680
16.7784 680
16.7816 680
16.7847 680
16.7879 680
16.7911 680
16.7942 680
16.7974 680
16.8005 680
16.8037 680
16.8068 680
16.81 680
16.8131 680
16.8163 680
16.8194 680
16.8226 680
16.8257 680
16.8289 680
16.832 680
16.8352 680
16.8383 680
16.8415 680
16.8446 680
16.8478 680
16.8509 680
16.8541 680
16.8572 680
16.8604 680
16.8635 680
16.8667 680
16.8699 680
16.873 680
16.8762 680
16.8793 680
16.8825 680
16.8856 680
16.8888 680
16.8919 680
16.8951 680
16.8982 680
16.9014 680
16.9045 680
16.9077 680
16.9108 680
16.914 680
16.9171 680
16.9203 680
16.9234 680
16.9266 680
16.9297 680
16.9329 680
16.936 680
16.9392 680
16.9423 680
16.9455 680
16.9487 680
16.9518 680
16.955 680
16.9581 680
16.9613 680
16.9644 680
16.9676 680
16.9707 680
16.9739 680
16.977 680
16.9802 680
16.9833 680
16.9865 680
16.9896 680
16.9928 680
16.9959 680
16.9991 680
17.0022 680
17.0054 680
17.0085 680
17.0117 680
17.0148 680
17.018 680
17.0211 680
17.0243 680
17.0275 680
17.0306 680
17.0338 680
17.0369 680
17.0401 680
17.0432 680
17.0464 680
17.0495 680
17.0527 680
17.0558 680
17.059 680
17.0621 680
17.0653 680
17.0684 680
17.0716 680
17.0747 680
17.0779 680
17.081 680
17.0842 680
17.0873 680
17.0905 680
17.0936 680
17.0968 680
17.0999 680
17.1031 680
17.1063 680
17.1094 680
17.1126 680
17.1157 680
17.1189 680
17.122 680
17.1252 680
17.1283 680
17.1315 680
17.1346 680
17.1378 680
17.1409 680
17.1441 680
17.1472 680
17.1504 680
17.1535 680
17.1567 680
17.1598 680
17.163 680
17.1661 680
17.1693 680
17.1724 680
17.1756 680
17.1787 680
17.1819 680
17.1851 680
17.1882 680
17.1914 680
17.1945 680
17.1977 680
17.2008 680
17.204 680
17.2071 680
17.2103 680
17.2134 680
17.2166 680
17.2197 680
17.2229 680
17.226 680
17.2292 680
17.2323 680
17.2355 680
17.2386 680
17.2418 680
17.2449 680
17.2481 680
17.2512 680
17.2544 680
17.2575 680
17.2607 680
17.2639 680
17.267 680
17.2702 680
17.2733 680
17.2765 680
17.2796 680
17.2828 680
17.2859 680
17.2891 680
17.2922 680
17.2954 680
17.2985 680
17.3017 680
17.3048 680
17.308 680
17.3111 680
17.3143 680
17.3174 680
17.3206 680
17.3237 680
17.3269 680
17.33 680
17.3332 680
17.3363 680
17.3395 680
17.3427 680
17.3458 680
17.349 680
17.3521 680
17.3553 680
17.3584 680
17.3616 680
17.3647 680
17.3679 680
17.371 680
17.3742 680
17.3773 680
17.3805 680
17.3836 680
17.3868 680
17.3899 680
17.3931 680
17.3962 680
17.3994 680
17.4025 680
17.4057 680
17.4088 680
17.412 680
17.4151 680
17.4183 680
17.4215 680
17.4246 680
17.4278 680
17.4309 680
17.4341 680
17.4372 680
17.4404 680
17.4435 680
17.4467 680
17.4498 680
17.453 680
17.4561 680
17.4593 680
17.4624 680
17.4656 680
17.4687 680
17.4719 680
17.475 680
17.4782 680
17.4813 680
17.4845 680
17.4876 680
17.4908 680
17.4939 680
17.4971 680
17.5003 680
17.5034 680
17.5066 680
17.5097 680
17.5129 680
17.516 680
17.5192 680
17.5223 680
17.5255 680
17.5286 680
17.5318 680
17.5349 680
17.5381 680
17.5412 680
17.5444 680
17.5475 680
17.5507 680
17.5538 680
17.557 680
17.5601 680
17.5633 680
17.5664 680
17.5696 680
17.5727 680
17.5759 680
17.5791 680
17.5822 680
17.5854 680
17.5885 680
17.5917 680
17.5948 680
17.598 680
17.6011 680
17.6043 680
17.6074 680
17.6106 680
17.6137 680
17.6169 680
17.62 680
17.6232 680
17.6263 680
17.6295 680
17.6326 680
17.6358 680
17.6389 680
17.6421 680
17.6452 680
17.6484 680
17.6515 680
17.6547 680
17.6579 680
17.661 680
17.6642 680
17.6673 680
17.6705 680
17.6736 680
17.6768 680
17.6799 680
17.6831 680
17.6862 680
17.6894 680
17.6925 680
17.6957 680
17.6988 680
17.702 680
17.7051 680
17.7083 680
17.7114 680
17.7146 680
17.7177 680
17.7209 680
17.724 680
17.7272 680
17.7303 680
17.7335 680
17.7367 680
17.7398 680
17.743 680
17.7461 680
17.7493 680
17.7524 680
17.7556 680
17.7587 680
17.7619 680
17.765 680
17.7682 680
17.7713 680
17.7745 680
17.7776 680
17.7808 680
17.7839 680
17.7871 680
17.7902 680
17.7934 680
17.7965 680
17.7997 680
17.8028 680
17.806 680
17.8091 680
17.8123 680
17.8155 680
17.8186 680
17.8218 680
17.8249 680
17.8281 680
17.8312 680
17.8344 680
17.8375 680
17.8407 680
17.8438 680
17.847 680
17.8501 680
17.8533 680
17.8564 680
17.8596 680
17.8627 680
17.8659 680
17.869 680
17.8722 680
17.8753 680
17.8785 680
17.8816 680
17.8848 680
17.8879 680
17.8911 680
17.8943 680
17.8974 680
17.9006 680
17.9037 680
17.9069 680
17.91 680
17.9132 680
17.9163 680
17.9195 680
17.9226 680
17.9258 680
17.9289 680
17.9321 680
17.9352 680
17.9384 680
17.9415 680
17.9447 680
17.9478 680
17.951 680
17.9541 680
17.9573 680
17.9604 680
17.9636 680
17.9667 680
17.9699 680
17.9731 680
17.9762 680
17.9794 680
17.9825 680
17.9857 680
17.9888 680
17.992 680
17.9951 680
17.9983 680
18.0014 680
18.0046 680
18.0077 680
18.0109 680
18.014 680
18.0172 680
18.0203 680
18.0235 680
18.0266 680
18.0298 680
18.0329 680
18.0361 680
18.0392 680
18.0424 680
18.0455 680
18.0487 680
18.0519 680
18.055 680
18.0582 680
18.0613 680
18.0645 680
18.0676 680
18.0708 680
18.0739 680
18.0771 680
18.0802 680
18.0834 680
18.0865 680
18.0897 680
18.0928 680
18.096 680
18.0991 680
18.1023 680
18.1054 680
18.1086 680
18.1117 680
18.1149 680
18.118 680
18.1212 680
18.1243 680
18.1275 680
18.1307 680
18.1338 680
18.137 680
18.1401 680
18.1433 680
18.1464 680
18.1496 680
18.1527 680
18.1559 680
18.159 680
18.1622 680
18.1653 680
18.1685 680
18.1716 680
18.1748 680
18.1779 680
18.1811 680
18.1842 680
18.1874 680
18.1905 680
18.1937 680
18.1968 680
18.2 680
18.2031 680
18.2063 680
18.2095 680
18.2126 680
18.2158 680
18.2189 680
18.2221 680
18.2252 680
18.2284 680
18.2315 680
18.2347 680
18.2378 680
18.241 680
18.2441 680
18.2473 680
18.2504 680
18.2536 680
18.2567 680
18.2599 680
18.263 680
18.2662 680
18.2693 680
18.2725 680
18.2756 680
18.2788 680
18.2819 680
18.2851 680
18.2883 680
18.2914 680
18.2946 680
18.2977 680
18.3009 680
18.304 680
18.3072 680
18.3103 680
18.3135 680
18.3166 680
18.3198 680
18.3229 680
18.3261 680
18.3292 680
18.3324 680
18.3355 680
18.3387 680
18.3418 680
18.345 680
18.3481 680
18.3513 680
18.3544 680
18.3576 680
18.3607 680
18.3639 680
18.3671 680
18.3702 680
18.3734 680
18.3765 680
18.3797 680
18.3828 680
18.386 680
18.3891 680
18.3923 680
18.3954 680
18.3986 680
18.4017 680
18.4049 680
18.408 680
18.4112 680
18.4143 680
18.4175 680
18.4206 680
18.4238 680
18.4269 680
18.4301 680
18.4332 680
18.4364 680
18.4395 680
18.4427 680
18.4459 680
18.449 680
18.4522 680
18.4553 680
18.4585 680
18.4616 680
18.4648 680
18.4679 680
18.4711 680
18.4742 680
18.4774 680
18.4805 680
18.4837 680
18.4868 680
18.49 680
18.4931 680
18.4963 680
18.4994 680
18.5026 680
18.5057 680
18.5089 680
18.512 680
18.5152 680
18.5183 680
18.5215 680
18.5247 680
18.5278 680
18.531 680
18.5341 680
18.5373 680
18.5404 680
18.5436 680
18.5467 680
18.5499 680
18.553 680
18.5562 680
18.5593 680
18.5625 680
18.5656 680
18.5688 680
18.5719 680
18.5751 680
18.5782 680
18.5814 680
18.5845 680
18.5877 680
18.5908 680
18.594 680
18.5971 680
18.6003 680
18.6035 680
18.6066 680
18.6098 680
18.6129 680
18.6161 680
18.6192 680
18.6224 680
18.6255 680
18.6287 680
18.6318 680
18.635 680
18.6381 680
18.6413 680
18.6444 680
18.6476 680
18.6507 680
18.6539 680
18.657 680
18.6602 680
18.6633 680
18.6665 680
18.6696 680
18.6728 680
18.6759 680
18.6791 680
18.6823 680
18.6854 680
18.6886 680
18.6917 680
18.6949 680
18.698 680
18.7012 680
18.7043 680
18.7075 680
18.7106 680
18.7138 680
18.7169 680
18.7201 680
18.7232 680
18.7264 680
18.7295 680
18.7327 680
18.7358 680
18.739 680
18.7421 680
18.7453 680
18.7484 680
18.7516 680
18.7547 680
18.7579 680
18.7611 680
18.7642 680
18.7674 680
18.7705 680
18.7737 680
18.7768 680
18.78 680
18.7831 680
18.7863 680
18.7894 680
18.7926 680
18.7957 680
18.7989 680
18.802 680
18.8052 680
18.8083 680
18.8115 680
18.8146 680
18.8178 680
18.8209 680
18.8241 680
18.8272 680
18.8304 680
18.8335 680
18.8367 680
18.8399 680
18.843 680
18.8462 680
18.8493 680
18.8525 680
18.8556 680
18.8588 680
18.8619 680
18.8651 680
18.8682 680
18.8714 680
18.8745 680
18.8777 680
18.8808 680
18.884 680
18.8871 680
18.8903 680
18.8934 680
18.8966 680
18.8997 680
18.9029 680
18.906 680
18.9092 680
18.9123 680
18.9155 680
18.9187 680
18.9218 680
18.925 680
18.9281 680
18.9313 680
18.9344 680
18.9376 680
18.9407 680
18.9439 680
18.947 680
18.9502 680
18.9533 680
18.9565 680
18.9596 680
18.9628 680
18.9659 680
18.9691 680
18.9722 680
18.9754 680
18.9785 680
18.9817 680
18.9848 680
18.988 680
18.9911 680
18.9943 680
18.9975 680
19.0006 680
19.0038 680
19.0069 680
19.0101 680
19.0132 680
19.0164 680
19.0195 680
19.0227 680
19.0258 680
19.029 680
19.0321 680
19.0353 680
19.0384 680
19.0416 680
19.0447 680
19.0479 680
19.051 680
19.0542 680
19.0573 680
19.0605 680
19.0636 680
19.0668 680
19.0699 680
19.0731 680
19.0763 680
19.0794 680
19.0826 680
19.0857 680
19.0889 680
19.092 680
19.0952 680
19.0983 680
19.1015 680
19.1046 680
19.1078 680
19.1109 680
19.1141 680
19.1172 680
19.1204 680
19.1235 680
19.1267 680
19.1298 680
19.133 680
19.1361 680
19.1393 680
19.1424 680
19.1456 680
19.1487 680
19.1519 680
19.1551 680
19.1582 680
19.1614 680
19.1645 680
19.1677 680
19.1708 680
19.174 680
19.1771 680
19.1803 680
19.1834 680
19.1866 680
19.1897 680
19.1929 680
19.196 680
19.1992 680
19.2023 680
19.2055 680
19.2086 680
19.2118 680
19.2149 680
19.2181 680
19.2212 680
19.2244 680
19.2275 680
19.2307 680
19.2339 680
19.237 680
19.2402 680
19.2433 680
19.2465 680
19.2496 680
19.2528 680
19.2559 680
19.2591 680
19.2622 680
19.2654 680
19.2685 680
19.2717 680
19.2748 680
19.278 680
19.2811 680
19.2843 680
19.2874 680
19.2906 680
19.2937 680
19.2969 680
19.3 680
19.3032 680
19.3063 680
19.3095 680
19.3127 680
19.3158 680
19.319 680
19.3221 680
19.3253 680
19.3284 680
19.3316 680
19.3347 680
19.3379 680
19.341 680
19.3442 680
19.3473 680
19.3505 680
19.3536 680
19.3568 680
19.3599 680
19.3631 680
19.3662 680
19.3694 680
19.3725 680
19.3757 680
19.3788 680
19.382 680
19.3851 680
19.3883 680
19.3915 680
19.3946 680
19.3978 680
19.4009 680
19.4041 680
19.4072 680
19.4104 680
19.4135 680
19.4167 680
19.4198 680
19.423 680
19.4261 680
19.4293 680
19.4324 680
19.4356 680
19.4387 680
19.4419 680
19.445 680
19.4482 680
19.4513 680
19.4545 680
19.4576 680
19.4608 680
19.4639 680
19.4671 680
19.4703 680
19.4734 680
19.4766 680
19.4797 680
19.4829 680
19.486 680
19.4892 680
19.4923 680
19.4955 680
19.4986 680
19.5018 680
19.5049 680
19.5081 680
19.5112 680
19.5144 680
19.5175 680
19.5207 680
19.5238 680
19.527 680
19.5301 680
19.5333 680
19.5364 680
19.5396 680
19.5427 680
19.5459 680
19.5491 680
19.5522 680
19.5554 680
19.5585 680
19.5617 680
19.5648 680
19.568 680
19.5711 680
19.5743 680
19.5774 680
19.5806 680
19.5837 680
19.5869 680
19.59 680
19.5932 680
19.5963 680
19.5995 680
19.6026 680
19.6058 680
19.6089 680
19.6121 680
19.6152 680
19.6184 680
19.6215 680
19.6247 680
19.6279 680
19.631 680
19.6342 680
19.6373 680
19.6405 680
19.6436 680
19.6468 680
19.6499 680
19.6531 680
19.6562 680
19.6594 680
19.6625 680
19.6657 680
19.6688 680
19.672 680
19.6751 680
19.6783 680
19.6814 680
19.6846 680
19.6877 680
19.6909 680
19.694 680
19.6972 680
19.7003 680
19.7035 680
19.7067 680
19.7098 680
19.713 680
19.7161 680
19.7193 680
19.7224 680
19.7256 680
19.7287 680
19.7319 680
19.735 680
19.7382 680
19.7413 680
19.7445 680
19.7476 680
19.7508 680
19.7539 680
19.7571 680
19.7602 680
19.7634 680
19.7665 680
19.7697 680
19.7728 680
19.776 680
19.7791 680
19.7823 680
19.7855 680
19.7886 680
19.7918 680
19.7949 680
19.7981 680
19.8012 680
19.8044 680
19.8075 680
19.8107 680
19.8138 680
19.817 680
19.8201 680
19.8233 680
19.8264 680
19.8296 680
19.8327 680
19.8359 680
19.839 680
19.8422 680
19.8453 680
19.8485 680
19.8516 680
19.8548 680
19.8579 680
19.8611 680
19.8643 680
19.8674 680
19.8706 680
19.8737 680
19.8769 680
19.88 680
19.8832 680
19.8863 680
19.8895 680
19.8926 680
19.8958 680
19.8989 680
19.9021 680
19.9052 680
19.9084 680
19.9115 680
19.9147 680
19.9178 680
19.921 680
19.9241 680
19.9273 680
19.9304 680
19.9336 680
19.9367 680
19.9399 680
19.9431 680
19.9462 680
19.9494 680
19.9525 680
19.9557 680
19.9588 680
19.962 680
19.9651 680
19.9683 680
19.9714 680
19.9746 680
19.9777 680
19.9809 680
19.984 680
19.9872 680
19.9903 680
19.9935 680
19.9966 680
19.9998 680
20.0029 680
20.0061 680
20.0092 680
20.0124 680
20.0155 680
20.0187 680
20.0219 680
20.025 680
20.0282 680
20.0313 680
20.0345 680
20.0376 680
20.0408 680
20.0439 680
20.0471 680
20.0502 680
20.0534 680
20.0565 680
20.0597 680
20.0628 680
20.066 680
20.0691 680
20.0723 680
20.0754 680
20.0786 680
20.0817 680
20.0849 680
20.088 680
20.0912 680
20.0943 680
20.0975 680
