0.0 0
0.0400937 1440
0.0400937 1440
0.0813762 2880
0.123822 4320
0.166268 5760
0.207519 7200
0.209909 8640
0.249965 10080
0.252355 11520
0.254746 12960
0.292411 14400
0.294801 15840
0.297192 17280
0.299582 18720
0.333662 20160
0.336052 21600
0.338442 23040
0.340833 24480
0.343223 25920
0.345614 27360
0.374912 28800
0.377303 30240
0.379693 31680
0.382084 33120
0.384474 34560
0.386864 36000
0.389255 37440
0.391645 38880
0.394036 40320
0.416163 41760
0.418554 43200
0.420944 44640
0.423334 46080
0.425725 47520
0.428115 48960
0.430506 50400
0.432896 51840
0.435286 53280
0.437677 54720
0.440067 56160
0.442458 57600
0.444848 59040
0.447238 60480
0.458609 61920
0.461 63360
0.46339 64800
0.46578 66240
0.468171 67680
0.470561 69120
0.472952 70560
0.475342 72000
0.477732 73440
0.480123 74880
0.482513 76320
0.484904 77760
0.487294 79200
0.489684 80640
0.492075 82080
0.494465 83520
0.496856 84960
0.499246 86400
0.501636 87840
0.504027 89280
0.506417 90720
0.508808 92160
0.511198 93600
0.513588 95040
0.515979 96480
0.518369 97920
0.52076 99360
0.52315 100800
0.52554 102240
0.527931 103680
0.530321 105120
0.532712 106560
0.535102 108000
0.537492 109440
0.539883 110880
0.542273 112320
0.544664 113760
0.547054 115200
0.549444 116640
0.551835 118080
0.554225 119520
0.556616 120960
0.559006 122400
0.561396 123840
0.563787 125280
0.566177 126720
0.568568 128160
0.570958 129600
0.573348 131040
0.575739 132480
0.578129 133920
0.58052 135360
0.58291 136800
0.5853 138240
0.587691 139680
0.590081 141120
0.592472 142560
0.594862 144000
0.597252 145440
0.599643 146880
0.602033 148320
0.604424 149760
0.606814 151200
0.609204 152640
0.611595 154080
0.613985 155520
0.616375 156960
0.618766 158400
0.621156 159840
0.623547 161280
0.625937 162720
0.628327 164160
0.630718 165600
0.633108 167040
0.635499 168480
0.637889 169920
0.640279 171360
0.64267 172800
0.64506 174240
0.647451 175680
0.649841 177120
0.652231 178560
0.654622 180000
0.657012 181440
0.659403 182880
0.661793 184320
0.664183 185760
0.666574 187200
0.668964 188640
0.671355 190080
0.673745 191520
0.676135 192960
0.678526 194400
0.680916 195840
0.683307 197280
0.685697 198720
0.688087 200160
0.690478 201600
0.692868 203040
0.695259 204480
0.697649 205920
0.700039 207360
0.70243 208800
0.70482 210240
0.707211 211680
0.709601 213120
0.711991 214560
0.714382 216000
0.716772 217440
0.719163 218880
0.721553 220320
0.723943 221760
0.726334 223200
0.728724 224640
0.731115 226080
0.733505 227520
0.735895 228960
0.738286 230400
0.740676 231840
0.743067 233280
0.745457 234720
0.747847 236160
0.750238 237600
0.752628 239040
0.755019 240480
0.757409 241920
0.759799 243360
0.76219 244800
0.76458 246240
0.766971 247680
0.769361 249120
0.771751 250560
0.774142 252000
0.776532 253440
0.778923 254880
0.781313 256320
0.783703 257760
0.786094 259200
0.788484 260640
0.790875 262080
0.793265 263520
0.795655 264960
0.798046 266400
0.800436 267840
0.802827 269280
0.805217 270720
0.807607 272160
0.809998 273600
0.812388 275040
0.814779 276480
0.817169 277920
0.819559 279360
0.82195 280800
0.82434 282240
0.826731 283680
0.829121 285120
0.831511 286560
0.833902 288000
0.836292 289440
0.838683 290880
0.841073 292320
0.843463 293760
0.845854 295200
0.848244 296640
0.850635 298080
0.853025 299520
0.855415 300960
0.857806 302400
0.860196 303840
0.862586 305280
0.864977 306720
0.867367 308160
0.869758 309600
0.872148 311040
0.874538 312480
0.878137 312480
0.878137 249120
1.25344 249120
1.25344 198720
2.33351 198720
2.33351 1440
2.36975 2880
2.44863 4320
2.44982 5760
2.48989 7200
2.49109 8640
2.49228 10080
2.49348 11520
2.53116 12960
2.53235 14400
2.53355 15840
2.53474 17280
2.53594 18720
2.53713 20160
2.53833 21600
2.53952 23040
2.57242 24480
2.57361 25920
2.57481 27360
2.57601 28800
2.5772 30240
2.5784 31680
2.57959 33120
2.58079 34560
2.58198 36000
2.58318 37440
2.58437 38880
2.58557 40320
2.58676 41760
2.58796 43200
2.58915 44640
2.59035 46080
2.61368 47520
2.61488 48960
2.61607 50400
2.61727 51840
2.61846 53280
2.61966 54720
2.62085 56160
2.62205 57600
2.62324 59040
2.62444 60480
2.62683 61920
2.62803 63360
2.68601 64800
2.6884 66240
2.69079 67680
2.69318 69120
2.69557 70560
2.69796 72000
2.70035 73440
2.70274 74880
2.70513 76320
2.70752 77760
2.70991 79200
2.7123 80640
2.71469 82080
2.71708 83520
2.71947 84960
2.72187 86400
2.72426 87840
2.72665 89280
2.72904 90720
2.73143 92160
2.73382 93600
2.73621 95040
2.7386 96480
2.74099 97920
2.74338 99360
2.74577 100800
2.74816 102240
2.75055 103680
2.75294 105120
2.75533 106560
2.75772 108000
2.76011 109440
2.7625 110880
2.76489 112320
2.76728 113760
2.76967 115200
2.77206 116640
2.77445 118080
2.77684 119520
2.77923 120960
2.78163 122400
2.78402 123840
2.78641 125280
2.7888 126720
2.79119 128160
2.79358 129600
2.79597 131040
2.79836 132480
2.80075 133920
2.80314 135360
2.80553 136800
2.80792 138240
2.81031 139680
2.8127 141120
2.81509 142560
2.81748 144000
2.81987 145440
2.82226 146880
2.82465 148320
2.82704 149760
2.82943 151200
2.83182 152640
2.83421 154080
2.8366 155520
2.83899 156960
2.84139 158400
2.88202 159840
2.92744 161280
2.97286 162720
3.04218 164160
3.08999 165600
3.15931 167040
3.20712 168480
3.27405 169920
3.34337 171360
3.41269 172800
3.48201 174240
3.55133 175680
3.62065 177120
3.68998 178560
3.76647 180000
3.84296 181440
3.91945 182880
3.99595 184320
4.07483 185760
4.17762 187200
4.27801 188640
4.41427 190080
4.55052 191520
4.71068 192960
4.87322 194400
5.03577 195840
5.20071 197280
5.53297 198720
8.22695 200160
8.59507 201600
8.82694 203040
9.03013 204480
9.20223 205920
9.37434 207360
9.54884 208800
9.71856 210240
9.72454 210240
9.72454 167040
10.0759 168480
10.1237 169920
10.1715 171360
10.2193 172800
10.2695 174240
10.3197 175680
10.3891 177120
10.4393 178560
10.4895 180000
10.5588 181440
10.6281 182880
10.695 184320
10.7644 185760
10.8337 187200
10.903 188640
10.9723 190080
11.0536 191520
11.1349 192960
11.2161 194400
11.2974 195840
11.3811 197280
11.4647 198720
11.5675 200160
11.7038 201600
11.84 203040
12.0098 204480
12.1819 205920
12.354 207360
12.5285 208800
12.7042 208800
12.7042 165600
12.8763 167040
12.9456 168480
13.0125 169920
13.0603 171360
13.1081 172800
13.1583 174240
13.2277 175680
13.2779 177120
13.3472 178560
13.3974 180000
13.4667 181440
13.536 182880
13.6053 184320
13.6747 185760
13.744 187200
13.8133 188640
13.8922 190080
13.9735 191520
14.0547 192960
14.136 194400
14.2173 195840
14.3201 197280
14.4205 198720
14.5567 200160
14.693 201600
14.8627 203040
15.0324 204480
15.2045 205920
15.3766 207360
15.673 208800
15.8487 165600
16.0208 167040
16.0902 168480
16.1595 169920
16.2073 171360
16.2551 172800
16.3053 174240
16.3746 175680
16.4248 177120
16.4941 178560
16.5443 180000
16.6137 181440
16.683 182880
16.7523 184320
16.8216 185760
16.8909 187200
16.9603 188640
17.0392 190080
17.1204 191520
17.2017 192960
17.283 194400
17.3642 195840
17.4479 197280
17.5842 198720
17.687 200160
17.8543 201600
18.024 203040
18.1937 204480
18.3658 205920
18.5379 207360
18.808 208800
18.9837 165600
19.1559 167040
19.2252 168480
19.2945 169920
19.3423 171360
19.3901 172800
19.4403 174240
19.5096 175680
19.5598 177120
19.6292 178560
19.6793 180000
19.7487 181440
19.818 182880
19.8873 184320
19.9566 185760
20.026 187200
20.0953 188640
20.1742 190080
20.2554 191520
20.3367 192960
20.418 194400
20.4993 195840
20.5829 197280
20.7192 198720
20.822 200160
20.9893 201600
21.159 203040
21.3287 204480
21.5008 205920
21.6729 207360
21.9431 208800
22.1188 165600
22.2909 167040
22.3602 168480
22.4295 169920
22.4773 171360
22.5251 172800
22.5753 174240
22.6446 175680
22.6948 177120
22.7642 178560
22.8144 180000
22.8837 181440
22.953 182880
23.0223 184320
23.0916 185760
23.161 187200
23.2303 188640
23.3092 190080
23.3904 191520
23.4717 192960
23.553 194400
23.6343 195840
23.7179 197280
23.8542 198720
23.957 200160
24.1243 201600
24.294 203040
24.4637 204480
24.6358 205920
24.8079 207360
25.0781 208800
25.2538 165600
25.4259 167040
25.4952 168480
25.5645 169920
25.6123 171360
25.6601 172800
25.7103 174240
25.7796 175680
25.8298 177120
25.8992 178560
25.9494 180000
26.0187 181440
26.088 182880
26.1573 184320
26.2266 185760
26.296 187200
26.3653 188640
26.4442 190080
26.5254 191520
26.6067 192960
26.688 194400
26.7693 195840
26.8529 197280
26.9892 198720
27.092 200160
27.2593 201600
27.429 203040
27.5987 204480
27.7708 205920
27.943 207360
28.2131 208800
28.3888 165600
28.5609 167040
28.6302 168480
28.6995 169920
28.7473 171360
28.7951 172800
28.8453 174240
28.9147 175680
28.9648 177120
29.0342 178560
29.0844 180000
29.1537 181440
29.223 182880
29.2923 184320
29.3617 185760
29.431 187200
29.5003 188640
29.5792 190080
29.6605 191520
29.7417 192960
29.823 194400
29.9043 195840
29.9879 197280
30.1242 198720
30.227 200160
30.3943 201600
30.564 203040
30.7337 204480
30.9059 205920
31.078 207360
31.3481 208800
31.5238 165600
31.6959 167040
31.7652 168480
31.8345 169920
31.8823 171360
31.9301 172800
31.9803 174240
32.0497 175680
32.0999 177120
32.1692 178560
32.2194 180000
32.2887 181440
32.358 182880
32.4273 184320
32.4967 185760
32.566 187200
32.6353 188640
32.7142 190080
32.7955 191520
32.8767 192960
32.958 194400
33.0393 195840
33.1229 197280
33.2592 198720
33.362 200160
33.5293 201600
33.699 203040
33.8688 204480
34.0409 205920
34.213 207360
34.4831 208800
34.6588 165600
34.8309 167040
34.9002 168480
34.9695 169920
35.0173 171360
35.0651 172800
35.1153 174240
35.1847 175680
35.2349 177120
35.3042 178560
35.3544 180000
35.4237 181440
35.493 182880
35.5623 184320
35.6317 185760
35.701 187200
35.7703 188640
35.8492 190080
35.9305 191520
36.0117 192960
36.093 194400
36.1743 195840
36.258 197280
36.3942 198720
36.497 200160
36.6643 201600
36.834 203040
37.0038 204480
37.1759 205920
37.348 207360
37.6181 208800
37.7938 165600
37.9659 167040
38.0352 168480
38.1045 169920
38.1523 171360
38.2002 172800
38.2504 174240
38.3197 175680
38.3699 177120
38.4392 178560
38.4894 180000
38.5587 181440
38.628 182880
38.6974 184320
38.7667 185760
38.836 187200
38.9053 188640
38.9842 190080
39.0655 191520
39.1467 192960
39.228 194400
39.3093 195840
39.393 197280
39.5292 198720
39.632 200160
39.7993 201600
39.969 203040
40.1388 204480
40.3109 205920
40.483 207360
40.7531 208800
40.9288 165600
41.1009 167040
41.1702 168480
41.2395 169920
41.2874 171360
41.3352 172800
41.3854 174240
41.4547 175680
41.5049 177120
41.5742 178560
41.6244 180000
41.6937 181440
41.763 182880
41.8324 184320
41.9017 185760
41.971 187200
42.0403 188640
42.1192 190080
42.2005 191520
42.2818 192960
42.363 194400
42.4443 195840
42.528 197280
42.6642 198720
42.767 200160
42.9343 201600
43.1041 203040
43.2738 204480
43.4459 205920
43.618 207360
43.8881 208800
44.0638 165600
44.2359 167040
44.3052 168480
44.3746 169920
44.4224 171360
44.4702 172800
44.5204 174240
44.5897 175680
44.6399 177120
44.7092 178560
44.7594 180000
44.8287 181440
44.898 182880
44.9674 184320
45.0367 185760
45.106 187200
45.1753 188640
45.2542 190080
45.3355 191520
45.4168 192960
45.498 194400
45.5793 195840
45.663 197280
45.7992 198720
45.902 200160
46.0693 201600
46.2391 203040
46.4088 204480
46.5809 205920
46.753 207360
47.0231 208800
47.1988 165600
47.3709 167040
47.4402 168480
47.5096 169920
47.5574 171360
47.6052 172800
47.6554 174240
47.7247 175680
47.7749 177120
47.8442 178560
47.8944 180000
47.9637 181440
48.0331 182880
48.1024 184320
48.1717 185760
48.241 187200
48.3103 188640
48.3892 190080
48.4705 191520
48.5518 192960
48.633 194400
48.7143 195840
48.798 197280
48.9342 198720
49.037 200160
49.2043 201600
49.3741 203040
49.5438 204480
49.7159 205920
49.888 207360
50.1581 208800
50.3338 165600
50.5059 167040
50.5752 168480
50.6446 169920
50.6924 171360
50.7402 172800
50.7904 174240
50.8597 175680
50.9099 177120
50.9792 178560
51.0294 180000
51.0987 181440
51.1681 182880
51.2374 184320
51.3067 185760
51.376 187200
51.4453 188640
51.5242 190080
51.6055 191520
51.6868 192960
51.7681 194400
51.8493 195840
51.933 197280
52.0692 198720
52.172 200160
52.3394 201600
52.5091 203040
52.6788 204480
52.8509 205920
53.023 207360
53.2931 208800
53.4688 165600
53.6409 167040
53.7102 168480
53.7796 169920
53.8274 171360
53.8752 172800
53.9254 174240
53.9947 175680
54.0449 177120
54.1142 178560
54.1644 180000
54.2337 181440
54.3031 182880
54.3724 184320
54.4417 185760
54.511 187200
54.5804 188640
54.6592 190080
54.7405 191520
54.8218 192960
54.9031 194400
54.9843 195840
55.068 197280
55.2042 198720
55.307 200160
55.4744 201600
55.6441 203040
55.8138 204480
55.9859 205920
56.158 207360
56.4281 208800
56.6038 165600
56.7759 167040
56.8453 168480
56.9146 169920
56.9624 171360
57.0102 172800
57.0604 174240
57.1297 175680
57.1799 177120
57.2492 178560
57.2994 180000
57.3688 181440
57.4381 182880
57.505 184320
57.5743 185760
57.6436 187200
57.713 188640
57.7919 190080
57.8731 191520
57.9544 192960
58.0357 194400
58.1169 195840
58.2197 197280
58.3225 198720
58.4588 200160
58.595 201600
58.7647 203040
58.9345 204480
59.1066 205920
59.2787 207360
59.5775 208800
59.7532 165600
59.9253 167040
59.9946 168480
60.0615 169920
60.1093 171360
60.1572 172800
60.2074 174240
60.2767 175680
60.3269 177120
60.3962 178560
60.4464 180000
60.5157 181440
60.585 182880
60.6544 184320
60.7237 185760
60.793 187200
60.8623 188640
60.9412 190080
61.0225 191520
61.1038 192960
61.185 194400
61.2663 195840
61.3691 197280
61.4695 198720
61.6057 200160
61.742 201600
61.9117 203040
62.0814 204480
62.2535 205920
62.4256 207360
62.7221 208800
62.8978 165600
63.0699 167040
63.1392 168480
63.2085 169920
63.2563 171360
63.3041 172800
63.3543 174240
63.4236 175680
63.4738 177120
63.5432 178560
63.5934 180000
63.6627 181440
63.732 182880
63.8013 184320
63.8706 185760
63.94 187200
64.0093 188640
64.0882 190080
64.1694 191520
64.2507 192960
64.332 194400
64.4133 195840
64.4969 197280
64.6332 198720
64.736 200160
64.9033 201600
65.073 203040
65.2427 204480
65.4148 205920
65.5869 207360
65.8571 208800
66.0328 165600
66.2049 167040
66.2742 168480
66.3435 169920
66.3913 171360
66.4391 172800
66.4893 174240
66.5586 175680
66.6088 177120
66.6782 178560
66.7284 180000
66.7977 181440
66.867 182880
66.9363 184320
67.0056 185760
67.075 187200
67.1443 188640
67.2232 190080
67.3044 191520
67.3857 192960
67.467 194400
67.5483 195840
67.6319 197280
67.7682 198720
67.871 200160
68.0383 201600
68.208 203040
68.3777 204480
68.5498 205920
68.7219 207360
68.9921 208800
69.1678 165600
69.3399 167040
69.4092 168480
69.4785 169920
69.5263 171360
69.5741 172800
69.6243 174240
69.6936 175680
69.7438 177120
69.8132 178560
69.8634 180000
69.9327 181440
70.002 182880
70.0713 184320
70.1407 185760
70.21 187200
70.2793 188640
70.3582 190080
70.4395 191520
70.5207 192960
70.602 194400
70.6833 195840
70.7669 197280
70.9032 198720
71.006 200160
71.1733 201600
71.343 203040
71.5127 204480
71.6848 205920
71.857 207360
72.1271 208800
72.3028 165600
72.4749 167040
72.5442 168480
72.6135 169920
72.6613 171360
72.7091 172800
72.7593 174240
72.8287 175680
72.8789 177120
72.9482 178560
72.9984 180000
73.0677 181440
73.137 182880
73.2063 184320
73.2757 185760
73.345 187200
73.4143 188640
73.4932 190080
73.5745 191520
73.6557 192960
73.737 194400
73.8183 195840
73.9019 197280
74.0382 198720
74.141 200160
74.3083 201600
74.478 203040
74.6477 204480
74.8199 205920
74.992 207360
75.2621 208800
75.4378 165600
75.6099 167040
75.6792 168480
75.7485 169920
75.7963 171360
75.8441 172800
75.8943 174240
75.9637 175680
76.0139 177120
76.0832 178560
76.1334 180000
76.2027 181440
76.272 182880
76.3413 184320
76.4107 185760
76.48 187200
76.5493 188640
76.6282 190080
76.7095 191520
76.7907 192960
76.872 194400
76.9533 195840
77.0369 197280
77.1732 198720
77.276 200160
77.4433 201600
77.613 203040
77.7828 204480
77.9549 205920
78.127 207360
78.3971 208800
78.5728 165600
78.7449 167040
78.8142 168480
78.8835 169920
78.9313 171360
78.9791 172800
79.0293 174240
79.0987 175680
79.1489 177120
79.2182 178560
79.2684 180000
79.3377 181440
79.407 182880
79.4763 184320
79.5457 185760
79.615 187200
79.6843 188640
79.7632 190080
79.8445 191520
79.9257 192960
80.007 194400
80.0883 195840
80.172 197280
80.3082 198720
80.411 200160
80.5783 201600
80.748 203040
80.9178 204480
81.0899 205920
81.262 207360
81.5321 208800
81.7078 165600
81.8799 167040
81.9492 168480
82.0185 169920
82.0663 171360
82.1142 172800
82.1644 174240
82.2337 175680
82.2839 177120
82.3532 178560
82.4034 180000
82.4727 181440
82.542 182880
82.6114 184320
82.6807 185760
82.75 187200
82.8193 188640
82.8982 190080
82.9795 191520
83.0608 192960
83.142 194400
83.2233 195840
83.307 197280
83.4432 198720
83.546 200160
83.7133 201600
83.883 203040
84.0528 204480
84.2249 205920
84.397 207360
84.6671 208800
84.8428 165600
85.0149 167040
85.0842 168480
85.1535 169920
85.2014 171360
85.2492 172800
85.2994 174240
85.3687 175680
85.4189 177120
85.4882 178560
85.5384 180000
85.6077 181440
85.677 182880
85.7464 184320
85.8157 185760
85.885 187200
85.9543 188640
86.0332 190080
86.1145 191520
86.1958 192960
86.277 194400
86.3583 195840
86.442 197280
86.5782 198720
86.681 200160
86.8483 201600
87.0181 203040
87.1878 204480
87.3599 205920
87.532 207360
87.8021 208800
87.9778 165600
88.1499 167040
88.2192 168480
88.2886 169920
88.3364 171360
88.3842 172800
88.4344 174240
88.5037 175680
88.5539 177120
88.6232 178560
88.6734 180000
88.7427 181440
88.812 182880
88.8814 184320
88.9507 185760
89.02 187200
89.0893 188640
89.1682 190080
89.2495 191520
89.3308 192960
89.412 194400
89.4933 195840
89.577 197280
89.7132 198720
89.816 200160
89.9833 201600
90.1531 203040
90.3228 204480
90.4949 205920
90.667 207360
90.9371 208800
91.1128 165600
91.2849 167040
91.3542 168480
91.4236 169920
91.4714 171360
91.5192 172800
91.5694 174240
91.6387 175680
91.6889 177120
91.7582 178560
91.8084 180000
91.8777 181440
91.9471 182880
92.0164 184320
92.0857 185760
92.155 187200
92.2243 188640
92.3032 190080
92.3845 191520
92.4658 192960
92.547 194400
92.6283 195840
92.712 197280
92.8482 198720
92.951 200160
93.1184 201600
93.2881 203040
93.4578 204480
93.6299 205920
93.802 207360
94.0721 208800
94.2478 165600
94.4199 167040
94.4892 168480
94.5586 169920
94.6064 171360
94.6542 172800
94.7044 174240
94.7737 175680
94.8239 177120
94.8932 178560
94.9434 180000
95.0127 181440
95.0821 182880
95.1514 184320
95.2207 185760
95.29 187200
95.3593 188640
95.4382 190080
95.5195 191520
95.6008 192960
95.6821 194400
95.7633 195840
95.847 197280
95.9832 198720
96.086 200160
96.2534 201600
96.4231 203040
96.5928 204480
96.7649 205920
96.937 207360
97.2071 208800
97.3828 165600
97.5549 167040
97.6243 168480
97.6936 169920
97.7414 171360
97.7892 172800
97.8394 174240
97.9087 175680
97.9589 177120
98.0282 178560
98.0784 180000
98.1477 181440
98.2171 182880
98.284 184320
98.3533 185760
98.4226 187200
98.492 188640
98.5708 190080
98.6521 191520
98.7334 192960
98.8147 194400
98.8959 195840
98.9987 197280
99.1015 198720
99.2378 200160
99.374 201600
99.5437 203040
99.7135 204480
99.8856 205920
100.058 207360
