0.0 0
0.0400195 1440
0.0400195 1440
0.08028 2880
0.120779 4320
0.161278 5760
0.201538 7200
0.202016 8640
0.242037 10080
0.242515 11520
0.242994 12960
0.282536 14400
0.283015 15840
0.283493 17280
0.283971 18720
0.322797 20160
0.323275 21600
0.323753 23040
0.324231 24480
0.324709 25920
0.325187 27360
0.363057 28800
0.363535 30240
0.364013 31680
0.364491 33120
0.364969 34560
0.365447 36000
0.365925 37440
0.366403 38880
0.366881 40320
0.403317 41760
0.403795 43200
0.404273 44640
0.404751 46080
0.405229 47520
0.405707 48960
0.406185 50400
0.406663 51840
0.407141 53280
0.407619 54720
0.408097 56160
0.408575 57600
0.409054 59040
0.409532 60480
0.443816 61920
0.444294 63360
0.444772 64800
0.44525 66240
0.445728 67680
0.446206 69120
0.446684 70560
0.447162 72000
0.44764 73440
0.448118 74880
0.448597 76320
0.449075 77760
0.449553 79200
0.450031 80640
0.450509 82080
0.450987 83520
0.451465 84960
0.451943 86400
0.452421 87840
0.452899 89280
0.453377 90720
0.484315 92160
0.484793 93600
0.485271 95040
0.485749 96480
0.486227 97920
0.486705 99360
0.487183 100800
0.487661 102240
0.488139 103680
0.488618 105120
0.489096 106560
0.489574 108000
0.490052 109440
0.49053 110880
0.491008 112320
0.491486 113760
0.491964 115200
0.492442 116640
0.49292 118080
0.493398 119520
0.493876 120960
0.494354 122400
0.494833 123840
0.495311 125280
0.495789 126720
0.496267 128160
0.496745 129600
0.497223 131040
0.497701 132480
0.498179 133920
0.498657 135360
0.524575 136800
0.525053 138240
0.525531 139680
0.526009 141120
0.526487 142560
0.526965 144000
0.527443 145440
0.527921 146880
0.5284 148320
0.528878 149760
0.529356 151200
0.529834 152640
0.530312 154080
0.53079 155520
0.531268 156960
0.531746 158400
0.532224 159840
0.532702 161280
0.53318 162720
0.533658 164160
0.534136 165600
0.534615 167040
0.535093 168480
0.535571 169920
0.536049 171360
0.536527 172800
0.537005 174240
0.537483 175680
0.537961 177120
0.538439 178560
0.538917 180000
0.539395 181440
0.539873 182880
0.540351 184320
0.54083 185760
0.541308 187200
0.541786 188640
0.542264 190080
0.542742 191520
0.54322 192960
0.543698 194400
0.544176 195840
0.544654 197280
0.545132 198720
0.54561 200160
0.546088 201600
0.546566 203040
0.565074 204480
0.565552 205920
0.56603 207360
0.566508 208800
0.566986 210240
0.567464 211680
0.567942 213120
0.568421 214560
0.568899 216000
0.569377 217440
0.569855 218880
0.570333 220320
0.570811 221760
0.571289 223200
0.571767 224640
0.572245 226080
0.572723 227520
0.573201 228960
0.573679 230400
0.574157 231840
0.574636 233280
0.575114 234720
0.575592 236160
0.57607 237600
0.576548 239040
0.577026 240480
0.577504 241920
0.577982 243360
0.57846 244800
0.578938 246240
0.579416 247680
0.579894 249120
0.580373 250560
0.580851 252000
0.581329 253440
0.581807 254880
0.582285 256320
0.582763 257760
0.583241 259200
0.583719 260640
0.584197 262080
0.584675 263520
0.585153 264960
0.585631 266400
0.586109 267840
0.586588 269280
0.587066 270720
0.587544 272160
0.588022 273600
0.5885 275040
0.588978 276480
0.589456 277920
0.589934 279360
0.590412 280800
0.59089 282240
0.591368 283680
0.591846 285120
0.592324 286560
0.592803 288000
0.593281 289440
0.593759 290880
0.594237 292320
0.594715 293760
0.595193 295200
0.595671 296640
0.596149 298080
0.596627 299520
0.597105 300960
0.597583 302400
0.598061 303840
0.605334 305280
0.605812 306720
0.60629 308160
0.606768 309600
0.607246 311040
0.607724 312480
0.608203 313920
0.608681 315360
0.609159 316800
0.609637 318240
0.610115 319680
0.610593 321120
0.611071 322560
0.611549 324000
0.612027 325440
0.612505 326880
0.612983 328320
0.613461 329760
0.613939 331200
0.614418 332640
0.614896 334080
0.615374 335520
0.615852 336960
0.61633 338400
0.616808 339840
0.617286 341280
0.617764 342720
0.618242 344160
0.61872 345600
0.619198 347040
0.619676 348480
0.620154 349920
0.620633 351360
0.621111 352800
0.621589 354240
0.622067 355680
0.622545 357120
0.623023 358560
0.623501 360000
0.623979 361440
0.624457 362880
0.624935 364320
0.625413 365760
0.625891 367200
0.62637 368640
0.626848 370080
0.627326 371520
0.627804 372960
0.628282 374400
0.62876 375840
0.629238 377280
0.629716 378720
0.630194 380160
0.630672 381600
0.63115 383040
0.631628 384480
0.632106 385920
0.632585 387360
0.633063 388800
0.633541 390240
0.634019 391680
0.634497 393120
0.634975 394560
0.635453 396000
0.635931 397440
0.636409 398880
0.636887 400320
0.637365 401760
0.637843 403200
0.638321 404640
0.6388 406080
0.639278 407520
0.639756 408960
0.640234 410400
0.640712 411840
0.64119 413280
0.641668 414720
0.642146 416160
0.642624 417600
0.643102 419040
0.64358 420480
0.644058 421920
0.644536 423360
0.645015 424800
0.645493 426240
0.645971 427680
0.646449 429120
0.646927 430560
0.647405 432000
0.647883 433440
0.648361 434880
0.648839 436320
0.649317 437760
0.649795 439200
0.650273 440640
0.650751 442080
0.65123 443520
0.651708 444960
0.652186 446400
0.652664 447840
0.653142 449280
0.65362 450720
0.654098 452160
0.654576 453600
0.655054 455040
0.655532 456480
0.65601 457920
0.656488 459360
0.656966 460800
0.657445 462240
0.657923 463680
0.658401 465120
0.658879 466560
0.659357 468000
0.659835 469440
0.660313 470880
0.660791 472320
0.661269 473760
0.661747 475200
0.662225 476640
0.662703 478080
0.663182 479520
0.66366 480960
0.664138 482400
0.664616 483840
0.665094 485280
0.665572 486720
0.66605 488160
0.666528 489600
0.667006 491040
0.667484 492480
0.667962 493920
0.66844 495360
0.668918 496800
0.669397 498240
0.669875 499680
0.670353 501120
0.670831 502560
0.671309 504000
0.671787 505440
0.672265 506880
0.672743 508320
0.673221 509760
0.673699 511200
0.674177 512640
0.674655 514080
0.675133 515520
0.675612 516960
0.67609 518400
0.676568 519840
0.677046 521280
0.677524 522720
0.678002 524160
0.67848 525600
0.678958 527040
0.679436 528480
0.679914 529920
0.680392 531360
0.68087 532800
0.681348 534240
0.681827 535680
0.682305 537120
0.682783 538560
0.683261 540000
0.683739 541440
0.684217 542880
0.684695 544320
0.685173 545760
0.685651 547200
0.686129 548640
0.686607 550080
0.687085 551520
0.687563 552960
0.688042 554400
0.68852 555840
0.688998 557280
0.689476 558720
0.689954 560160
0.690432 561600
0.69091 563040
0.691388 564480
0.691866 565920
0.692344 567360
0.692822 568800
0.6933 570240
0.693779 571680
0.694257 573120
0.694735 574560
0.695213 576000
0.695691 577440
0.696169 578880
0.696647 580320
0.697125 581760
0.697603 583200
0.698081 584640
0.698559 586080
0.699037 587520
0.699515 588960
0.699994 590400
0.700472 591840
0.70095 593280
0.701428 594720
0.701906 596160
0.702384 597600
0.702862 599040
0.70334 600480
0.703818 601920
0.704538 601920
0.704538 480960
0.848441 480960
0.848441 384480
1.8788 384480
1.8788 1440
1.88134 2880
1.92161 4320
1.92184 5760
1.96187 7200
1.96211 8640
1.96235 10080
1.96259 11520
2.00213 12960
2.00237 14400
2.00285 15840
2.00309 17280
2.00333 18720
2.00357 20160
2.00381 21600
2.0424 23040
2.04264 24480
2.04288 25920
2.04311 27360
2.04335 28800
2.04359 30240
2.04383 31680
2.04407 33120
2.04431 34560
2.04455 36000
2.04479 37440
2.04503 38880
2.04527 40320
2.0455 41760
2.08266 43200
2.0829 44640
2.08314 46080
2.08338 47520
2.08362 48960
2.08386 50400
2.0841 51840
2.08433 53280
2.08457 54720
2.08481 56160
2.08505 57600
2.08529 59040
2.08553 60480
2.08577 61920
2.08601 63360
2.08625 64800
2.08649 66240
2.08673 67680
2.08696 69120
2.08744 70560
2.08768 72000
2.08792 73440
2.08816 74880
2.0884 76320
2.08864 77760
2.08888 79200
2.08912 80640
2.08935 82080
2.12293 83520
2.12316 84960
2.1234 86400
2.12364 87840
2.12388 89280
2.12412 90720
2.12436 92160
2.1246 93600
2.12484 95040
2.12508 96480
2.12555 97920
2.12579 99360
2.12603 100800
2.12627 102240
2.12651 103680
2.12675 105120
2.12699 106560
2.12723 108000
2.12747 109440
2.12771 110880
2.12795 112320
2.12818 113760
2.17418 115200
2.17466 116640
2.17514 118080
2.17562 119520
2.17609 120960
2.17657 122400
2.17705 123840
2.17753 125280
2.17801 126720
2.17848 128160
2.17896 129600
2.17944 131040
2.17992 132480
2.1804 133920
2.18087 135360
2.18135 136800
2.18183 138240
2.18231 139680
2.18279 141120
2.18326 142560
2.18374 144000
2.18422 145440
2.1847 146880
2.18518 148320
2.18566 149760
2.18613 151200
2.18661 152640
2.18709 154080
2.18757 155520
2.18805 156960
2.18852 158400
2.189 159840
2.18948 161280
2.18996 162720
2.19044 164160
2.19091 165600
2.19139 167040
2.19187 168480
2.19235 169920
2.21444 171360
2.21492 172800
2.2154 174240
2.21588 175680
2.21635 177120
2.21683 178560
2.21731 180000
2.21779 181440
2.21827 182880
2.21874 184320
2.21922 185760
2.2197 187200
2.22018 188640
2.22066 190080
2.22113 191520
2.22161 192960
2.22209 194400
2.22257 195840
2.22305 197280
2.22352 198720
2.224 200160
2.22448 201600
2.22496 203040
2.22544 204480
2.22592 205920
2.22639 207360
2.22687 208800
2.22735 210240
2.22783 211680
2.22831 213120
2.22878 214560
2.22926 216000
2.22974 217440
2.23022 218880
2.2307 220320
2.23117 221760
2.23165 223200
2.23213 224640
2.23261 226080
2.23309 227520
2.23356 228960
2.23404 230400
2.23452 231840
2.235 233280
2.23548 234720
2.23595 236160
2.23643 237600
2.23691 239040
2.23739 240480
2.23787 241920
2.23835 243360
2.23882 244800
2.2393 246240
2.23978 247680
2.24026 249120
2.24074 250560
2.24121 252000
2.24169 253440
2.24217 254880
2.25494 256320
2.25542 257760
2.2559 259200
2.25637 260640
2.25685 262080
2.25733 263520
2.25781 264960
2.25829 266400
2.25877 267840
2.25924 269280
2.25972 270720
2.2602 272160
2.26068 273600
2.26116 275040
2.26163 276480
2.26211 277920
2.26259 279360
2.26307 280800
2.26355 282240
2.26402 283680
2.2645 285120
2.26498 286560
2.26546 288000
2.26594 289440
2.26641 290880
2.26689 292320
2.26737 293760
2.26785 295200
2.26833 296640
2.2688 298080
2.26928 299520
2.26976 300960
2.27024 302400
2.27072 303840
2.2712 305280
2.27167 306720
2.29653 308160
2.32235 309600
2.34817 311040
2.3802 312480
2.41223 313920
2.44426 315360
2.47629 316800
2.50832 318240
2.54035 319680
2.57238 321120
2.60442 322560
2.63645 324000
2.69047 325440
2.72202 326880
2.75405 328320
2.80903 329760
2.84106 331200
2.8731 332640
2.92855 334080
2.96106 335520
3.017 336960
3.04903 338400
3.10544 339840
3.13747 341280
3.19436 342720
3.25173 344160
3.28424 345600
3.34209 347040
3.39994 348480
3.45826 349920
3.51659 351360
3.5491 352800
3.6079 354240
3.66718 355680
3.72646 357120
3.78622 358560
3.84598 360000
3.90622 361440
3.96646 362880
4.03004 364320
4.09411 365760
4.1902 367200
4.25426 368640
4.35036 370080
4.44645 371520
4.54207 372960
4.63816 374400
4.76628 375840
4.89441 377280
5.05409 378720
5.21424 380160
5.40643 381600
5.6622 383040
6.01407 384480
8.73433 385920
9.0862 387360
9.31042 388800
9.53416 390240
9.69431 391680
9.82244 393120
9.95008 394560
10.0782 396000
10.1743 397440
10.3024 398880
10.398 400320
10.465 401760
10.5321 401760
10.5321 321120
10.5986 322560
10.6311 324000
10.6631 325440
10.6952 326880
10.7272 328320
10.7592 329760
10.7913 331200
10.8233 332640
10.8553 334080
10.8874 335520
10.9194 336960
10.9758 338400
11.0083 339840
11.0403 341280
11.0724 342720
11.1044 344160
11.1618 345600
11.1943 347040
11.2263 348480
11.2846 349920
11.3171 351360
11.3492 352800
11.408 354240
11.44 355680
11.4993 357120
11.5313 358560
11.5911 360000
11.6231 361440
11.6834 362880
11.7441 364320
11.7761 365760
11.8373 367200
11.8985 368640
11.9602 370080
12.0218 371520
12.084 372960
12.1461 374400
12.2088 375840
12.2714 377280
12.3345 378720
12.3976 380160
12.4612 381600
12.5248 383040
12.5888 384480
12.6534 385920
12.7495 387360
12.8451 388800
12.9412 390240
13.0373 391680
13.1654 393120
13.293 394560
13.4532 396000
13.6134 397440
13.8051 398880
14.0613 400320
14.4132 401760
14.4804 321120
14.5468 322560
14.5793 324000
14.6113 325440
14.6434 326880
14.6754 328320
14.7074 329760
14.7395 331200
14.771 332640
14.8031 334080
14.8351 335520
14.8671 336960
14.9235 338400
14.956 339840
14.9881 341280
15.0201 342720
15.0521 344160
15.1095 345600
15.1411 347040
15.1731 348480
15.2314 349920
15.2634 351360
15.2955 352800
15.3543 354240
15.3863 355680
15.4456 357120
15.4781 358560
15.5379 360000
15.5981 361440
15.6301 362880
15.6908 364320
15.7234 365760
15.7845 367200
15.8457 368640
15.9074 370080
15.9691 371520
16.0312 372960
16.0934 374400
16.156 375840
16.2186 377280
16.2817 378720
16.3449 380160
16.4084 381600
16.472 383040
16.5361 384480
16.6001 385920
16.6962 387360
16.7923 388800
16.8884 390240
16.984 391680
17.1122 393120
17.2403 394560
17.4005 396000
17.5601 397440
17.7523 398880
18.0081 400320
18.3604 401760
18.4276 321120
18.4941 322560
18.5261 324000
18.5581 325440
18.5901 326880
18.6222 328320
18.6542 329760
18.6862 331200
18.7183 332640
18.7503 334080
18.7823 335520
18.8144 336960
18.8708 338400
18.9033 339840
18.9353 341280
18.9674 342720
18.9994 344160
19.0568 345600
19.0893 347040
19.1213 348480
19.1796 349920
19.2121 351360
19.2442 352800
19.303 354240
19.3355 355680
19.3948 357120
19.4273 358560
19.487 360000
19.5191 361440
19.5793 362880
19.64 364320
19.672 365760
19.7332 367200
19.7944 368640
19.8561 370080
19.9178 371520
19.9799 372960
20.0421 374400
20.1047 375840
20.1673 377280
20.2304 378720
20.2935 380160
20.3571 381600
20.4207 383040
20.4848 384480
20.5493 385920
20.6454 387360
20.741 388800
20.8371 390240
20.9332 391680
21.0613 393120
21.1895 394560
21.3491 396000
21.5093 397440
21.701 398880
21.9573 400320
22.3091 401760
22.3763 321120
22.4427 322560
22.4752 324000
22.5073 325440
22.5393 326880
22.5713 328320
22.6034 329760
22.6354 331200
22.6674 332640
22.6995 334080
22.731 335520
22.7631 336960
22.8195 338400
22.851 339840
22.8831 341280
22.9151 342720
22.9471 344160
23.0045 345600
23.036 347040
23.0681 348480
23.1264 349920
23.1584 351360
23.2172 352800
23.2493 354240
23.2813 355680
23.3406 357120
23.3731 358560
23.4328 360000
23.4931 361440
23.5251 362880
23.5858 364320
23.6465 365760
23.679 367200
23.7402 368640
23.8019 370080
23.8636 371520
23.9257 372960
23.9879 374400
24.0505 375840
24.1131 377280
24.1763 378720
24.2394 380160
24.3029 381600
24.3665 383040
24.4306 384480
24.4951 385920
24.5912 387360
24.6873 388800
24.7834 390240
24.879 391680
25.0072 393120
25.1353 394560
25.2954 396000
25.4551 397440
25.6473 398880
25.9031 400320
26.2554 401760
26.3226 321120
26.389 322560
26.4211 324000
26.4531 325440
26.4851 326880
26.5172 328320
26.5492 329760
26.5812 331200
26.6133 332640
26.6453 334080
26.6773 335520
26.7093 336960
26.7658 338400
26.7983 339840
26.8303 341280
26.8623 342720
26.8944 344160
26.9517 345600
26.9842 347040
27.0163 348480
27.0746 349920
27.1071 351360
27.1391 352800
27.1979 354240
27.2305 355680
27.2897 357120
27.3222 358560
27.382 360000
27.414 361440
27.4743 362880
27.535 364320
27.567 365760
27.6282 367200
27.6894 368640
27.7511 370080
27.8128 371520
27.8749 372960
27.9371 374400
27.9997 375840
28.0623 377280
28.1254 378720
28.1885 380160
28.2521 381600
28.3157 383040
28.3798 384480
28.4443 385920
28.5404 387360
28.636 388800
28.7321 390240
28.8282 391680
28.9563 393120
29.0844 394560
29.2441 396000
29.4043 397440
29.5965 398880
29.8522 400320
30.2041 401760
30.2713 321120
30.3377 322560
30.3702 324000
30.4023 325440
30.4343 326880
30.4663 328320
30.4984 329760
30.5304 331200
30.5624 332640
30.5944 334080
30.626 335520
30.658 336960
30.7144 338400
30.7465 339840
30.778 341280
30.8101 342720
30.8421 344160
30.8995 345600
30.931 347040
30.963 348480
31.0214 349920
31.0534 351360
31.1122 352800
31.1442 354240
31.1763 355680
31.2356 357120
31.2681 358560
31.3278 360000
31.3881 361440
31.4201 362880
31.4808 364320
31.5415 365760
31.5731 367200
31.6343 368640
31.6959 370080
31.7576 371520
31.8198 372960
31.8819 374400
31.9445 375840
32.0072 377280
32.0703 378720
32.1334 380160
32.197 381600
32.2606 383040
32.3246 384480
32.3892 385920
32.4852 387360
32.5813 388800
32.6774 390240
32.773 391680
32.9012 393120
33.0293 394560
33.1895 396000
33.3491 397440
33.5413 398880
33.7971 400320
34.1494 401760
34.2166 321120
34.2831 322560
34.3151 324000
34.3471 325440
34.3792 326880
34.4112 328320
34.4432 329760
34.4752 331200
34.5073 332640
34.5393 334080
34.5713 335520
34.6034 336960
34.6598 338400
34.6923 339840
34.7243 341280
34.7564 342720
34.7884 344160
34.8458 345600
34.8783 347040
34.9103 348480
34.9686 349920
35.0011 351360
35.0332 352800
35.092 354240
35.1245 355680
35.1838 357120
35.2163 358560
35.276 360000
35.3081 361440
35.3683 362880
35.429 364320
35.461 365760
35.5222 367200
35.5834 368640
35.6451 370080
35.7068 371520
35.7689 372960
35.8311 374400
35.8937 375840
35.9563 377280
36.0194 378720
36.0825 380160
36.1461 381600
36.2097 383040
36.2738 384480
36.3383 385920
36.4344 387360
36.53 388800
36.6261 390240
36.7222 391680
36.8503 393120
36.9785 394560
37.1381 396000
37.2983 397440
37.49 398880
37.7463 400320
38.0981 401760
38.1653 321120
38.2317 322560
38.2643 324000
38.2963 325440
38.3283 326880
38.3603 328320
38.3924 329760
38.4244 331200
38.4564 332640
38.4885 334080
38.52 335520
38.5521 336960
38.6085 338400
38.64 339840
38.6721 341280
38.7041 342720
38.7361 344160
38.7935 345600
38.825 347040
38.8571 348480
38.9154 349920
38.9474 351360
39.0062 352800
39.0383 354240
39.0703 355680
39.1296 357120
39.1621 358560
39.2218 360000
39.2821 361440
39.3141 362880
39.3748 364320
39.4355 365760
39.4681 367200
39.5292 368640
39.5909 370080
39.6526 371520
39.7147 372960
39.7769 374400
39.8395 375840
39.9021 377280
39.9653 378720
40.0284 380160
40.0919 381600
40.1555 383040
40.2196 384480
40.2841 385920
40.3802 387360
40.4763 388800
40.5724 390240
40.668 391680
40.7962 393120
40.9243 394560
41.0844 396000
41.2441 397440
41.4363 398880
41.6921 400320
42.0444 401760
42.1116 321120
42.178 322560
42.2101 324000
42.2421 325440
42.2741 326880
42.3062 328320
42.3382 329760
42.3702 331200
42.4023 332640
42.4343 334080
42.4663 335520
42.4984 336960
42.5548 338400
42.5873 339840
42.6193 341280
42.6513 342720
42.6834 344160
42.7407 345600
42.7732 347040
42.8053 348480
42.8636 349920
42.8961 351360
42.9281 352800
42.9869 354240
43.0195 355680
43.0787 357120
43.1112 358560
43.171 360000
43.203 361440
43.2633 362880
43.324 364320
43.356 365760
43.4172 367200
43.4784 368640
43.5401 370080
43.6018 371520
43.6639 372960
43.7261 374400
43.7887 375840
43.8513 377280
43.9144 378720
43.9775 380160
44.0411 381600
44.1047 383040
44.1688 384480
44.2333 385920
44.3294 387360
44.425 388800
44.5211 390240
44.6172 391680
44.7453 393120
44.8734 394560
45.0331 396000
45.1933 397440
45.3855 398880
45.6412 400320
45.9931 401760
46.0603 321120
46.1267 322560
46.1592 324000
46.1913 325440
46.2233 326880
46.2553 328320
46.2874 329760
46.3194 331200
46.3514 332640
46.3835 334080
46.415 335520
46.447 336960
46.5034 338400
46.535 339840
46.567 341280
46.5991 342720
46.6311 344160
46.6885 345600
46.72 347040
46.7521 348480
46.8104 349920
46.8424 351360
46.9012 352800
46.9332 354240
46.9653 355680
47.0246 357120
47.0571 358560
47.1168 360000
47.1771 361440
47.2091 362880
47.2698 364320
47.3305 365760
47.363 367200
47.4242 368640
47.4859 370080
47.5476 371520
47.6097 372960
47.6719 374400
47.7345 375840
47.7971 377280
47.8602 378720
47.9233 380160
47.9869 381600
48.0505 383040
48.1146 384480
48.1791 385920
48.2752 387360
48.3713 388800
48.4674 390240
48.563 391680
48.6911 393120
48.8193 394560
48.9794 396000
49.1391 397440
49.3313 398880
49.5871 400320
49.9394 401760
50.0066 321120
50.073 322560
50.1051 324000
50.1371 325440
50.1691 326880
50.2011 328320
50.2332 329760
50.2652 331200
50.2972 332640
50.3293 334080
50.3613 335520
50.3933 336960
50.4497 338400
50.4823 339840
50.5143 341280
50.5463 342720
50.5783 344160
50.6357 345600
50.6682 347040
50.7003 348480
50.7586 349920
50.7911 351360
50.8231 352800
50.8819 354240
50.9144 355680
50.9737 357120
51.0062 358560
51.066 360000
51.098 361440
51.1583 362880
51.219 364320
51.251 365760
51.3122 367200
51.3734 368640
51.4351 370080
51.4967 371520
51.5589 372960
51.621 374400
51.6837 375840
51.7463 377280
51.8094 378720
51.8725 380160
51.9361 381600
51.9997 383040
52.0637 384480
52.1283 385920
52.2244 387360
52.3205 388800
52.4161 390240
52.5122 391680
52.6403 393120
52.7684 394560
52.9281 396000
53.0883 397440
53.2804 398880
53.5362 400320
53.8881 401760
53.9553 321120
54.0217 322560
54.0542 324000
54.0862 325440
54.1183 326880
54.1503 328320
54.1823 329760
54.2144 331200
54.2464 332640
54.2784 334080
54.3105 335520
54.342 336960
54.3984 338400
54.4305 339840
54.462 341280
54.494 342720
54.5261 344160
54.5834 345600
54.6155 347040
54.647 348480
54.7054 349920
54.7374 351360
54.7962 352800
54.8282 354240
54.8603 355680
54.9195 357120
54.952 358560
55.0118 360000
55.072 361440
55.1041 362880
55.1648 364320
55.2255 365760
55.2571 367200
55.3183 368640
55.3799 370080
55.4416 371520
55.5037 372960
55.5659 374400
55.6285 375840
55.6912 377280
55.7543 378720
55.8174 380160
55.8809 381600
55.9445 383040
56.0086 384480
56.0731 385920
56.1692 387360
56.2653 388800
56.3614 390240
56.457 391680
56.5852 393120
56.7133 394560
56.8734 396000
57.0331 397440
57.2253 398880
57.4811 400320
57.8334 401760
57.9006 321120
57.967 322560
57.9991 324000
58.0311 325440
58.0631 326880
58.0952 328320
58.1272 329760
58.1592 331200
58.1913 332640
58.2233 334080
58.2553 335520
58.2874 336960
58.3438 338400
58.3763 339840
58.4083 341280
58.4403 342720
58.4724 344160
58.5297 345600
58.5623 347040
58.5943 348480
58.6526 349920
58.6851 351360
58.7171 352800
58.776 354240
58.8085 355680
58.8677 357120
58.9003 358560
58.96 360000
58.992 361440
59.0523 362880
59.113 364320
59.145 365760
59.2062 367200
59.2674 368640
59.3291 370080
59.3908 371520
59.4529 372960
59.5151 374400
59.5777 375840
59.6403 377280
59.7034 378720
59.7665 380160
59.8301 381600
59.8937 383040
59.9578 384480
60.0223 385920
60.1184 387360
60.214 388800
60.3101 390240
60.4062 391680
60.5343 393120
60.6624 394560
60.8221 396000
60.9823 397440
61.1745 398880
61.4302 400320
61.7821 401760
61.8493 321120
61.9157 322560
61.9482 324000
61.9803 325440
62.0123 326880
62.0443 328320
62.0764 329760
62.1084 331200
62.1404 332640
62.1725 334080
62.204 335520
62.236 336960
62.2925 338400
62.324 339840
62.356 341280
62.3881 342720
62.4201 344160
62.4775 345600
62.509 347040
62.5411 348480
62.5994 349920
62.6314 351360
62.6902 352800
62.7222 354240
62.7543 355680
62.8136 357120
62.8461 358560
62.9058 360000
62.9661 361440
62.9981 362880
63.0588 364320
63.1195 365760
63.152 367200
63.2132 368640
63.2749 370080
63.3366 371520
63.3987 372960
63.4609 374400
63.5235 375840
63.5861 377280
63.6492 378720
63.7123 380160
63.7759 381600
63.8395 383040
63.9036 384480
63.9681 385920
64.0642 387360
64.1603 388800
64.2564 390240
64.352 391680
64.4801 393120
64.6083 394560
64.7684 396000
64.9281 397440
65.1203 398880
65.3761 400320
65.7284 401760
65.7956 321120
65.862 322560
65.8941 324000
65.9261 325440
65.9581 326880
65.9901 328320
66.0222 329760
66.0542 331200
66.0862 332640
66.1183 334080
66.1503 335520
66.1823 336960
66.2387 338400
66.2713 339840
66.3033 341280
66.3353 342720
66.3674 344160
66.4247 345600
66.4572 347040
66.4893 348480
66.5476 349920
66.5801 351360
66.6121 352800
66.6709 354240
66.7034 355680
66.7627 357120
66.7952 358560
66.855 360000
66.887 361440
66.9473 362880
67.008 364320
67.04 365760
67.1012 367200
67.1624 368640
67.2241 370080
67.2857 371520
67.3479 372960
67.41 374400
67.4727 375840
67.5353 377280
67.5984 378720
67.6615 380160
67.7251 381600
67.7887 383040
67.8527 384480
67.9173 385920
68.0134 387360
68.1095 388800
68.2051 390240
68.3012 391680
68.4293 393120
68.5574 394560
68.7171 396000
68.8773 397440
69.0694 398880
69.3252 400320
69.6771 401760
69.7443 321120
69.8107 322560
69.8432 324000
69.8752 325440
69.9073 326880
69.9393 328320
69.9713 329760
70.0034 331200
70.0354 332640
70.0674 334080
70.0995 335520
70.131 336960
70.1874 338400
70.2195 339840
70.251 341280
70.283 342720
70.3151 344160
70.3725 345600
70.404 347040
70.436 348480
70.4944 349920
70.5264 351360
70.5852 352800
70.6172 354240
70.6493 355680
70.7085 357120
70.741 358560
70.8008 360000
70.861 361440
70.8931 362880
70.9538 364320
71.0145 365760
71.0461 367200
71.1073 368640
71.1689 370080
71.2306 371520
71.2928 372960
71.3549 374400
71.4175 375840
71.4802 377280
71.5433 378720
71.6064 380160
71.67 381600
71.7335 383040
71.7976 384480
71.8621 385920
71.9582 387360
72.0543 388800
72.1504 390240
72.246 391680
72.3742 393120
72.5023 394560
72.6624 396000
72.8221 397440
73.0143 398880
73.2701 400320
73.6224 401760
73.6896 321120
73.756 322560
73.7881 324000
73.8201 325440
73.8521 326880
73.8842 328320
73.9162 329760
73.9482 331200
73.9803 332640
74.0123 334080
74.0443 335520
74.0764 336960
74.1328 338400
74.1653 339840
74.1973 341280
74.2293 342720
74.2614 344160
74.3187 345600
74.3513 347040
74.3833 348480
74.4416 349920
74.4741 351360
74.5062 352800
74.565 354240
74.5975 355680
74.6567 357120
74.6893 358560
74.749 360000
74.781 361440
74.8413 362880
74.902 364320
74.934 365760
74.9952 367200
75.0564 368640
75.1181 370080
75.1798 371520
75.2419 372960
75.3041 374400
75.3667 375840
75.4293 377280
75.4924 378720
75.5555 380160
75.6191 381600
75.6827 383040
75.7468 384480
75.8113 385920
75.9074 387360
76.003 388800
76.0991 390240
76.1952 391680
76.3233 393120
76.4515 394560
76.6111 396000
76.7713 397440
76.9635 398880
77.2192 400320
77.5711 401760
77.6383 321120
77.7047 322560
77.7372 324000
77.7693 325440
77.8013 326880
77.8333 328320
77.8654 329760
77.8974 331200
77.9294 332640
77.9615 334080
77.993 335520
78.025 336960
78.0815 338400
78.113 339840
78.145 341280
78.1771 342720
78.2091 344160
78.2665 345600
78.298 347040
78.3301 348480
78.3884 349920
78.4204 351360
78.4792 352800
78.5113 354240
78.5433 355680
78.6026 357120
78.6351 358560
78.6948 360000
78.7551 361440
78.7871 362880
78.8478 364320
78.9085 365760
78.941 367200
79.0022 368640
79.0639 370080
79.1256 371520
79.1877 372960
79.2499 374400
79.3125 375840
79.3751 377280
79.4382 378720
79.5013 380160
79.5649 381600
79.6285 383040
79.6926 384480
79.7571 385920
79.8532 387360
79.9493 388800
80.0454 390240
80.141 391680
80.2691 393120
80.3973 394560
80.5574 396000
80.7171 397440
80.9093 398880
81.1651 400320
81.5174 401760
81.5846 321120
81.651 322560
81.6831 324000
81.7151 325440
81.7471 326880
81.7792 328320
81.8112 329760
81.8432 331200
81.8752 332640
81.9073 334080
81.9393 335520
81.9713 336960
82.0278 338400
82.0603 339840
82.0923 341280
82.1243 342720
82.1564 344160
82.2137 345600
82.2462 347040
82.2783 348480
82.3366 349920
82.3691 351360
82.4011 352800
82.4599 354240
82.4924 355680
82.5517 357120
82.5842 358560
82.644 360000
82.676 361440
82.7363 362880
82.797 364320
82.829 365760
82.8902 367200
82.9514 368640
83.0131 370080
83.0747 371520
83.1369 372960
83.199 374400
83.2617 375840
83.3243 377280
83.3874 378720
83.4505 380160
83.5141 381600
83.5777 383040
83.6417 384480
83.7063 385920
83.8024 387360
83.8985 388800
83.9941 390240
84.0902 391680
84.2183 393120
84.3464 394560
84.5061 396000
84.6663 397440
84.8585 398880
85.1142 400320
85.4661 401760
85.5333 321120
85.5997 322560
85.6322 324000
85.6643 325440
85.6963 326880
85.7283 328320
85.7603 329760
85.7924 331200
85.8244 332640
85.8564 334080
85.8885 335520
85.92 336960
85.9764 338400
86.0085 339840
86.04 341280
86.0721 342720
86.1041 344160
86.1615 345600
86.193 347040
86.225 348480
86.2834 349920
86.3154 351360
86.3742 352800
86.4062 354240
86.4383 355680
86.4975 357120
86.5301 358560
86.5898 360000
86.65 361440
86.6821 362880
86.7428 364320
86.8035 365760
86.8351 367200
86.8963 368640
86.9579 370080
87.0196 371520
87.0818 372960
87.1439 374400
87.2065 375840
87.2692 377280
87.3323 378720
87.3954 380160
87.459 381600
87.5225 383040
87.5866 384480
87.6511 385920
87.7472 387360
87.8433 388800
87.9394 390240
88.035 391680
88.1632 393120
88.2913 394560
88.4514 396000
88.6111 397440
88.8033 398880
89.0591 400320
89.4114 401760
89.4786 321120
89.5451 322560
89.5771 324000
89.6091 325440
89.6411 326880
89.6732 328320
89.7052 329760
89.7372 331200
89.7693 332640
89.8013 334080
89.8333 335520
89.8654 336960
89.9218 338400
89.9543 339840
89.9863 341280
90.0183 342720
90.0504 344160
90.1077 345600
90.1403 347040
90.1723 348480
90.2306 349920
90.2631 351360
90.2952 352800
90.354 354240
90.3865 355680
90.4458 357120
90.4783 358560
90.538 360000
90.5701 361440
90.6303 362880
90.691 364320
90.723 365760
90.7842 367200
90.8454 368640
90.9071 370080
90.9688 371520
91.0309 372960
91.0931 374400
91.1557 375840
91.2183 377280
91.2814 378720
91.3445 380160
91.4081 381600
91.4717 383040
91.5358 384480
91.6003 385920
91.6964 387360
91.792 388800
91.8881 390240
91.9842 391680
92.1123 393120
92.2405 394560
92.4001 396000
92.5603 397440
92.7525 398880
93.0082 400320
93.3601 401760
93.4273 321120
93.4937 322560
93.5262 324000
93.5583 325440
93.5903 326880
93.6223 328320
93.6544 329760
93.6864 331200
93.7184 332640
93.7505 334080
93.782 335520
93.814 336960
93.8705 338400
93.902 339840
93.934 341280
93.9661 342720
93.9981 344160
94.0555 345600
94.087 347040
94.1191 348480
94.1774 349920
94.2094 351360
94.2682 352800
94.3003 354240
94.3323 355680
94.3916 357120
94.4241 358560
94.4838 360000
94.5441 361440
94.5761 362880
94.6368 364320
94.6975 365760
94.73 367200
94.7912 368640
94.8529 370080
94.9146 371520
94.9767 372960
95.0389 374400
95.1015 375840
95.1641 377280
95.2272 378720
95.2904 380160
95.3539 381600
95.4175 383040
95.4816 384480
95.5461 385920
95.6422 387360
95.7383 388800
95.8344 390240
95.93 391680
96.0581 393120
96.1863 394560
96.3464 396000
96.5061 397440
96.6983 398880
96.9541 400320
97.3064 401760
97.3736 321120
97.44 322560
97.4721 324000
97.5041 325440
97.5361 326880
97.5682 328320
97.6002 329760
97.6322 331200
97.6642 332640
97.6963 334080
97.7283 335520
97.7603 336960
97.8168 338400
97.8493 339840
97.8813 341280
97.9133 342720
97.9454 344160
98.0027 345600
98.0352 347040
98.0673 348480
98.1256 349920
98.1581 351360
98.1901 352800
98.2489 354240
98.2814 355680
98.3407 357120
98.3732 358560
98.433 360000
98.465 361440
98.5253 362880
98.586 364320
98.618 365760
98.6792 367200
98.7404 368640
98.8021 370080
98.8637 371520
98.9259 372960
98.988 374400
99.0507 375840
99.1133 377280
99.1764 378720
99.2395 380160
99.3031 381600
99.3667 383040
99.4307 384480
99.4953 385920
99.5914 387360
99.6875 388800
99.7831 390240
99.8792 391680
100.007 393120
