0.0 0
0.220019 0.22
0.881278 0.220125
1.08152 0.245234
1.10178 0.24208
1.30178 0.26432
1.32204 0.261405
1.32252 0.256354
1.52228 0.251935
1.5423 0.250568
1.54278 0.246747
1.54325 0.243529
1.74254 0.265588
1.74301 0.260014
1.7628 0.255012
1.76327 0.250761
1.76375 0.247041
1.76423 0.243786
1.9628 0.265687
1.96327 0.260102
1.96375 0.255089
1.98306 0.253203
1.98353 0.249177
1.98401 0.245655
1.98449 0.242573
1.98497 0.239877
1.98545 0.237517
2.18306 0.260202
2.18353 0.255302
2.18401 0.251014
2.18449 0.247263
2.18497 0.24398
2.20356 0.240982
2.20403 0.238484
2.20451 0.236299
2.20499 0.234262
2.20547 0.232604
2.20595 0.231153
2.20642 0.230009
2.2069 0.229008
2.20738 0.228132
2.40356 0.227116
2.40403 0.226351
2.40451 0.225682
2.40499 0.224972
2.40547 0.224475
2.40595 0.224041
2.40642 0.223786
2.42382 0.225688
2.42429 0.225102
2.42477 0.224464
2.42525 0.224031
2.42573 0.223652
2.42621 0.223446
2.42668 0.223265
2.42716 0.223107
2.42764 0.222968
2.42812 0.222972
2.4286 0.222851
2.42907 0.222869
2.42955 0.222886
2.43003 0.2229
2.62405 0.222663
2.62453 0.222455
2.62501 0.222273
2.62549 0.222114
2.62597 0.221975
2.62645 0.221978
2.62692 0.221856
2.6274 0.221874
2.62788 0.221889
2.62836 0.221903
2.64408 0.223915
2.64455 0.223551
2.64503 0.223232
2.64551 0.222953
2.64599 0.222709
2.64647 0.222495
2.64694 0.222308
2.64742 0.22227
2.6479 0.222111
2.64838 0.222097
2.64886 0.222085
2.64933 0.222074
2.64981 0.222065
2.65029 0.222182
2.65077 0.222159
2.65125 0.222264
2.65173 0.222356
2.6522 0.222437
2.65268 0.222507
2.65316 0.222694
2.65364 0.222732
2.84431 0.246641
2.84479 0.24331
2.84527 0.240522
2.84575 0.238081
2.84623 0.235946
2.84671 0.234078
2.84718 0.232568
2.84766 0.231247
2.84814 0.230091
2.84862 0.22908
2.8491 0.22832
2.84957 0.22753
2.85005 0.226964
2.85053 0.226468
2.85101 0.226035
2.86434 0.22728
2.86481 0.22637
2.86529 0.225699
2.86577 0.225112
2.86625 0.224598
2.86673 0.224148
2.8672 0.223879
2.86768 0.223645
2.86816 0.223439
2.86864 0.223259
2.86912 0.223227
2.86959 0.223073
2.87007 0.223064
2.87055 0.223056
2.87103 0.223049
2.87151 0.223043
2.87199 0.223038
2.87246 0.223033
2.87294 0.223029
2.87342 0.22315
2.8739 0.223131
2.87438 0.22324
2.87485 0.223335
2.87533 0.223418
2.87581 0.223491
2.87629 0.22368
2.87677 0.22372
2.87724 0.22388
2.87772 0.22402
2.8782 0.224142
2.87868 0.224249
2.87916 0.224468
3.06481 0.22391
3.06529 0.223546
3.06577 0.223228
3.06625 0.222949
3.06673 0.222706
3.0672 0.222617
3.06768 0.222415
3.06816 0.222363
3.06864 0.222318
3.06912 0.222278
3.06959 0.222243
3.07007 0.222338
3.07055 0.222296
3.07103 0.222384
3.07151 0.222461
3.07199 0.222403
3.07246 0.222478
3.07294 0.222543
3.07342 0.2226
3.0739 0.22265
3.07438 0.222819
3.07485 0.222842
3.0846 0.224111
3.08507 0.223722
3.08555 0.223382
3.08603 0.223209
3.08651 0.222933
3.08699 0.222692
3.08746 0.222605
3.08794 0.222404
3.08842 0.222354
3.0889 0.22231
3.08938 0.222271
3.08985 0.222237
3.09033 0.222332
3.09081 0.222291
3.09129 0.22238
3.09177 0.222457
3.09225 0.222525
3.09272 0.222584
3.0932 0.222761
3.09368 0.222791
3.09416 0.222942
3.09464 0.223074
3.09511 0.22319
3.09559 0.223291
3.09607 0.223505
3.09655 0.223692
3.09703 0.223855
3.0975 0.223998
3.09798 0.224124
3.09846 0.224233
3.09894 0.224329
3.09942 0.224538
3.09989 0.224596
3.10037 0.224771
3.10085 0.224925
3.10133 0.225059
3.10181 0.225177
3.10228 0.225405
3.10276 0.225479
3.10324 0.225669
3.10372 0.225836
3.1042 0.225981
3.10468 0.226108
3.10515 0.226345
3.10563 0.226427
3.10611 0.226623
3.10659 0.226796
3.10707 0.226946
3.28507 0.249328
3.28555 0.245787
3.28603 0.242688
3.28651 0.239977
3.28699 0.237605
3.28746 0.23553
3.28794 0.233713
3.28842 0.232249
3.2889 0.230843
3.28938 0.229738
3.28985 0.22877
3.29033 0.227924
3.29081 0.227184
3.29129 0.226661
3.29177 0.226078
3.29225 0.225693
3.29272 0.225357
3.2932 0.225062
3.29368 0.224804
3.29416 0.224704
3.29464 0.224491
3.29511 0.224429
3.29559 0.224376
3.29607 0.224454
3.29655 0.224522
3.29703 0.224582
3.2975 0.224634
3.29798 0.22468
3.29846 0.22472
3.29894 0.224755
3.29942 0.224911
