0.0 0
0.0905768 0.09
0.18279 0.09025
0.276537 0.0907188
0.370283 0.0911289
0.462454 0.102988
0.465606 0.101989
0.5562 0.100991
0.559352 0.100492
0.562504 0.100055
0.649946 0.0991734
0.653098 0.0989017
0.65625 0.098664
0.659402 0.098456
0.742117 0.108649
0.745269 0.107068
0.748421 0.105559
0.751573 0.104614
0.754725 0.103788
0.757877 0.103064
0.834287 0.112056
0.837439 0.109924
0.840591 0.108059
0.843743 0.106801
0.846895 0.105701
0.850047 0.104864
0.853199 0.104506
0.856351 0.104192
0.859503 0.103918
0.926458 0.112054
0.92961 0.109922
0.932762 0.108057
0.935914 0.1068
0.939066 0.105825
0.942218 0.104972
0.94537 0.1046
0.948522 0.104275
0.951674 0.103866
0.954826 0.103882
0.957978 0.103897
0.96113 0.104035
0.964282 0.104531
0.967434 0.104964
1.0202 0.103594
1.02336 0.10277
1.02651 0.102048
1.02966 0.101417
1.03281 0.10124
1.03596 0.101085
1.03912 0.100949
1.04227 0.101206
1.04542 0.10143
1.04857 0.101626
1.05172 0.102173
1.05488 0.102651
1.05803 0.103195
1.06118 0.104046
1.06433 0.10479
1.06748 0.105441
1.07064 0.106386
1.07379 0.107088
1.07694 0.107702
1.08009 0.108739
1.08324 0.109647
1.11395 0.107566
1.1171 0.106245
1.12025 0.105089
1.12341 0.104078
1.12656 0.103569
1.12971 0.103122
1.13286 0.102732
1.13601 0.102891
1.13917 0.103029
1.14232 0.103026
1.14547 0.103397
1.14862 0.103723
1.15177 0.104007
1.15493 0.104631
1.15808 0.105303
1.16123 0.10589
1.16438 0.106779
1.16753 0.107556
1.17069 0.108112
1.17384 0.108973
1.17699 0.109726
1.18014 0.11051
1.18329 0.111572
1.18645 0.1125
1.1896 0.113313
1.19275 0.114399
1.1959 0.115349
1.19905 0.116305
1.20221 0.117517
1.20536 0.118452
1.20851 0.119271
1.21166 0.120362
1.21481 0.117942
1.21797 0.115699
1.22112 0.114237
1.22427 0.112957
1.22742 0.111837
1.23057 0.111233
1.23373 0.110704
1.23688 0.110241
1.24003 0.110336
1.24318 0.110419
1.24633 0.110366
1.24949 0.110696
1.25264 0.110984
1.25579 0.111236
1.25894 0.111831
1.26209 0.112477
1.26525 0.113043
1.2684 0.113912
1.27155 0.114673
1.2747 0.115339
1.27785 0.116297
1.28101 0.117135
1.28416 0.117868
1.28731 0.118884
1.29046 0.119774
1.29361 0.120552
1.29677 0.121608
1.29992 0.122532
1.30307 0.123466
1.30622 0.124657
1.30937 0.1257
1.31253 0.126488
1.31568 0.127552
1.31883 0.128483
1.32198 0.129297
1.32513 0.13051
1.32829 0.131571
1.33144 0.1325
1.33459 0.133688
1.33774 0.134727
1.34089 0.135511
1.34405 0.136697
1.3472 0.137735
1.35035 0.138643
1.3535 0.139813
1.35665 0.140836
1.35981 0.141732
1.36296 0.14289
1.36611 0.144029
1.36926 0.145025
1.37241 0.146272
1.37557 0.147238
1.37872 0.148083
1.38187 0.149198
1.38502 0.150298
1.38817 0.151261
1.39133 0.152478
1.39448 0.153543
1.39763 0.154476
1.40078 0.155666
1.40393 0.156583
1.40709 0.15751
1.41024 0.158696
1.41339 0.159734
1.41654 0.160642
1.41969 0.161812
1.42285 0.162836
1.426 0.163731
1.42915 0.165015
1.4323 0.166138
1.43545 0.166996
1.43861 0.168121
1.44176 0.169106
1.44491 0.169968
1.44806 0.171222
1.45121 0.172319
1.45437 0.173279
1.45752 0.174494
1.46067 0.175558
1.46382 0.176363
1.46697 0.177442
1.47013 0.178512
1.47328 0.179448
1.47643 0.180642
1.47958 0.181687
1.48273 0.182601
1.48589 0.183776
1.48904 0.184929
1.49219 0.185938
1.49534 0.187196
1.49849 0.188171
1.50165 0.189025
1.5048 0.190147
1.50795 0.191128
1.5111 0.192112
1.51425 0.193348
1.51741 0.19443
1.52056 0.195376
1.52371 0.196579
1.52686 0.197632
1.53001 0.198553
1.53317 0.199734
1.53632 0.200767
1.53947 0.201671
1.54262 0.202837
1.54577 0.203858
1.54893 0.20475
1.55208 0.206032
1.55523 0.207153
1.55838 0.208009
1.56153 0.209132
1.56469 0.210116
1.56784 0.210976
1.57099 0.212104
1.57414 0.213216
1.57729 0.214189
1.58045 0.215416
1.5836 0.216489
1.58675 0.217428
1.5899 0.218624
1.59305 0.219671
1.59621 0.220587
1.59936 0.221764
1.60251 0.222793
1.60566 0.223694
1.60881 0.224857
1.61197 0.225875
1.61512 0.226891
1.61827 0.228154
1.62142 0.229135
1.62457 0.229993
1.62773 0.231119
1.63088 0.232104
1.63403 0.233091
1.63718 0.23433
1.64033 0.235414
1.64349 0.236362
1.64664 0.237567
1.64979 0.238621
1.65294 0.239418
1.65609 0.240616
1.65925 0.241664
1.6624 0.242581
1.66555 0.243758
1.6687 0.244789
1.67185 0.24569
1.67501 0.246979
1.67816 0.248106
1.68131 0.249093
1.68446 0.250331
1.68761 0.25129
1.69077 0.252129
1.69392 0.253238
1.69707 0.254333
1.70022 0.255291
1.70337 0.256505
1.70653 0.257567
1.70968 0.258496
1.71283 0.259684
1.71598 0.260598
1.71913 0.261524
1.72229 0.262708
1.72544 0.263745
1.72859 0.264652
1.73174 0.26582
1.73489 0.266843
1.73805 0.267862
1.7412 0.26913
1.74435 0.270238
1.7475 0.271084
1.75065 0.272198
1.75381 0.273173
1.75696 0.274027
1.76011 0.275273
1.76326 0.276364
1.76641 0.277319
1.76957 0.278529
1.77272 0.279588
1.77587 0.280389
1.77902 0.281591
1.78217 0.282642
1.78533 0.283562
1.78848 0.284741
1.79163 0.285774
1.79478 0.286677
1.79793 0.287842
1.80109 0.288987
1.80424 0.289989
1.80739 0.29124
1.81054 0.29221
1.81369 0.293059
1.81685 0.294176
1.82 0.295154
1.82315 0.296135
1.8263 0.297368
1.82945 0.298447
1.83261 0.299391
1.83576 0.300592
1.83891 0.301518
1.84206 0.302454
1.84521 0.303647
1.84837 0.304691
1.85152 0.305605
1.85467 0.306779
1.85782 0.307807
1.86097 0.308706
1.86413 0.309993
1.86728 0.311119
1.87043 0.311979
1.87358 0.313106
1.87673 0.314093
1.87989 0.314956
1.88304 0.316212
1.88619 0.31731
1.88934 0.318272
1.89249 0.319488
1.89565 0.320552
1.8988 0.321483
1.90195 0.322672
1.9051 0.323713
1.90825 0.324624
1.91141 0.325796
1.91456 0.326822
1.91771 0.327719
1.92086 0.328879
1.92401 0.330019
1.92717 0.331017
3.0414 0.306015
3.04455 0.284138
3.0477 0.264871
3.05085 0.248012
3.05401 0.233385
3.05716 0.220587
3.06031 0.209389
3.06346 0.19959
3.06661 0.191016
3.06977 0.183389
3.07292 0.176716
3.07607 0.171001
3.0808 0.166126
3.08395 0.161985
3.0871 0.158737
3.09025 0.15602
3.09341 0.153892
3.09656 0.152156
3.09971 0.150886
3.10286 0.149901
3.10601 0.149288
3.10917 0.149002
3.11232 0.148877
3.11547 0.149017
3.11862 0.149265
3.12177 0.149607
3.12493 0.150156
3.12808 0.150887
3.13123 0.151776
3.13438 0.152679
3.13753 0.153719
3.14069 0.154754
3.14384 0.155785
3.14699 0.156937
3.15014 0.158195
3.15329 0.159545
3.15645 0.160852
3.1596 0.162246
3.16275 0.16359
3.1659 0.164891
3.16905 0.166405
3.17221 0.167854
3.17536 0.169372
3.17851 0.170826
3.18166 0.172348
3.18481 0.173804
3.18797 0.175204
3.19112 0.176803
3.19427 0.178328
3.19742 0.179912
3.20057 0.181423
3.20373 0.182995
3.20688 0.184496
3.21003 0.186059
3.21318 0.187676
3.21633 0.189217
3.21949 0.190815
3.22264 0.192338
3.22579 0.193796
3.22894 0.195321
3.23209 0.196906
3.23525 0.198543
3.2384 0.2001
3.24155 0.201712
3.2447 0.203248
3.24785 0.204717
3.25101 0.206378
3.25416 0.207955
3.25731 0.209586
3.26046 0.210763
3.26361 0.211792
3.26677 0.212693
3.26992 0.213482
3.27307 0.214171
3.27622 0.214775
3.27937 0.215303
3.28252 0.215765
3.28568 0.21617
3.28883 0.216523
3.29198 0.216833
3.29513 0.217104
3.29828 0.217216
3.30144 0.216814
3.30459 0.216087
3.30774 0.215076
3.31089 0.213692
3.31404 0.21223
3.3172 0.210576
3.32035 0.208754
3.3235 0.20666
3.32665 0.204453
3.3298 0.202146
3.33296 0.199628
3.33611 0.197174
3.33926 0.194653
3.34241 0.191946
3.34556 0.189203
3.34872 0.186427
3.35187 0.183624
3.35502 0.180796
3.35817 0.177946
3.36132 0.175078
3.36448 0.172068
3.36763 0.16906
3.37078 0.166052
3.37393 0.162921
3.37708 0.159931
3.38024 0.156939
3.38339 0.153822
3.38654 0.150719
3.38969 0.148004
3.39284 0.145629
3.396 0.14355
3.39915 0.141856
3.4023 0.140249
3.40545 0.138843
3.4086 0.137613
3.41176 0.136536
3.41491 0.135594
3.41806 0.134895
3.42121 0.134283
3.42436 0.133623
3.42752 0.133045
3.43067 0.132539
3.43382 0.132097
3.43697 0.13171
3.44012 0.131496
3.44328 0.131184
3.44643 0.130911
3.44958 0.130672
3.45273 0.130463
3.45588 0.13028
3.45904 0.130245
3.46219 0.130215
3.46534 0.130063
3.46849 0.12993
3.47164 0.129814
3.4748 0.129712
3.47795 0.129623
3.4811 0.12967
3.48425 0.129586
3.4874 0.129513
3.49056 0.129449
3.49371 0.129393
3.49686 0.129344
3.50001 0.129426
3.50316 0.129498
3.50632 0.129435
3.50947 0.129381
3.51262 0.129333
3.51577 0.129292
3.51892 0.129255
3.52208 0.129348
3.52523 0.12943
3.52838 0.129376
3.53153 0.129329
3.53468 0.129288
3.53784 0.129252
3.54099 0.12922
3.54414 0.129693
3.54729 0.130106
3.55044 0.130343
3.5536 0.13055
3.55675 0.130731
3.5599 0.13089
3.56305 0.131154
3.5662 0.131384
3.56936 0.131586
3.57251 0.131638
3.57566 0.131683
3.57881 0.131723
3.58196 0.131758
3.58512 0.131913
3.58827 0.132049
3.59142 0.132043
3.59457 0.132037
3.59772 0.132033
3.60088 0.132029
3.60403 0.13215
3.60718 0.132256
3.61033 0.132349
3.61348 0.132306
3.61664 0.132267
3.61979 0.132234
3.62294 0.132205
3.62609 0.132304
3.62924 0.132391
3.6324 0.132342
3.63555 0.132299
3.6387 0.132262
3.64185 0.132229
3.645 0.132326
3.64816 0.13241
3.65131 0.132484
3.65446 0.132423
3.65761 0.13237
3.66076 0.132324
3.66392 0.132284
3.66707 0.132373
3.67022 0.132451
3.67337 0.13252
3.67652 0.132455
3.67968 0.132398
3.68283 0.132348
3.68598 0.132305
3.68913 0.132392
3.69228 0.132468
3.69544 0.132409
3.69859 0.132358
3.70174 0.132313
3.70489 0.132274
3.70804 0.132365
3.7112 0.132444
3.71435 0.132514
3.7175 0.13245
3.72065 0.132393
3.7238 0.132344
3.72696 0.132301
3.73011 0.132389
3.73326 0.132465
3.73641 0.132407
3.73956 0.132356
3.74272 0.132311
3.74587 0.132273
3.74902 0.132363
3.75217 0.132443
3.75532 0.132513
3.75848 0.132449
3.76163 0.132393
3.76478 0.132343
3.76793 0.132301
3.77108 0.132388
3.77424 0.132464
3.77739 0.132406
3.78054 0.132356
3.78369 0.132311
3.78684 0.132647
3.79 0.132941
3.79315 0.133324
3.7963 0.133658
3.79945 0.133951
3.8026 0.134082
3.80576 0.134197
3.80891 0.134297
3.81206 0.13451
3.81521 0.134696
3.81836 0.134859
3.82152 0.135002
3.82467 0.135002
3.82782 0.135001
3.83097 0.135001
3.83412 0.135126
3.83728 0.135235
3.84043 0.135331
3.84358 0.13529
3.84673 0.135253
3.84988 0.135222
3.85304 0.135319
3.85619 0.135404
3.85934 0.135479
3.86249 0.135544
3.86564 0.135476
3.8688 0.135416
3.87195 0.135364
3.8751 0.135444
3.87825 0.135513
3.8814 0.135574
3.88456 0.135502
3.88771 0.13544
3.89086 0.135385
3.89401 0.135462
3.89716 0.135529
3.90032 0.135588
3.90347 0.135639
3.90662 0.135559
3.90977 0.135489
3.91292 0.135428
3.91608 0.1355
3.91923 0.135562
3.92238 0.135617
3.92553 0.135665
3.92868 0.135582
3.93184 0.135509
3.93499 0.135445
3.93814 0.135515
3.94129 0.135575
3.94444 0.135628
3.9476 0.13555
3.95075 0.135481
3.9539 0.135421
3.95705 0.135493
3.9602 0.135557
3.96336 0.135612
3.96651 0.135661
3.96966 0.136078
3.97281 0.136318
3.97596 0.136528
3.97912 0.136837
3.98227 0.137108
3.98542 0.137344
3.98857 0.137551
3.99172 0.137607
3.99488 0.137656
3.99803 0.137824
4.00118 0.137971
4.00433 0.1381
4.00748 0.138212
4.01064 0.138311
4.01379 0.138272
4.01694 0.138238
4.02009 0.138333
4.02324 0.138417
4.0264 0.13849
4.02955 0.138553
4.0327 0.138484
4.03585 0.138424
4.039 0.138496
4.04216 0.138559
4.04531 0.138614
4.04846 0.138662
4.05161 0.138704
4.05476 0.138616
4.05792 0.138539
4.06107 0.138597
4.06422 0.138647
4.06737 0.138691
4.07052 0.13873
4.07368 0.138764
4.07683 0.138668
4.07998 0.138585
4.08313 0.138637
4.08628 0.138682
4.08944 0.138722
4.09259 0.138757
4.09574 0.138662
4.09889 0.138579
4.10204 0.138632
4.1052 0.138678
4.10835 0.138718
4.1115 0.138753
4.11465 0.138784
4.1178 0.138686
4.12096 0.1386
4.12411 0.13865
4.12726 0.138694
4.13041 0.138732
4.13356 0.138766
4.13672 0.13867
4.13987 0.138586
4.14302 0.138638
4.14617 0.138683
4.14932 0.138723
4.15248 0.138757
4.15563 0.139163
4.15878 0.139517
4.16193 0.139703
4.16508 0.13999
4.16824 0.140241
4.17139 0.140461
4.17454 0.140653
4.17769 0.140822
4.18084 0.140844
4.184 0.140864
4.18715 0.141006
4.1903 0.14113
4.19345 0.141239
4.1966 0.141334
4.19976 0.141417
4.20291 0.141365
4.20606 0.141444
4.20921 0.141514
4.21236 0.141575
4.21552 0.141628
4.21867 0.141674
4.22182 0.141715
4.22497 0.141626
4.22812 0.141672
4.23128 0.141713
4.23443 0.141749
4.23758 0.141781
4.24073 0.141808
4.24388 0.141707
4.24704 0.141744
4.25019 0.141776
4.25334 0.141804
4.25649 0.141828
4.25964 0.14185
4.2628 0.141868
4.26595 0.14176
4.2691 0.14179
4.27225 0.141816
4.2754 0.141839
4.27856 0.141859
4.28171 0.141877
4.28486 0.141767
4.28801 0.141796
4.29116 0.141822
4.29432 0.141844
4.29747 0.141864
4.30062 0.141881
4.30377 0.141896
4.30692 0.141784
4.31008 0.141811
4.31323 0.141834
4.31638 0.141855
4.31953 0.141873
4.32268 0.141889
4.32584 0.141903
4.32899 0.14179
4.33214 0.141816
4.33529 0.141839
4.33844 0.141859
4.3416 0.141877
4.34475 0.141892
4.3479 0.141781
4.35105 0.141808
4.3542 0.141832
4.35736 0.141853
4.36051 0.141871
4.36366 0.141888
4.36681 0.141902
4.36996 0.141789
4.37312 0.141815
4.37627 0.141838
4.37942 0.141859
4.38257 0.141876
4.38572 0.141892
4.38888 0.14178
4.39203 0.141808
4.39518 0.141832
4.39833 0.141853
4.40148 0.141871
4.40464 0.141887
4.40779 0.141901
4.41094 0.141789
4.41409 0.141815
4.41724 0.141838
4.4204 0.141858
4.42355 0.141876
4.4267 0.141892
4.42985 0.14178
4.433 0.142183
4.43616 0.142535
4.43931 0.142843
4.44246 0.143113
4.44561 0.143349
4.44876 0.143555
4.45192 0.143736
4.45507 0.143894
4.45822 0.144032
4.46137 0.144153
4.46452 0.144259
4.46768 0.144351
4.47083 0.144433
4.47398 0.144503
4.47713 0.144566
4.48028 0.14462
4.48344 0.144667
4.48659 0.144709
4.48974 0.144745
4.49289 0.144777
4.49604 0.144805
4.4992 0.144829
4.50235 0.144851
4.5055 0.144869
4.50865 0.144886
4.5118 0.1449
4.51496 0.144912
4.51811 0.144923
4.52126 0.144933
4.52441 0.144941
4.52756 0.144949
4.53072 0.144955
4.53387 0.144961
4.53702 0.144966
4.54017 0.14497
4.54332 0.144974
4.54648 0.144977
4.54963 0.14498
4.55278 0.144982
4.55593 0.144985
4.55908 0.144987
4.56224 0.144988
4.56539 0.14499
4.56854 0.144991
4.57169 0.144992
4.57484 0.144993
4.578 0.144869
4.58115 0.144885
4.5843 0.1449
4.58745 0.144912
4.5906 0.144923
4.59376 0.144933
4.59691 0.144941
4.60006 0.144949
4.60321 0.144955
4.60636 0.144961
4.60952 0.144966
4.61267 0.14497
4.61582 0.144974
4.61897 0.144977
4.62212 0.14498
4.62528 0.144982
4.62843 0.144985
4.63158 0.144986
4.63473 0.144988
4.63788 0.14499
4.64104 0.144991
4.64419 0.144992
4.64734 0.144993
4.65049 0.144994
4.65364 0.144995
4.6568 0.144995
4.65995 0.144996
4.6631 0.144996
4.66625 0.144997
4.6694 0.144997
4.67256 0.144998
4.67571 0.144998
4.67886 0.144998
4.68201 0.144998
4.68516 0.144999
4.68832 0.144999
4.69147 0.144999
4.69462 0.144999
4.69777 0.144999
4.70092 0.144999
4.70408 0.144999
4.70723 0.144999
4.71038 0.145
4.71353 0.145
4.71668 0.145
4.71984 0.145
4.72299 0.145375
4.72614 0.145828
4.72929 0.146099
4.73244 0.146337
4.7356 0.146545
4.73875 0.146727
4.7419 0.146886
4.74505 0.14715
4.7482 0.147256
4.75136 0.147349
4.75451 0.147431
4.75766 0.147502
4.76081 0.147564
4.76396 0.147619
4.76712 0.147791
4.77027 0.147817
4.77342 0.14784
4.77657 0.14786
4.77972 0.147878
4.78288 0.147893
4.78603 0.148031
4.78918 0.148027
4.79233 0.148024
4.79548 0.148021
4.79864 0.148018
4.80179 0.148016
4.80494 0.148014
4.80809 0.148137
4.81124 0.14812
4.8144 0.148105
4.81755 0.148092
4.8207 0.14808
4.82385 0.14807
4.827 0.148187
4.83016 0.148163
4.83331 0.148143
4.83646 0.148125
4.83961 0.148109
4.84276 0.148096
4.84592 0.148084
4.84907 0.148198
4.85222 0.148173
4.85537 0.148152
4.85852 0.148133
4.86168 0.148116
4.86483 0.148102
4.86798 0.148089
4.87113 0.148203
4.87428 0.148178
4.87744 0.148155
4.88059 0.148136
4.88374 0.148119
4.88689 0.148104
4.89004 0.148216
4.8932 0.148189
4.89635 0.148165
4.8995 0.148145
4.90265 0.148127
4.9058 0.148111
4.90896 0.148097
4.91211 0.14821
4.91526 0.148184
4.91841 0.148161
4.92156 0.148141
4.92472 0.148123
4.92787 0.148108
4.93102 0.148219
4.93417 0.148192
4.93732 0.148168
4.94048 0.148147
4.94363 0.148128
4.94678 0.148112
4.94993 0.148098
4.95308 0.148211
4.95624 0.148185
4.95939 0.148162
4.96254 0.148141
4.96569 0.148124
4.96884 0.148108
4.972 0.148095
4.97515 0.148083
4.9783 0.148073
4.98145 0.148063
4.9846 0.148056
4.98776 0.148049
4.99091 0.148043
4.99406 0.148162
4.99721 0.148142
5.00036 0.148124
5.00352 0.148109
5.00667 0.148095
5.00982 0.148083
5.01297 0.148073
5.01612 0.148189
5.01928 0.148165
5.02243 0.148519
5.02558 0.14883
5.02873 0.149101
5.03188 0.149338
5.03504 0.149671
5.03819 0.149962
5.04134 0.150092
5.04449 0.150205
5.04764 0.150305
5.0508 0.150392
5.05395 0.150468
5.0571 0.150659
5.06025 0.150827
5.0634 0.150848
5.06656 0.150867
5.06971 0.150884
5.07286 0.150898
5.07601 0.151036
5.07916 0.151157
5.08232 0.151137
5.08547 0.15112
5.08862 0.151105
5.09177 0.151092
5.09492 0.15108
5.09808 0.151195
5.10123 0.151296
5.10438 0.151259
5.10753 0.151227
5.11068 0.151198
5.11384 0.151173
5.11699 0.151152
5.12014 0.151258
5.12329 0.151351
5.12644 0.151307
5.1296 0.151268
5.13275 0.151235
5.1359 0.151205
5.13905 0.151305
5.1422 0.151392
5.14536 0.151343
5.14851 0.1513
5.15166 0.151262
5.15481 0.15123
5.15796 0.151201
5.16112 0.151301
5.16427 0.151388
5.16742 0.15134
5.17057 0.151297
5.17372 0.15126
5.17688 0.151228
5.18003 0.151324
5.18318 0.151409
5.18633 0.151358
5.18948 0.151313
5.19264 0.151274
5.19579 0.15124
5.19894 0.15121
5.20209 0.151308
5.20524 0.151395
5.2084 0.151345
5.21155 0.151302
5.2147 0.151265
5.21785 0.151231
5.221 0.151328
5.22416 0.151412
5.22731 0.15136
5.23046 0.151315
5.23361 0.151276
5.23676 0.151241
5.23992 0.151211
5.24307 0.15131
5.24622 0.151396
5.24937 0.151346
5.25252 0.151303
5.25568 0.151265
5.25883 0.151232
5.26198 0.151203
5.26513 0.151303
5.26828 0.15139
5.27144 0.151341
5.27459 0.151299
5.27774 0.151261
5.28089 0.151229
5.28404 0.151325
5.2872 0.151409
5.29035 0.151358
5.2935 0.151313
5.29665 0.151274
5.2998 0.15124
5.30296 0.15121
5.30611 0.151309
5.30926 0.151395
5.31241 0.151346
5.31556 0.151303
5.31872 0.151265
5.32187 0.151232
5.32502 0.151703
5.32817 0.152115
5.33132 0.152475
5.33448 0.152666
5.33763 0.152833
5.34078 0.152979
5.34393 0.153106
5.34708 0.153343
5.35024 0.15355
5.35339 0.153731
5.35654 0.153765
5.35969 0.153794
5.36284 0.15382
5.366 0.153843
5.36915 0.153987
5.3723 0.154114
5.37545 0.1541
5.3786 0.154087
5.38176 0.154076
5.38491 0.154067
5.38806 0.154183
5.39121 0.154285
5.39436 0.154375
5.39752 0.154328
5.40067 0.154287
5.40382 0.154251
5.40697 0.15422
5.41012 0.154317
5.41328 0.154403
5.41643 0.154477
5.41958 0.154418
5.42273 0.154365
5.42588 0.15432
5.42904 0.154405
5.43219 0.154479
5.43534 0.154544
5.43849 0.154476
5.44164 0.154417
5.4448 0.154365
5.44795 0.154319
5.4511 0.154404
5.45425 0.154479
5.4574 0.154544
5.46056 0.154476
5.46371 0.154416
5.46686 0.154364
5.47001 0.154444
5.47316 0.154513
5.47632 0.154574
5.47947 0.154502
5.48262 0.15444
5.48577 0.154385
5.48892 0.154337
5.49208 0.154419
5.49523 0.154492
5.49838 0.154556
5.50153 0.154486
5.50468 0.154425
5.50784 0.154372
5.51099 0.154326
5.51414 0.15441
5.51729 0.154484
5.52044 0.154548
5.5236 0.15448
5.52675 0.15442
5.5299 0.154367
5.53305 0.154446
5.5362 0.154516
5.53936 0.154576
5.54251 0.154504
5.54566 0.154441
5.54881 0.154386
5.55196 0.154338
5.55512 0.15442
5.55827 0.154493
5.56142 0.154556
5.56457 0.154487
5.56772 0.154426
5.57088 0.154373
5.57403 0.154451
5.57718 0.15452
5.58033 0.15458
5.58348 0.154507
5.58664 0.154444
5.58979 0.154388
5.59294 0.15434
5.59609 0.154422
5.59924 0.154495
5.6024 0.154558
5.60555 0.154488
5.6087 0.154427
5.61185 0.154374
5.615 0.154452
5.61816 0.15452
5.62131 0.15458
5.62446 0.154508
5.62761 0.154444
5.63076 0.154389
5.63392 0.15434
5.63707 0.154798
5.64022 0.155198
5.64337 0.155548
5.64652 0.155855
5.64968 0.155998
5.65283 0.156123
5.65598 0.156233
5.65913 0.156454
5.66228 0.156647
5.66544 0.156816
5.66859 0.156964
5.67174 0.156969
5.67489 0.156972
5.67804 0.157101
5.6812 0.157213
5.68435 0.157312
5.6875 0.157398
5.69065 0.157348
5.6938 0.157304
5.69696 0.157266
5.70011 0.157358
5.70326 0.157438
5.70641 0.157509
5.70956 0.15757
5.71272 0.157499
5.71587 0.157436
5.71902 0.157507
5.72217 0.157568
5.72532 0.157622
5.72848 0.15767
5.73163 0.157586
5.73478 0.157513
5.73793 0.157449
5.74108 0.157518
5.74424 0.157578
5.74739 0.157631
5.75054 0.157677
5.75369 0.157592
5.75684 0.157518
5.76 0.157453
5.76315 0.157522
5.7663 0.157581
5.76945 0.157634
5.7726 0.157555
5.77576 0.157485
5.77891 0.157425
5.78206 0.157497
5.78521 0.157559
5.78836 0.157615
5.79152 0.157663
5.79467 0.15758
5.79782 0.157507
5.80097 0.157444
5.80412 0.157513
5.80728 0.157574
5.81043 0.157627
5.81358 0.157674
5.81673 0.15759
5.81988 0.157516
5.82304 0.157577
5.82619 0.157629
5.82934 0.157676
5.83249 0.157716
5.83564 0.157627
5.8388 0.157548
5.84195 0.15748
5.8451 0.157545
5.84825 0.157602
5.8514 0.157652
5.85456 0.157695
5.85771 0.157608
5.86086 0.157532
5.86401 0.157591
5.86716 0.157642
5.87032 0.157687
5.87347 0.157726
5.87662 0.157635
5.87977 0.157556
5.88292 0.157486
5.88608 0.15755
5.88923 0.157607
5.89238 0.157656
5.89553 0.157699
5.89868 0.157611
5.90184 0.157535
5.90499 0.157468
5.90814 0.157535
5.91129 0.157593
5.91444 0.157644
5.9176 0.157688
5.92075 0.157602
5.9239 0.157527
5.92705 0.157586
5.9302 0.157638
5.93336 0.157683
5.93651 0.157723
5.93966 0.157632
5.94281 0.157553
5.94596 0.157484
5.94912 0.157549
5.95227 0.15798
5.95542 0.158358
5.95857 0.158688
5.96172 0.158977
5.96488 0.159105
5.96803 0.159342
5.97118 0.159549
5.97433 0.15973
5.97748 0.159889
5.98064 0.160028
5.98379 0.160024
5.98694 0.160021
5.99009 0.160144
5.99324 0.160251
5.9964 0.160344
5.99955 0.160426
6.0027 0.160498
6.00585 0.160436
6.009 0.160506
6.01216 0.160568
6.01531 0.160622
6.01846 0.160669
6.02161 0.160711
6.02476 0.160622
6.02792 0.160544
6.03107 0.160601
6.03422 0.160651
6.03737 0.160695
6.04052 0.160733
6.04368 0.160766
6.04683 0.16067
6.04998 0.160587
6.05313 0.160638
6.05628 0.160683
6.05944 0.160723
6.06259 0.160758
6.06574 0.160788
6.06889 0.160689
6.07204 0.160728
6.0752 0.160762
6.07835 0.160792
6.0815 0.160818
6.08465 0.160841
6.0878 0.160736
6.09096 0.160644
6.09411 0.160688
6.09726 0.160727
6.10041 0.160761
6.10356 0.160791
6.10672 0.160817
6.10987 0.160715
6.11302 0.160751
6.11617 0.160782
6.11932 0.160809
6.12248 0.160833
6.12563 0.160854
6.12878 0.160747
6.13193 0.160654
6.13508 0.160697
6.13824 0.160735
6.14139 0.160768
6.14454 0.160797
6.14769 0.160822
6.15084 0.16072
6.154 0.16063
6.15715 0.160676
6.1603 0.160716
6.16345 0.160752
6.1666 0.160783
6.16976 0.160685
6.17291 0.160599
6.17606 0.160649
6.17921 0.160693
6.18236 0.160732
6.18552 0.160765
6.18867 0.160795
6.19182 0.160695
6.19497 0.160608
6.19812 0.160657
6.20128 0.1607
6.20443 0.160738
6.20758 0.16077
6.21073 0.160799
6.21388 0.160699
6.21704 0.160737
6.22019 0.16077
6.22334 0.160798
6.22649 0.160824
6.22964 0.160846
6.2328 0.16074
6.23595 0.160648
6.2391 0.160692
6.24225 0.16073
6.2454 0.160764
6.24856 0.160793
6.25171 0.160819
6.25486 0.160717
6.25801 0.160752
6.26116 0.160783
6.26432 0.16081
6.26747 0.160834
6.27062 0.160855
6.27377 0.160748
6.27692 0.160654
6.28008 0.161073
6.28323 0.161439
6.28638 0.161759
6.28953 0.162039
6.29268 0.162284
6.29584 0.162499
6.29899 0.162561
6.30214 0.162741
6.30529 0.162898
6.30844 0.163036
6.3116 0.163157
6.31475 0.163262
6.3179 0.163354
6.32105 0.163435
6.3242 0.163506
6.32736 0.163567
6.33051 0.163621
6.33366 0.163669
6.33681 0.16371
6.33996 0.163621
6.34312 0.163669
6.34627 0.16371
6.34942 0.163746
6.35257 0.163778
6.35572 0.163806
6.35888 0.16383
6.36203 0.163851
6.36518 0.16387
6.36833 0.163886
6.37148 0.1639
6.37464 0.163913
6.37779 0.163924
6.38094 0.163808
6.38409 0.163832
6.38724 0.163853
6.3904 0.163872
6.39355 0.163888
6.3967 0.163902
6.39985 0.163914
6.403 0.163925
6.40616 0.163934
6.40931 0.163942
6.41246 0.16395
6.41561 0.163956
6.41876 0.163961
6.42192 0.163841
6.42507 0.163861
6.42822 0.163878
6.43137 0.163894
6.43452 0.163907
6.43767 0.163919
6.44083 0.163929
6.44398 0.163813
6.44713 0.163836
6.45028 0.163857
6.45343 0.163874
6.45659 0.16389
6.45974 0.163904
6.46289 0.163916
6.46604 0.163926
6.46919 0.163936
6.47235 0.163944
6.4755 0.163951
6.47865 0.163957
6.4818 0.163962
6.48495 0.163842
6.48811 0.163862
6.49126 0.163879
6.49441 0.163894
6.49756 0.163907
6.50071 0.163919
6.50387 0.163929
6.50702 0.163938
6.51017 0.163946
6.51332 0.163952
6.51647 0.163958
6.51963 0.163964
6.52278 0.163968
6.52593 0.163847
6.52908 0.163866
6.53223 0.163883
6.53539 0.163898
6.53854 0.16391
6.54169 0.163922
6.54484 0.163931
6.54799 0.163815
6.55115 0.163838
6.5543 0.163858
6.55745 0.163876
6.5606 0.163892
6.56375 0.163905
6.56691 0.163792
6.57006 0.163818
6.57321 0.163841
6.57636 0.163861
6.57951 0.163878
6.58267 0.163893
6.58582 0.163907
6.58897 0.163793
6.59212 0.163819
6.59527 0.163842
6.59843 0.163862
6.60158 0.163879
6.60473 0.163894
6.60788 0.163907
6.61103 0.163919
6.61419 0.163929
6.61734 0.163938
6.62049 0.163946
6.62364 0.163952
6.62679 0.163958
6.62995 0.163839
6.6331 0.163859
6.63625 0.163876
6.6394 0.163892
6.64255 0.163905
6.64571 0.163917
6.64886 0.163928
6.65201 0.163937
6.65516 0.163945
6.65831 0.163951
6.66147 0.163958
6.66462 0.163963
6.66777 0.163967
6.67092 0.163847
6.67407 0.163866
6.67723 0.163883
6.68038 0.163897
6.68353 0.16391
6.68668 0.163921
6.68983 0.163931
6.69299 0.163815
6.69614 0.163838
6.69929 0.163858
6.70244 0.163876
6.70559 0.163891
6.70875 0.163905
6.7119 0.163917
6.71505 0.163927
6.7182 0.163936
6.72135 0.163944
6.72451 0.163951
6.72766 0.163957
6.73081 0.163963
6.73396 0.163842
6.73711 0.163862
6.74027 0.163879
6.74342 0.163894
6.74657 0.163908
6.74972 0.163919
6.75287 0.163929
6.75603 0.163938
6.75918 0.163946
6.76233 0.163953
6.76548 0.163959
6.76863 0.163964
6.77179 0.163968
6.77494 0.163847
6.77809 0.163866
6.78124 0.163883
6.78439 0.163898
6.78755 0.16391
6.7907 0.163922
6.79385 0.163931
6.797 0.16394
6.80015 0.163947
6.80331 0.163954
6.80646 0.16396
6.80961 0.163965
6.81276 0.163969
6.81591 0.163848
6.81907 0.163867
6.82222 0.163884
6.82537 0.163898
6.82852 0.163911
6.83167 0.163922
6.83483 0.163932
6.83798 0.163815
6.84113 0.163838
6.84428 0.163859
6.84743 0.163876
6.85059 0.163892
6.85374 0.163905
6.85689 0.163917
6.86004 0.163927
6.86319 0.163937
6.86635 0.163944
6.8695 0.163951
6.87265 0.163957
6.8758 0.163963
6.87895 0.163842
6.88211 0.163862
6.88526 0.163879
6.88841 0.163894
6.89156 0.163908
6.89471 0.163919
6.89787 0.163929
6.90102 0.163938
6.90417 0.163946
6.90732 0.163953
6.91047 0.163959
6.91363 0.163964
6.91678 0.163968
6.91993 0.163847
6.92308 0.163866
6.92623 0.163883
6.92939 0.163898
6.93254 0.16391
6.93569 0.164297
6.93884 0.164635
6.94199 0.16493
6.94515 0.165189
6.9483 0.165415
6.95145 0.165613
6.9546 0.165787
6.95775 0.165938
6.96091 0.166071
6.96406 0.166187
6.96721 0.166289
6.97036 0.166378
6.97351 0.166455
6.97667 0.166524
6.97982 0.166583
6.98297 0.166635
6.98612 0.166681
6.98927 0.166721
6.99243 0.166756
6.99558 0.166786
6.99873 0.166813
7.00188 0.166836
7.00503 0.166982
7.00819 0.166984
7.01134 0.166986
7.01449 0.166988
7.01764 0.166989
7.02079 0.166991
7.02395 0.166992
7.0271 0.166993
7.03025 0.166994
7.0334 0.166995
7.03655 0.166995
7.03971 0.166996
7.04286 0.166996
7.04601 0.167122
7.04916 0.167107
7.05231 0.167093
7.05547 0.167082
7.05862 0.167071
7.06177 0.167062
7.06492 0.167055
7.06807 0.167048
7.07123 0.167042
7.07438 0.167037
7.07753 0.167032
7.08068 0.167028
7.08383 0.167025
7.08699 0.167021
7.09014 0.167019
7.09329 0.167016
7.09644 0.167014
7.09959 0.167013
7.10275 0.167011
7.1059 0.16701
7.10905 0.167133
7.1122 0.167117
7.11535 0.167102
7.11851 0.167089
7.12166 0.167078
7.12481 0.167068
7.12796 0.16706
7.13111 0.167052
7.13427 0.167046
7.13742 0.16704
7.14057 0.167035
7.14372 0.167031
7.14687 0.167027
7.15003 0.167149
7.15318 0.16713
7.15633 0.167114
7.15948 0.167099
7.16263 0.167087
7.16579 0.167076
7.16894 0.167067
7.17209 0.167058
7.17524 0.167051
7.17839 0.167045
7.18155 0.167039
7.1847 0.167034
7.18785 0.16703
7.191 0.167151
7.19415 0.167132
7.19731 0.167116
7.20046 0.167101
7.20361 0.167089
7.20676 0.167078
7.20991 0.167068
7.21307 0.167059
7.21622 0.167052
7.21937 0.167045
7.22252 0.16704
7.22567 0.167035
7.22883 0.16703
7.23198 0.167027
7.23513 0.167023
7.23828 0.16702
7.24143 0.167018
7.24459 0.167016
7.24774 0.167014
7.25089 0.167012
7.25404 0.167135
7.25719 0.167119
7.26035 0.167104
7.2635 0.167091
7.26665 0.167079
7.2698 0.167069
7.27295 0.167061
7.27611 0.167053
7.27926 0.167047
7.28241 0.167041
7.28556 0.167036
7.28871 0.167031
7.29187 0.167027
7.29502 0.167149
7.29817 0.16713
7.30132 0.167114
7.30447 0.1671
7.30763 0.167087
7.31078 0.167076
7.31393 0.167067
7.31708 0.167058
7.32023 0.167051
7.32339 0.167045
7.32654 0.167039
7.32969 0.167034
7.33284 0.16703
7.33599 0.167026
7.33915 0.167023
7.3423 0.16702
7.34545 0.167018
7.3486 0.167015
7.35175 0.167013
7.35491 0.167012
7.35806 0.16701
7.36121 0.167009
7.36436 0.167008
7.36751 0.167007
7.37067 0.167006
7.37382 0.167005
7.37697 0.167005
7.38012 0.167004
7.38327 0.167004
7.38643 0.167003
7.38958 0.167003
7.39273 0.167002
7.39588 0.167002
7.39903 0.167127
7.40219 0.167111
7.40534 0.167097
7.40849 0.167085
7.41164 0.167074
7.41479 0.167065
7.41795 0.167057
7.4211 0.16705
7.42425 0.167044
7.4274 0.167038
7.43055 0.167033
7.43371 0.167029
7.43686 0.167026
7.44001 0.167147
7.44316 0.167129
7.44631 0.167113
7.44947 0.167099
7.45262 0.167086
7.45577 0.167076
7.45892 0.167066
7.46207 0.167058
7.46523 0.167051
7.46838 0.167044
7.47153 0.167039
7.47468 0.167034
7.47783 0.16703
7.48099 0.167026
7.48414 0.167023
7.48729 0.16702
7.49044 0.167017
7.49359 0.167015
7.49675 0.167013
7.4999 0.167012
7.50305 0.167135
7.5062 0.167118
7.50935 0.167104
7.51251 0.167091
7.51566 0.167079
7.51881 0.167069
7.52196 0.167061
7.52511 0.167053
7.52827 0.167046
7.53142 0.167041
7.53457 0.167036
7.53772 0.167031
7.54087 0.167027
7.54403 0.167149
7.54718 0.16713
7.55033 0.167114
7.55348 0.1671
7.55663 0.167087
7.55979 0.167076
7.56294 0.167067
7.56609 0.167058
7.56924 0.167051
7.57239 0.167045
7.57555 0.167039
7.5787 0.167034
7.58185 0.16703
7.585 0.167151
7.58815 0.167132
7.59131 0.167116
7.59446 0.167101
7.59761 0.167089
7.60076 0.167078
7.60391 0.167443
7.60707 0.167888
7.61022 0.168152
7.61337 0.168383
7.61652 0.168585
7.61967 0.168762
7.62283 0.168916
7.62598 0.169052
7.62913 0.169295
7.63228 0.169384
7.63543 0.169461
7.63859 0.169528
7.64174 0.169587
7.64489 0.169639
7.64804 0.169809
7.65119 0.169958
7.65435 0.169963
7.6575 0.169968
7.66065 0.169972
7.6638 0.169975
7.66695 0.169978
7.67011 0.170106
7.67326 0.170093
7.67641 0.170081
7.67956 0.170071
7.68271 0.170062
7.68587 0.170054
7.68902 0.170173
7.69217 0.170276
7.69532 0.170242
7.69847 0.170211
7.70163 0.170185
7.70478 0.170162
7.70793 0.170142
7.71108 0.170249
7.71423 0.170218
7.71739 0.170191
7.72054 0.170167
7.72369 0.170146
7.72684 0.170128
7.72999 0.170112
7.73315 0.170223
7.7363 0.170195
7.73945 0.170171
7.7426 0.170149
7.74575 0.170131
7.74891 0.170114
7.75206 0.170225
7.75521 0.170197
7.75836 0.170172
7.76151 0.170151
7.76467 0.170132
7.76782 0.170115
7.77097 0.170101
7.77412 0.170213
7.77727 0.170187
7.78043 0.170163
7.78358 0.170143
7.78673 0.170125
7.78988 0.170109
7.79303 0.170221
7.79619 0.170318
7.79934 0.170278
7.80249 0.170244
7.80564 0.170213
7.80879 0.170186
7.81195 0.170163
7.8151 0.170268
7.81825 0.170234
7.8214 0.170205
7.82455 0.170179
7.82771 0.170157
7.83086 0.170137
7.83401 0.170245
7.83716 0.17034
7.84031 0.170297
7.84347 0.17026
7.84662 0.170227
7.84977 0.170199
7.85292 0.170174
7.85607 0.170277
7.85923 0.170243
7.86238 0.170212
7.86553 0.170186
7.86868 0.170163
7.87183 0.170142
7.87499 0.170124
7.87814 0.170234
7.88129 0.170205
7.88444 0.170179
7.88759 0.170157
7.89075 0.170137
7.8939 0.17012
7.89705 0.17023
7.9002 0.170326
7.90335 0.170285
7.90651 0.17025
7.90966 0.170219
7.91281 0.170191
7.91596 0.170167
7.91911 0.170271
7.92227 0.170237
7.92542 0.170208
7.92857 0.170182
7.93172 0.170159
7.93487 0.170139
7.93803 0.170247
7.94118 0.170341
7.94433 0.170298
7.94748 0.170261
7.95063 0.170228
7.95379 0.1702
7.95694 0.170175
7.96009 0.170278
7.96324 0.170243
7.96639 0.170213
7.96955 0.170186
7.9727 0.170163
7.97585 0.170143
7.979 0.17025
7.98215 0.170344
7.98531 0.170301
7.98846 0.170263
7.99161 0.17023
7.99476 0.170201
7.99791 0.170176
8.00107 0.170279
8.00422 0.170244
8.00737 0.170214
8.01052 0.170187
8.01367 0.170164
8.01683 0.170143
8.01998 0.170125
8.02313 0.170235
8.02628 0.170205
8.02943 0.17018
8.03259 0.170157
8.03574 0.170138
8.03889 0.17012
8.04204 0.17023
8.04519 0.170327
8.04835 0.170286
8.0515 0.17025
8.05465 0.170219
8.0578 0.170191
8.06095 0.170167
8.06411 0.170272
8.06726 0.170238
8.07041 0.170208
8.07356 0.170182
8.07671 0.170159
8.07987 0.170139
8.08302 0.170247
8.08617 0.170341
8.08932 0.170298
8.09247 0.170261
8.09563 0.170228
8.09878 0.1702
8.10193 0.170175
8.10508 0.170278
8.10823 0.170243
8.11139 0.170213
8.11454 0.170186
8.11769 0.170163
8.12084 0.170143
8.12399 0.170125
8.12715 0.170234
8.1303 0.170205
8.13345 0.170179
8.1366 0.170157
8.13975 0.170137
8.14291 0.17012
8.14606 0.17023
8.14921 0.170201
8.15236 0.170176
8.15551 0.170154
8.15867 0.170135
8.16182 0.170118
8.16497 0.170103
8.16812 0.170215
8.17127 0.170188
8.17443 0.170165
8.17758 0.170144
8.18073 0.170126
8.18388 0.17011
8.18703 0.170222
8.19019 0.170319
8.19334 0.170279
8.19649 0.170244
8.19964 0.170214
8.20279 0.170187
8.20595 0.170164
8.2091 0.170268
8.21225 0.170235
8.2154 0.170205
8.21855 0.17018
8.22171 0.170157
8.22486 0.170138
8.22801 0.170245
8.23116 0.17034
8.23431 0.170297
8.23747 0.17026
8.24062 0.170228
8.24377 0.170199
8.24692 0.170174
8.25007 0.170277
8.25323 0.170243
8.25638 0.170212
8.25953 0.170186
8.26268 0.170163
8.26583 0.170142
8.26899 0.170125
8.27214 0.170234
8.27529 0.170205
8.27844 0.170179
8.28159 0.170157
8.28475 0.170512
8.2879 0.170823
8.29105 0.17122
8.2942 0.171568
8.29735 0.171872
8.30051 0.172013
8.30366 0.172136
8.30681 0.172244
8.30996 0.172339
8.31311 0.172546
8.31627 0.172728
8.31942 0.172762
8.32257 0.172792
8.32572 0.172818
8.32887 0.172841
8.33203 0.172985
8.33518 0.173112
8.33833 0.173223
8.34148 0.173195
8.34463 0.173171
8.34779 0.17315
8.35094 0.173131
8.35409 0.17324
8.35724 0.173335
8.36039 0.173293
8.36355 0.173256
8.3667 0.173224
8.36985 0.173196
8.373 0.173297
8.37615 0.173385
8.37931 0.173461
8.38246 0.173404
8.38561 0.173353
8.38876 0.173309
8.39191 0.17327
8.39507 0.173362
8.39822 0.173441
8.40137 0.173386
8.40452 0.173338
8.40767 0.173296
8.41083 0.173259
8.41398 0.173226
8.41713 0.173323
8.42028 0.173408
8.42343 0.173357
8.42659 0.173312
8.42974 0.173273
8.43289 0.173239
8.43604 0.173334
8.43919 0.173417
8.44235 0.17349
8.4455 0.173429
8.44865 0.173375
8.4518 0.173328
8.45495 0.173287
8.45811 0.173376
8.46126 0.173454
8.46441 0.173398
8.46756 0.173348
8.47071 0.173304
8.47387 0.173266
8.47702 0.173358
8.48017 0.173438
8.48332 0.173509
8.48647 0.173445
8.48963 0.173389
8.49278 0.173341
8.49593 0.173298
8.49908 0.173386
8.50223 0.173463
8.50539 0.173405
8.50854 0.173354
8.51169 0.17331
8.51484 0.173271
8.51799 0.173237
8.52115 0.173333
8.5243 0.173416
8.52745 0.173364
8.5306 0.173319
8.53375 0.173279
8.53691 0.173244
8.54006 0.173338
8.54321 0.173421
8.54636 0.173368
8.54951 0.173322
8.55267 0.173282
8.55582 0.173247
8.55897 0.173216
8.56212 0.173314
8.56527 0.1734
8.56843 0.17335
8.57158 0.173306
8.57473 0.173268
8.57788 0.173234
8.58103 0.17333
8.58419 0.173414
8.58734 0.173487
8.59049 0.173426
8.59364 0.173373
8.59679 0.173326
8.59995 0.173285
8.6031 0.173375
8.60625 0.173453
8.6094 0.173396
8.61255 0.173347
8.61571 0.173303
8.61886 0.173266
8.62201 0.173357
8.62516 0.173438
8.62831 0.173508
8.63147 0.173444
8.63462 0.173389
8.63777 0.17334
8.64092 0.173298
8.64407 0.173386
8.64723 0.173462
8.65038 0.173405
8.65353 0.173354
8.65668 0.17331
8.65983 0.173271
8.66299 0.173237
8.66614 0.173332
8.66929 0.173416
8.67244 0.173364
8.67559 0.173318
8.67875 0.173279
8.6819 0.173244
8.68505 0.173338
8.6882 0.173421
8.69135 0.173493
8.69451 0.173432
8.69766 0.173378
8.70081 0.173331
8.70396 0.173289
8.70711 0.173378
8.71027 0.173456
8.71342 0.173399
8.71657 0.173349
8.71972 0.173305
8.72287 0.173267
8.72603 0.173359
8.72918 0.173439
8.73233 0.173509
8.73548 0.173445
8.73863 0.17339
8.74179 0.173341
8.74494 0.173298
8.74809 0.173386
8.75124 0.173463
8.75439 0.173405
8.75755 0.173354
8.7607 0.17331
8.76385 0.173271
8.767 0.173362
8.77015 0.173442
8.77331 0.173512
8.77646 0.173448
8.77961 0.173392
8.78276 0.173343
8.78591 0.1733
8.78907 0.173388
8.79222 0.173464
8.79537 0.173406
8.79852 0.173355
8.80167 0.173311
8.80483 0.173272
8.80798 0.173238
8.81113 0.173333
8.81428 0.173417
8.81743 0.173365
8.82059 0.173319
8.82374 0.173279
8.82689 0.173244
8.83004 0.173339
8.83319 0.173421
8.83635 0.173494
8.8395 0.173432
8.84265 0.173378
8.8458 0.173331
8.84895 0.173289
8.85211 0.173378
8.85526 0.173456
8.85841 0.173399
8.86156 0.173349
8.86471 0.173305
8.86787 0.173267
8.87102 0.173359
8.87417 0.173439
8.87732 0.173509
8.88047 0.173445
8.88363 0.17339
8.88678 0.173341
8.88993 0.173298
8.89308 0.173386
8.89623 0.173463
8.89939 0.173405
8.90254 0.173354
8.90569 0.17331
8.90884 0.173271
8.91199 0.173237
8.91515 0.173333
8.9183 0.173416
8.92145 0.173364
8.9246 0.173319
8.92775 0.173279
8.93091 0.173244
8.93406 0.173338
8.93721 0.173421
8.94036 0.173368
8.94351 0.173322
8.94667 0.173282
8.94982 0.173247
8.95297 0.173216
8.95612 0.173314
8.95927 0.1734
8.96243 0.17335
8.96558 0.173306
8.96873 0.173268
8.97188 0.173234
8.97503 0.17333
8.97819 0.173789
8.98134 0.17419
8.98449 0.174541
8.98764 0.174724
8.99079 0.174883
8.99395 0.175023
8.9971 0.17527
9.00025 0.175486
9.0034 0.175675
9.00655 0.175716
9.00971 0.175752
9.01286 0.175783
9.01601 0.175935
9.01916 0.176068
9.02231 0.176184
9.02547 0.176286
9.02862 0.176251
9.03177 0.176219
9.03492 0.176192
9.03807 0.176293
9.04123 0.176381
9.04438 0.176459
9.04753 0.176401
9.05068 0.176351
9.05383 0.176307
9.05699 0.176269
9.06014 0.17636
9.06329 0.17644
9.06644 0.17651
9.06959 0.176446
9.07275 0.176391
9.0759 0.176342
9.07905 0.176424
9.0822 0.176496
9.08535 0.176559
9.08851 0.176614
9.09166 0.176537
9.09481 0.17647
9.09796 0.176411
9.10111 0.176485
9.10427 0.176549
9.10742 0.176606
9.11057 0.17653
9.11372 0.176464
9.11687 0.176406
9.12003 0.17648
9.12318 0.176545
9.12633 0.176602
9.12948 0.176652
9.13263 0.17657
9.13579 0.176499
9.13894 0.176437
9.14209 0.176507
9.14524 0.176569
9.14839 0.176623
9.15155 0.176545
9.1547 0.176477
9.15785 0.176417
9.161 0.17649
9.16415 0.176554
9.16731 0.176609
9.17046 0.176658
9.17361 0.176576
9.17676 0.176504
9.17991 0.176441
9.18307 0.176511
9.18622 0.176572
9.18937 0.176626
9.19252 0.176547
9.19567 0.176479
9.19883 0.176419
9.20198 0.176367
9.20513 0.176446
9.20828 0.176515
9.21143 0.176576
9.21459 0.176504
9.21774 0.176441
9.22089 0.176386
9.22404 0.176462
9.22719 0.17653
9.23035 0.176588
9.2335 0.17664
9.23665 0.17656
9.2398 0.17649
9.24295 0.176429
9.24611 0.1765
9.24926 0.176563
9.25241 0.176617
9.25556 0.17654
9.25871 0.176473
9.26187 0.176414
9.26502 0.176487
9.26817 0.176551
9.27132 0.176607
9.27447 0.176656
9.27763 0.176574
9.28078 0.176502
9.28393 0.17644
9.28708 0.17651
9.29023 0.176571
9.29339 0.176625
9.29654 0.176547
9.29969 0.176478
9.30284 0.176418
9.30599 0.176366
9.30915 0.176445
9.3123 0.176515
9.31545 0.176575
9.3186 0.176503
9.32175 0.17644
9.32491 0.176385
9.32806 0.176462
9.33121 0.176529
9.33436 0.176588
9.33751 0.176515
9.34067 0.17645
9.34382 0.176394
9.34697 0.176345
9.35012 0.176427
9.35327 0.176498
9.35643 0.176561
9.35958 0.176491
9.36273 0.17643
9.36588 0.176376
9.36903 0.176454
9.37219 0.176522
9.37534 0.176582
9.37849 0.176634
9.38164 0.176555
9.38479 0.176486
9.38795 0.176425
9.3911 0.176497
9.39425 0.17656
9.3974 0.176615
9.40055 0.176538
9.40371 0.176471
9.40686 0.176412
9.41001 0.176485
9.41316 0.17655
9.41631 0.176606
9.41947 0.176655
9.42262 0.176573
9.42577 0.176502
9.42892 0.176439
9.43207 0.176509
9.43523 0.17657
9.43838 0.176624
9.44153 0.176546
9.44468 0.176478
9.44783 0.176418
9.45099 0.176366
9.45414 0.176445
9.45729 0.176514
9.46044 0.176575
9.46359 0.176503
9.46675 0.17644
9.4699 0.176385
9.47305 0.176462
9.4762 0.176529
9.47935 0.176588
9.48251 0.17664
9.48566 0.17656
9.48881 0.17649
9.49196 0.176429
9.49511 0.1765
9.49827 0.176562
9.50142 0.176617
9.50457 0.17654
9.50772 0.176473
9.51087 0.176413
9.51403 0.176487
9.51718 0.176551
9.52033 0.176607
9.52348 0.176656
9.52663 0.176574
9.52979 0.176502
9.53294 0.17644
9.53609 0.17651
9.53924 0.176571
9.54239 0.176625
9.54555 0.176546
9.5487 0.176478
9.55185 0.176418
9.555 0.176491
9.55815 0.176555
9.56131 0.17661
9.56446 0.176659
9.56761 0.176577
9.57076 0.176505
9.57391 0.176442
9.57706 0.176511
9.58022 0.176572
9.58337 0.176626
9.58652 0.176548
9.58967 0.176479
9.59282 0.176419
9.59598 0.176367
9.59913 0.176446
9.60228 0.176515
9.60543 0.176576
9.60858 0.176504
9.61174 0.176441
9.61489 0.176386
9.61804 0.176463
9.62119 0.17653
9.62434 0.176589
9.6275 0.17664
9.63065 0.17656
9.6338 0.17649
9.63695 0.176429
9.6401 0.1765
9.64326 0.176563
9.64641 0.176617
9.64956 0.17654
9.65271 0.176473
9.65586 0.176414
9.65902 0.176487
9.66217 0.176551
9.66532 0.176607
9.66847 0.176656
9.67162 0.176574
9.67478 0.176502
9.67793 0.17644
9.68108 0.17651
9.68423 0.176946
9.68738 0.177328
9.69054 0.177662
9.69369 0.177829
9.69684 0.177975
9.69999 0.178103
9.70314 0.178341
9.7063 0.178548
9.70945 0.178729
9.7126 0.178888
9.71575 0.178902
9.7189 0.178914
9.72206 0.17905
9.72521 0.179169
9.72836 0.179273
9.73151 0.179364
9.73466 0.179318
9.73782 0.179278
9.74097 0.179244
9.74412 0.179338
9.74727 0.179421
9.75042 0.179493
9.75358 0.179557
9.75673 0.179487
9.75988 0.179426
9.76303 0.179498
9.76618 0.179561
9.76934 0.179616
9.77249 0.179664
9.77564 0.179706
9.77879 0.179617
9.78194 0.17954
9.7851 0.179598
9.78825 0.179648
9.7914 0.179692
9.79455 0.179731
9.7977 0.179639
9.80086 0.179559
9.80401 0.179614
9.80716 0.179663
9.81031 0.179705
9.81346 0.179742
9.81662 0.179774
9.81977 0.179677
9.82292 0.179593
9.82607 0.179643
9.82922 0.179688
9.83238 0.179727
9.83553 0.179761
9.83868 0.179666
9.84183 0.179583
9.84498 0.17951
9.84814 0.179571
9.85129 0.179625
9.85444 0.179672
9.85759 0.179713
9.86074 0.179624
9.8639 0.179546
9.86705 0.179602
9.8702 0.179652
9.87335 0.179696
9.8765 0.179734
9.87966 0.179767
9.88281 0.179671
9.88596 0.179587
9.88911 0.179639
9.89226 0.179684
9.89542 0.179723
9.89857 0.179758
9.90172 0.179663
9.90487 0.17958
9.90802 0.179633
9.91118 0.179679
9.91433 0.179719
9.91748 0.179754
9.92063 0.179785
9.92378 0.179687
9.92694 0.179601
9.93009 0.179651
9.93324 0.179694
9.93639 0.179733
9.93954 0.179766
9.9427 0.17967
9.94585 0.179586
9.949 0.179638
9.95215 0.179683
9.9553 0.179723
9.95846 0.179758
9.96161 0.179788
9.96476 0.179689
9.96791 0.179603
9.97106 0.179653
9.97422 0.179696
9.97737 0.179734
9.98052 0.179767
9.98367 0.179671
9.98682 0.179588
9.98998 0.179514
9.99313 0.179575
9.99628 0.179628
9.99943 0.179674
10.0026 0.179715
10.0057 0.179626
10.0089 0.179548
10.012 0.179604
10.0152 0.179654
10.0183 0.179697
10.0215 0.179735
10.0246 0.179768
10.0278 0.179672
10.031 0.179588
10.0341 0.179639
10.0373 0.179685
10.0404 0.179724
10.0436 0.179758
10.0467 0.179664
10.0499 0.179581
10.053 0.179633
10.0562 0.179679
10.0593 0.179719
10.0625 0.179754
10.0656 0.179785
10.0688 0.179687
10.0719 0.179601
10.0751 0.179651
10.0782 0.179694
10.0814 0.179733
10.0845 0.179766
10.0877 0.17967
10.0908 0.179587
10.094 0.179513
10.0971 0.179574
10.1003 0.179627
10.1034 0.179674
10.1066 0.179715
10.1098 0.179625
10.1129 0.179547
10.1161 0.179604
10.1192 0.179653
10.1224 0.179697
10.1255 0.179735
10.1287 0.179643
10.1318 0.179562
10.135 0.179492
10.1381 0.179556
10.1413 0.179611
10.1444 0.17966
10.1476 0.179702
10.1507 0.179614
10.1539 0.179538
10.157 0.179595
10.1602 0.179646
10.1633 0.17969
10.1665 0.179729
10.1696 0.179763
10.1728 0.179668
10.1759 0.179584
10.1791 0.179636
10.1822 0.179682
10.1854 0.179721
10.1886 0.179756
10.1917 0.179662
10.1949 0.179579
10.198 0.179632
10.2012 0.179678
10.2043 0.179718
10.2075 0.179753
10.2106 0.179784
10.2138 0.179686
10.2169 0.1796
10.2201 0.17965
10.2232 0.179694
10.2264 0.179732
10.2295 0.179766
10.2327 0.17967
10.2358 0.179586
10.239 0.179513
10.2421 0.179574
10.2453 0.179627
10.2484 0.179674
10.2516 0.179714
10.2547 0.179625
10.2579 0.179547
10.261 0.179604
10.2642 0.179653
10.2674 0.179697
10.2705 0.179734
10.2737 0.179768
10.2768 0.179672
10.28 0.179588
10.2831 0.179639
10.2863 0.179684
10.2894 0.179724
10.2926 0.179758
10.2957 0.179664
10.2989 0.179581
10.302 0.179633
10.3052 0.179679
10.3083 0.179719
10.3115 0.179754
10.3146 0.179785
10.3178 0.179687
10.3209 0.179601
10.3241 0.179651
10.3272 0.179694
10.3304 0.179733
10.3335 0.179766
10.3367 0.17967
10.3398 0.179587
10.343 0.179638
10.3462 0.179683
10.3493 0.179723
10.3525 0.179758
10.3556 0.179788
10.3588 0.179689
10.3619 0.179603
10.3651 0.179653
10.3682 0.179696
10.3714 0.179734
10.3745 0.179767
10.3777 0.179672
10.3808 0.179588
10.384 0.179514
10.3871 0.179575
10.3903 0.179628
10.3934 0.179674
10.3966 0.179715
10.3997 0.179626
10.4029 0.179923
10.406 0.180307
10.4092 0.180644
10.4123 0.180938
10.4155 0.181196
10.4186 0.181422
10.4218 0.181619
10.425 0.181667
10.4281 0.181833
10.4313 0.181979
10.4344 0.182107
10.4376 0.182218
10.4407 0.182316
10.4439 0.182277
10.447 0.182367
10.4502 0.182446
10.4533 0.182515
10.4565 0.182576
10.4596 0.182629
10.4628 0.182675
10.4659 0.182591
10.4691 0.182642
10.4722 0.182687
10.4754 0.182726
10.4785 0.18276
10.4817 0.18279
10.4848 0.182691
10.488 0.182605
10.4911 0.182654
10.4943 0.182698
10.4974 0.182735
10.5006 0.182768
10.5038 0.182797
10.5069 0.182698
10.5101 0.182735
10.5132 0.182769
10.5164 0.182797
10.5195 0.182823
10.5227 0.182845
10.5258 0.182739
10.529 0.182647
10.5321 0.182691
10.5353 0.18273
10.5384 0.182763
10.5416 0.182793
10.5447 0.182819
10.5479 0.182717
10.551 0.182752
10.5542 0.182783
10.5573 0.18281
10.5605 0.182834
10.5636 0.182855
10.5668 0.182873
10.5699 0.182764
10.5731 0.182793
10.5762 0.182819
10.5794 0.182842
10.5826 0.182861
10.5857 0.182879
10.5889 0.182769
10.592 0.182798
10.5952 0.182823
10.5983 0.182845
10.6015 0.182865
10.6046 0.182881
10.6078 0.182896
10.6109 0.182784
10.6141 0.182811
10.6172 0.182835
10.6204 0.182855
10.6235 0.182874
10.6267 0.182889
10.6298 0.182778
10.633 0.182681
10.6361 0.182721
10.6393 0.182756
10.6424 0.182786
10.6456 0.182813
10.6487 0.182836
10.6519 0.182732
10.655 0.182765
10.6582 0.182795
10.6614 0.18282
10.6645 0.182843
10.6677 0.182862
10.6708 0.18288
10.674 0.18277
10.6771 0.182798
10.6803 0.182824
10.6834 0.182846
10.6866 0.182865
10.6897 0.182882
10.6929 0.182772
10.696 0.1828
10.6992 0.182825
10.7023 0.182847
10.7055 0.182866
10.7086 0.182883
10.7118 0.182898
10.7149 0.182785
10.7181 0.182812
10.7212 0.182836
10.7244 0.182856
10.7275 0.182874
10.7307 0.18289
10.7338 0.182779
10.737 0.182806
10.7402 0.182831
10.7433 0.182852
10.7465 0.18287
10.7496 0.182886
10.7528 0.182901
10.7559 0.182788
10.7591 0.182815
10.7622 0.182838
10.7654 0.182858
10.7685 0.182876
10.7717 0.182891
10.7748 0.18278
10.778 0.182682
10.7811 0.182722
10.7843 0.182757
10.7874 0.182787
10.7906 0.182814
10.7937 0.182837
10.7969 0.182732
10.8 0.182766
10.8032 0.182795
10.8063 0.182821
10.8095 0.182843
10.8126 0.182863
10.8158 0.18288
10.819 0.18277
10.8221 0.182799
10.8253 0.182824
10.8284 0.182846
10.8316 0.182865
10.8347 0.182882
10.8379 0.182772
10.841 0.1828
10.8442 0.182825
10.8473 0.182847
10.8505 0.182866
10.8536 0.182883
10.8568 0.182898
10.8599 0.182785
10.8631 0.182812
10.8662 0.182836
10.8694 0.182856
10.8725 0.182874
10.8757 0.18289
10.8788 0.182779
10.882 0.182681
10.8851 0.182721
10.8883 0.182756
10.8914 0.182787
10.8946 0.182813
10.8978 0.182837
10.9009 0.182732
10.9041 0.182765
10.9072 0.182795
10.9104 0.18282
10.9135 0.182843
10.9167 0.182863
10.9198 0.182755
10.923 0.18266
10.9261 0.182703
10.9293 0.18274
10.9324 0.182772
10.9356 0.182801
10.9387 0.182826
10.9419 0.182723
10.945 0.182757
10.9482 0.182788
10.9513 0.182814
10.9545 0.182837
10.9576 0.182858
10.9608 0.182875
10.9639 0.182766
10.9671 0.182795
10.9702 0.182821
10.9734 0.182843
10.9766 0.182863
10.9797 0.18288
10.9829 0.18277
10.986 0.182799
10.9892 0.182824
10.9923 0.182846
10.9955 0.182865
10.9986 0.182882
11.0018 0.182897
11.0049 0.182785
11.0081 0.182812
11.0112 0.182835
11.0144 0.182856
11.0175 0.182874
11.0207 0.18289
11.0238 0.182778
11.027 0.182681
11.0301 0.182721
11.0333 0.182756
11.0364 0.182786
11.0396 0.182813
11.0427 0.182836
11.0459 0.182732
11.049 0.182765
11.0522 0.182795
11.0554 0.18282
11.0585 0.182843
11.0617 0.182862
11.0648 0.18288
11.068 0.18277
11.0711 0.182798
11.0743 0.182824
11.0774 0.182846
11.0806 0.182865
11.0837 0.182882
11.0869 0.182772
11.09 0.1828
11.0932 0.182825
11.0963 0.182847
11.0995 0.182866
11.1026 0.182883
11.1058 0.182898
11.1089 0.182785
11.1121 0.182812
11.1152 0.182836
11.1184 0.182856
11.1215 0.182874
11.1247 0.18289
11.1278 0.182779
11.131 0.182806
11.1342 0.183206
11.1373 0.183555
11.1405 0.18386
11.1436 0.184128
11.1468 0.184362
11.1499 0.184567
11.1531 0.184746
11.1562 0.184903
11.1594 0.18504
11.1625 0.18516
11.1657 0.185265
11.1688 0.185357
11.172 0.185312
11.1751 0.185398
11.1783 0.185473
11.1814 0.185539
11.1846 0.185597
11.1877 0.185647
11.1909 0.185691
11.194 0.18573
11.1972 0.185764
11.2003 0.185793
11.2035 0.185819
11.2066 0.185842
11.2098 0.185861
11.213 0.185879
11.2161 0.185894
11.2193 0.185907
11.2224 0.185919
11.2256 0.185929
11.2287 0.185938
11.2319 0.185946
11.235 0.185952
11.2382 0.185958
11.2413 0.185964
11.2445 0.185968
11.2476 0.185972
11.2508 0.185976
11.2539 0.185979
11.2571 0.185981
11.2602 0.185984
11.2634 0.185986
11.2665 0.185987
11.2697 0.185989
11.2728 0.18599
11.276 0.185867
11.2791 0.185883
11.2823 0.185898
11.2854 0.185911
11.2886 0.185922
11.2918 0.185932
11.2949 0.18594
11.2981 0.185948
11.3012 0.185954
11.3044 0.18596
11.3075 0.185965
11.3107 0.185969
11.3138 0.185973
11.317 0.185851
11.3201 0.18587
11.3233 0.185886
11.3264 0.185901
11.3296 0.185913
11.3327 0.185924
11.3359 0.185933
11.339 0.185942
11.3422 0.185949
11.3453 0.185955
11.3485 0.185961
11.3516 0.185966
11.3548 0.18597
11.3579 0.185974
11.3611 0.185977
11.3642 0.18598
11.3674 0.185982
11.3706 0.185985
11.3737 0.185987
11.3769 0.185988
11.38 0.18599
11.3832 0.185991
11.3863 0.185992
11.3895 0.185993
11.3926 0.185994
11.3958 0.185995
11.3989 0.185995
11.4021 0.185996
11.4052 0.185996
11.4084 0.185997
11.4115 0.185997
11.4147 0.185998
11.4178 0.185998
11.421 0.185873
11.4241 0.185889
11.4273 0.185903
11.4304 0.185915
11.4336 0.185926
11.4367 0.185935
11.4399 0.185943
11.443 0.18595
11.4462 0.185956
11.4494 0.185962
11.4525 0.185967
11.4557 0.185971
11.4588 0.185974
11.462 0.185978
11.4651 0.18598
11.4683 0.185983
11.4714 0.185985
11.4746 0.185987
11.4777 0.185989
11.4809 0.18599
11.484 0.185991
11.4872 0.185992
11.4903 0.185993
11.4935 0.185994
11.4966 0.185995
11.4998 0.185995
11.5029 0.185996
11.5061 0.185997
11.5092 0.185997
11.5124 0.185997
11.5155 0.185998
11.5187 0.185998
11.5218 0.185998
11.525 0.185873
11.5282 0.185889
11.5313 0.185903
11.5345 0.185915
11.5376 0.185926
11.5408 0.185935
11.5439 0.185943
11.5471 0.18595
11.5502 0.185957
11.5534 0.185962
11.5565 0.185967
11.5597 0.185971
11.5628 0.185975
11.566 0.185853
11.5691 0.185871
11.5723 0.185887
11.5754 0.185901
11.5786 0.185914
11.5817 0.185924
11.5849 0.185934
11.588 0.185942
11.5912 0.185949
11.5943 0.185956
11.5975 0.185961
11.6006 0.185966
11.6038 0.18597
11.607 0.185974
11.6101 0.185977
11.6133 0.18598
11.6164 0.185983
11.6196 0.185985
11.6227 0.185987
11.6259 0.185988
11.629 0.18599
11.6322 0.185991
11.6353 0.185992
11.6385 0.185993
11.6416 0.185994
11.6448 0.185995
11.6479 0.185995
11.6511 0.185996
11.6542 0.185996
11.6574 0.185997
11.6605 0.185997
11.6637 0.185998
11.6668 0.185998
11.67 0.185873
11.6731 0.185889
11.6763 0.185903
11.6794 0.185915
11.6826 0.185926
11.6858 0.185935
11.6889 0.185943
11.6921 0.18595
11.6952 0.185956
11.6984 0.185962
11.7015 0.185967
11.7047 0.185971
11.7078 0.185974
11.711 0.185978
11.7141 0.18598
11.7173 0.185983
11.7204 0.185985
11.7236 0.185987
11.7267 0.185989
11.7299 0.18599
11.733 0.185991
11.7362 0.185992
11.7393 0.185993
11.7425 0.185994
11.7456 0.185995
11.7488 0.185995
11.7519 0.185996
11.7551 0.185997
11.7582 0.185997
11.7614 0.185997
11.7646 0.185998
11.7677 0.185998
11.7709 0.185998
11.774 0.185998
11.7772 0.185999
11.7803 0.185999
11.7835 0.185999
11.7866 0.185999
11.7898 0.185999
11.7929 0.185999
11.7961 0.185999
11.7992 0.185999
11.8024 0.186
11.8055 0.186
11.8087 0.186
11.8118 0.186
11.815 0.185875
11.8181 0.18589
11.8213 0.185904
11.8244 0.185916
11.8276 0.185927
11.8307 0.185936
11.8339 0.185944
11.837 0.185951
11.8402 0.185957
11.8434 0.185962
11.8465 0.185967
11.8497 0.185971
11.8528 0.185975
11.856 0.185978
11.8591 0.185981
11.8623 0.185983
11.8654 0.185985
11.8686 0.185987
11.8717 0.185989
11.8749 0.18599
11.878 0.186491
11.8812 0.186805
11.8843 0.187079
11.8875 0.187319
11.8906 0.187529
11.8938 0.187713
11.8969 0.187874
11.9001 0.18814
11.9032 0.188247
11.9064 0.188341
11.9095 0.188424
11.9127 0.188496
11.9158 0.188559
11.919 0.188614
11.9222 0.188662
11.9253 0.188704
11.9285 0.188741
11.9316 0.188774
11.9348 0.188802
11.9379 0.188827
11.9411 0.188973
11.9442 0.188977
11.9474 0.18898
11.9505 0.188982
11.9537 0.188984
11.9568 0.188986
11.96 0.188988
11.9631 0.18899
11.9663 0.188991
11.9694 0.188992
11.9726 0.188993
11.9757 0.188994
11.9789 0.188995
11.982 0.18912
11.9852 0.189105
11.9883 0.189092
11.9915 0.189081
11.9946 0.189071
11.9978 0.189062
12.001 0.189054
12.0041 0.189172
12.0073 0.189151
12.0104 0.189132
12.0136 0.189115
12.0167 0.189101
12.0199 0.189088
12.023 0.189202
12.0262 0.189177
12.0293 0.189155
12.0325 0.189136
12.0356 0.189119
12.0388 0.189104
12.0419 0.189091
12.0451 0.189204
12.0482 0.189179
12.0514 0.189157
12.0545 0.189137
12.0577 0.18912
12.0608 0.189105
12.064 0.189092
12.0671 0.18908
12.0703 0.18907
12.0734 0.189061
12.0766 0.189054
12.0798 0.189047
12.0829 0.189041
12.0861 0.189161
12.0892 0.189141
12.0924 0.189123
12.0955 0.189108
12.0987 0.189094
12.1018 0.189083
12.105 0.189072
12.1081 0.189188
12.1113 0.189165
12.1144 0.189144
12.1176 0.189126
12.1207 0.18911
12.1239 0.189097
12.127 0.189209
12.1302 0.189183
12.1333 0.18916
12.1365 0.18914
12.1396 0.189123
12.1428 0.189107
12.1459 0.189094
12.1491 0.189207
12.1522 0.189181
12.1554 0.189159
12.1586 0.189139
12.1617 0.189121
12.1649 0.189106
12.168 0.189218
12.1712 0.189191
12.1743 0.189167
12.1775 0.189146
12.1806 0.189128
12.1838 0.189112
12.1869 0.189098
12.1901 0.189211
12.1932 0.189184
12.1964 0.189161
12.1995 0.189141
12.2027 0.189123
12.2058 0.189108
12.209 0.189095
12.2121 0.189083
12.2153 0.189072
12.2184 0.189063
12.2216 0.189055
12.2247 0.189048
12.2279 0.189042
12.231 0.189162
12.2342 0.189142
12.2374 0.189124
12.2405 0.189109
12.2437 0.189095
12.2468 0.189083
12.25 0.189073
12.2531 0.189189
12.2563 0.189165
12.2594 0.189144
12.2626 0.189126
12.2657 0.189111
12.2689 0.189097
12.272 0.18921
12.2752 0.189183
12.2783 0.189161
12.2815 0.18914
12.2846 0.189123
12.2878 0.189108
12.2909 0.189094
12.2941 0.189207
12.2972 0.189181
12.3004 0.189159
12.3035 0.189139
12.3067 0.189122
12.3098 0.189106
12.313 0.189093
12.3162 0.189081
12.3193 0.189071
12.3225 0.189062
12.3256 0.189055
12.3288 0.189048
12.3319 0.189042
12.3351 0.189162
12.3382 0.189141
12.3414 0.189124
12.3445 0.189108
12.3477 0.189095
12.3508 0.189083
12.354 0.189072
12.3571 0.189063
12.3603 0.189056
12.3634 0.189049
12.3666 0.189042
12.3697 0.189037
12.3729 0.189033
12.376 0.189153
12.3792 0.189134
12.3823 0.189117
12.3855 0.189103
12.3886 0.18909
12.3918 0.189079
12.395 0.189069
12.3981 0.189185
12.4013 0.189162
12.4044 0.189142
12.4076 0.189124
12.4107 0.189109
12.4139 0.189095
12.417 0.189208
12.4202 0.189182
12.4233 0.189159
12.4265 0.189139
12.4296 0.189122
12.4328 0.189107
12.4359 0.189093
12.4391 0.189207
12.4422 0.189181
12.4454 0.189158
12.4485 0.189138
12.4517 0.189121
12.4548 0.189106
12.458 0.189093
12.4611 0.189081
12.4643 0.189071
12.4674 0.189062
12.4706 0.189054
12.4738 0.189048
12.4769 0.189042
12.4801 0.189161
12.4832 0.189141
12.4864 0.189124
12.4895 0.189108
12.4927 0.189095
12.4958 0.189083
12.499 0.189072
12.5021 0.189188
12.5053 0.189165
12.5084 0.189144
12.5116 0.189126
12.5147 0.18911
12.5179 0.189097
12.521 0.18921
12.5242 0.189183
12.5273 0.18916
12.5305 0.18914
12.5336 0.189123
12.5368 0.189107
12.5399 0.189094
12.5431 0.189207
12.5462 0.189181
12.5494 0.189159
12.5526 0.189139
12.5557 0.189122
12.5589 0.189106
12.562 0.189218
12.5652 0.189191
12.5683 0.189167
12.5715 0.189146
12.5746 0.189128
12.5778 0.189112
12.5809 0.189098
12.5841 0.189211
12.5872 0.189184
12.5904 0.189161
12.5935 0.189141
12.5967 0.189123
12.5998 0.189108
12.603 0.189095
12.6061 0.189083
12.6093 0.189072
12.6124 0.189063
12.6156 0.189055
12.6187 0.189048
12.6219 0.189042
12.625 0.189162
12.6282 0.189142
12.6314 0.189124
12.6345 0.189484
12.6377 0.189798
12.6408 0.190073
12.644 0.190314
12.6471 0.19065
12.6503 0.190944
12.6534 0.191076
12.6566 0.191191
12.6597 0.191292
12.6629 0.191381
12.666 0.191583
12.6692 0.19176
12.6723 0.19179
12.6755 0.191816
12.6786 0.191839
12.6818 0.191859
12.6849 0.191877
12.6881 0.192017
12.6912 0.19214
12.6944 0.192123
12.6975 0.192107
12.7007 0.192094
12.7038 0.192082
12.707 0.192072
12.7102 0.192188
12.7133 0.192164
12.7165 0.192144
12.7196 0.192126
12.7228 0.19211
12.7259 0.192096
12.7291 0.192209
12.7322 0.192308
12.7354 0.19227
12.7385 0.192236
12.7417 0.192206
12.7448 0.192181
12.748 0.192158
12.7511 0.192263
12.7543 0.19223
12.7574 0.192202
12.7606 0.192176
12.7637 0.192154
12.7669 0.192135
12.77 0.192243
12.7732 0.192338
12.7763 0.192296
12.7795 0.192259
12.7826 0.192226
12.7858 0.192198
12.789 0.192173
12.7921 0.192277
12.7953 0.192367
12.7984 0.192321
12.8016 0.192281
12.8047 0.192246
12.8079 0.192215
12.811 0.192313
12.8142 0.192399
12.8173 0.192349
12.8205 0.192306
12.8236 0.192267
12.8268 0.192234
12.8299 0.192205
12.8331 0.192304
12.8362 0.192391
12.8394 0.192342
12.8425 0.192299
12.8457 0.192262
12.8488 0.192229
12.852 0.192201
12.8551 0.192301
12.8583 0.192263
12.8614 0.19223
12.8646 0.192201
12.8678 0.192176
12.8709 0.192154
12.8741 0.19226
12.8772 0.192352
12.8804 0.192308
12.8835 0.19227
12.8867 0.192236
12.8898 0.192207
12.893 0.192181
12.8961 0.192283
12.8993 0.192373
12.9024 0.192326
12.9056 0.192285
12.9087 0.19225
12.9119 0.192218
12.915 0.192316
12.9182 0.192402
12.9213 0.192351
12.9245 0.192308
12.9276 0.192269
12.9308 0.192235
12.9339 0.192206
12.9371 0.192305
12.9402 0.192392
12.9434 0.192343
12.9466 0.1923
12.9497 0.192263
12.9529 0.19223
12.956 0.192326
12.9592 0.19241
12.9623 0.192359
12.9655 0.192314
12.9686 0.192275
12.9718 0.192241
12.9749 0.19221
12.9781 0.192309
12.9812 0.192396
12.9844 0.192346
12.9875 0.192303
12.9907 0.192265
12.9938 0.192232
12.997 0.192203
13.0001 0.192303
13.0033 0.192265
13.0064 0.192232
13.0096 0.192203
13.0127 0.192177
13.0159 0.192155
13.019 0.192261
13.0222 0.192353
13.0254 0.192309
13.0285 0.19227
13.0317 0.192237
13.0348 0.192207
13.038 0.192181
13.0411 0.192283
13.0443 0.192373
13.0474 0.192326
13.0506 0.192286
13.0537 0.19225
13.0569 0.192219
13.06 0.192316
13.0632 0.192402
13.0663 0.192352
13.0695 0.192308
13.0726 0.192269
13.0758 0.192236
13.0789 0.192206
13.0821 0.192305
13.0852 0.192392
13.0884 0.192343
13.0915 0.1923
13.0947 0.192263
13.0978 0.19223
13.101 0.192201
13.1042 0.192301
13.1073 0.192263
13.1105 0.19223
13.1136 0.192202
13.1168 0.192176
13.1199 0.192154
13.1231 0.19226
13.1262 0.192353
13.1294 0.192309
13.1325 0.19227
13.1357 0.192236
13.1388 0.192207
13.142 0.192181
13.1451 0.192283
13.1483 0.192248
13.1514 0.192217
13.1546 0.19219
13.1577 0.192166
13.1609 0.192145
13.164 0.192252
13.1672 0.192346
13.1703 0.192302
13.1735 0.192265
13.1766 0.192232
13.1798 0.192203
13.183 0.192177
13.1861 0.19228
13.1893 0.19237
13.1924 0.192324
13.1956 0.192283
13.1987 0.192248
13.2019 0.192217
13.205 0.192315
13.2082 0.1924
13.2113 0.19235
13.2145 0.192307
13.2176 0.192268
13.2208 0.192235
13.2239 0.192205
13.2271 0.192305
13.2302 0.192392
13.2334 0.192343
13.2365 0.1923
13.2397 0.192262
13.2428 0.19223
13.246 0.192201
13.2491 0.192301
13.2523 0.192263
13.2554 0.19223
13.2586 0.192201
13.2618 0.192176
13.2649 0.192154
13.2681 0.19226
13.2712 0.192352
13.2744 0.192308
13.2775 0.19227
13.2807 0.192236
13.2838 0.192207
13.287 0.192181
13.2901 0.192283
13.2933 0.192373
13.2964 0.192326
13.2996 0.192285
13.3027 0.19225
13.3059 0.192219
13.309 0.192316
13.3122 0.192402
13.3153 0.192351
13.3185 0.192308
13.3216 0.192269
13.3248 0.192235
13.3279 0.192206
13.3311 0.192305
13.3342 0.192392
13.3374 0.192343
13.3406 0.1923
13.3437 0.192263
13.3469 0.19223
13.35 0.192326
13.3532 0.19241
13.3563 0.192359
13.3595 0.192314
13.3626 0.192275
13.3658 0.192241
13.3689 0.19221
13.3721 0.192309
13.3752 0.192396
13.3784 0.192346
13.3815 0.192303
13.3847 0.192265
13.3878 0.192232
13.391 0.192203
13.3941 0.192303
13.3973 0.192265
13.4004 0.192232
13.4036 0.192578
13.4067 0.19288
13.4099 0.193145
13.413 0.193502
13.4162 0.193814
13.4194 0.194088
13.4225 0.194202
13.4257 0.194301
13.4288 0.194389
13.432 0.194465
13.4351 0.194657
13.4383 0.194825
13.4414 0.194972
13.4446 0.194975
13.4477 0.194978
13.4509 0.194981
13.454 0.195108
13.4572 0.19522
13.4603 0.195317
13.4635 0.195278
13.4666 0.195243
13.4698 0.195213
13.4729 0.195186
13.4761 0.195288
13.4792 0.195377
13.4824 0.195455
13.4855 0.195398
13.4887 0.195348
13.4918 0.195305
13.495 0.195267
13.4982 0.195358
13.5013 0.195438
13.5045 0.195384
13.5076 0.195336
13.5108 0.195294
13.5139 0.195257
13.5171 0.19535
13.5202 0.195431
13.5234 0.195502
13.5265 0.195439
13.5297 0.195385
13.5328 0.195336
13.536 0.195294
13.5391 0.195383
13.5423 0.19546
13.5454 0.195402
13.5486 0.195352
13.5517 0.195308
13.5549 0.19527
13.558 0.195361
13.5612 0.195441
13.5643 0.195511
13.5675 0.195447
13.5706 0.195391
13.5738 0.195342
13.577 0.195299
13.5801 0.195387
13.5833 0.195464
13.5864 0.195531
13.5896 0.195464
13.5927 0.195406
13.5959 0.195355
13.599 0.195436
13.6022 0.195507
13.6053 0.195568
13.6085 0.195497
13.6116 0.195435
13.6148 0.195381
13.6179 0.195333
13.6211 0.195416
13.6242 0.195489
13.6274 0.195553
13.6305 0.195484
13.6337 0.195424
13.6368 0.195371
13.64 0.195324
13.6431 0.195409
13.6463 0.195483
13.6494 0.195422
13.6526 0.19537
13.6558 0.195323
13.6589 0.195283
13.6621 0.195373
13.6652 0.195451
13.6684 0.19552
13.6715 0.195455
13.6747 0.195398
13.6778 0.195348
13.681 0.195305
13.6841 0.195392
13.6873 0.195468
13.6904 0.195534
13.6936 0.195467
13.6967 0.195409
13.6999 0.195358
13.703 0.195438
13.7062 0.195508
13.7093 0.19557
13.7125 0.195499
13.7156 0.195436
13.7188 0.195382
13.7219 0.195334
13.7251 0.195417
13.7282 0.19549
13.7314 0.195554
13.7346 0.195485
13.7377 0.195424
13.7409 0.195371
13.744 0.19545
13.7472 0.195518
13.7503 0.195579
13.7535 0.195506
13.7566 0.195443
13.7598 0.195388
13.7629 0.195339
13.7661 0.195422
13.7692 0.195494
13.7724 0.195557
13.7755 0.195488
13.7787 0.195427
13.7818 0.195373
13.785 0.195327
13.7881 0.195411
13.7913 0.195484
13.7944 0.195424
13.7976 0.195371
13.8007 0.195325
13.8039 0.195284
13.807 0.195373
13.8102 0.195452
13.8134 0.19552
13.8165 0.195455
13.8197 0.195398
13.8228 0.195349
13.826 0.195305
13.8291 0.195392
13.8323 0.195468
13.8354 0.195534
13.8386 0.195468
13.8417 0.195409
13.8449 0.195358
13.848 0.195438
13.8512 0.195508
13.8543 0.19557
13.8575 0.195499
13.8606 0.195436
13.8638 0.195382
13.8669 0.195334
13.8701 0.195417
13.8732 0.19549
13.8764 0.195554
13.8795 0.195485
13.8827 0.195424
13.8858 0.195371
13.889 0.195325
13.8922 0.195409
13.8953 0.195483
13.8985 0.195423
13.9016 0.19537
13.9048 0.195324
13.9079 0.195283
13.9111 0.195373
13.9142 0.195451
13.9174 0.19552
13.9205 0.195455
13.9237 0.195398
13.9268 0.195348
13.93 0.195305
13.9331 0.195392
13.9363 0.195468
13.9394 0.195409
13.9426 0.195358
13.9457 0.195313
13.9489 0.195274
13.952 0.195365
13.9552 0.195444
13.9583 0.195514
13.9615 0.195449
13.9646 0.195393
13.9678 0.195344
13.971 0.195301
13.9741 0.195388
13.9773 0.195465
13.9804 0.195532
13.9836 0.195465
13.9867 0.195407
13.9899 0.195356
13.993 0.195437
13.9962 0.195507
13.9993 0.195569
14.0025 0.195498
14.0056 0.195435
14.0088 0.195381
14.0119 0.195333
14.0151 0.195417
14.0182 0.19549
14.0214 0.195553
14.0245 0.195484
14.0277 0.195424
14.0308 0.195371
14.034 0.195324
14.0371 0.195409
14.0403 0.195483
14.0434 0.195422
14.0466 0.19537
14.0498 0.195323
14.0529 0.195283
14.0561 0.195373
14.0592 0.195451
14.0624 0.19552
14.0655 0.195455
14.0687 0.195398
14.0718 0.195348
14.075 0.195305
14.0781 0.195392
14.0813 0.195468
14.0844 0.195534
14.0876 0.195467
14.0907 0.195409
14.0939 0.195358
14.097 0.195438
14.1002 0.195508
14.1033 0.19557
14.1065 0.195499
14.1096 0.195436
14.1128 0.195382
14.1159 0.195334
14.1191 0.195417
14.1222 0.19549
14.1254 0.195554
14.1286 0.195485
14.1317 0.195424
14.1349 0.195371
14.138 0.19545
14.1412 0.195518
14.1443 0.195579
14.1475 0.195506
14.1506 0.195443
14.1538 0.195388
14.1569 0.195339
14.1601 0.195422
14.1632 0.195494
14.1664 0.195557
14.1695 0.195488
14.1727 0.195427
14.1758 0.195373
14.179 0.195327
14.1821 0.195411
14.1853 0.195859
14.1884 0.196252
14.1916 0.196471
14.1947 0.196662
14.1979 0.196829
14.201 0.1971
14.2042 0.197338
14.2074 0.197546
14.2105 0.197727
14.2137 0.197761
14.2168 0.197791
14.22 0.197817
14.2231 0.197965
14.2263 0.198095
14.2294 0.198208
14.2326 0.198307
14.2357 0.198268
14.2389 0.198235
14.242 0.198331
14.2452 0.198414
14.2483 0.198487
14.2515 0.198551
14.2546 0.198483
14.2578 0.198422
14.2609 0.198369
14.2641 0.198448
14.2672 0.198517
14.2704 0.198578
14.2735 0.19863
14.2767 0.198552
14.2798 0.198483
14.283 0.198422
14.2862 0.198495
14.2893 0.198558
14.2925 0.198613
14.2956 0.198536
14.2988 0.198469
14.3019 0.198411
14.3051 0.198484
14.3082 0.198549
14.3114 0.198605
14.3145 0.198655
14.3177 0.198573
14.3208 0.198501
14.324 0.198438
14.3271 0.198509
14.3303 0.19857
14.3334 0.198624
14.3366 0.198546
14.3397 0.198478
14.3429 0.198418
14.346 0.198491
14.3492 0.198554
14.3523 0.19861
14.3555 0.198659
14.3586 0.198576
14.3618 0.198504
14.3649 0.198441
14.3681 0.198511
14.3713 0.198572
14.3744 0.198626
14.3776 0.198673
14.3807 0.198588
14.3839 0.198515
14.387 0.198576
14.3902 0.198629
14.3933 0.198675
14.3965 0.198716
14.3996 0.198626
14.4028 0.198548
14.4059 0.198479
14.4091 0.198544
14.4122 0.198601
14.4154 0.198651
14.4185 0.198695
14.4217 0.198608
14.4248 0.198532
14.428 0.198465
14.4311 0.198532
14.4343 0.198591
14.4374 0.198642
14.4406 0.198562
14.4437 0.198491
14.4469 0.19843
14.4501 0.198501
14.4532 0.198564
14.4564 0.198618
14.4595 0.198666
14.4627 0.198583
14.4658 0.19851
14.469 0.198446
14.4721 0.198515
14.4753 0.198576
14.4784 0.198629
14.4816 0.198675
14.4847 0.198591
14.4879 0.198517
14.491 0.198577
14.4942 0.19863
14.4973 0.198676
14.5005 0.198717
14.5036 0.198627
14.5068 0.198549
14.5099 0.19848
14.5131 0.198545
14.5162 0.198602
14.5194 0.198652
14.5225 0.198695
14.5257 0.198608
14.5289 0.198532
14.532 0.198591
14.5352 0.198642
14.5383 0.198687
14.5415 0.198726
14.5446 0.198635
14.5478 0.198556
14.5509 0.198486
14.5541 0.19855
14.5572 0.198607
14.5604 0.198656
14.5635 0.198699
14.5667 0.198612
14.5698 0.198535
14.573 0.198468
14.5761 0.198535
14.5793 0.198593
14.5824 0.198644
14.5856 0.198563
14.5887 0.198493
14.5919 0.198431
14.595 0.198502
14.5982 0.198565
14.6013 0.198619
14.6045 0.198667
14.6077 0.198583
14.6108 0.19851
14.614 0.198447
14.6171 0.198516
14.6203 0.198576
14.6234 0.198629
14.6266 0.198676
14.6297 0.198591
14.6329 0.198517
14.636 0.198578
14.6392 0.19863
14.6423 0.198677
14.6455 0.198717
14.6486 0.198627
14.6518 0.198549
14.6549 0.19848
14.6581 0.198545
14.6612 0.198602
14.6644 0.198652
14.6675 0.198695
14.6707 0.198608
14.6738 0.198532
14.677 0.198466
14.6801 0.198533
14.6833 0.198591
14.6865 0.198642
14.6896 0.198562
14.6928 0.198492
14.6959 0.19843
14.6991 0.198501
14.7022 0.198564
14.7054 0.198618
14.7085 0.198666
14.7117 0.198583
14.7148 0.19851
14.718 0.198446
14.7211 0.198515
14.7243 0.198576
14.7274 0.198629
14.7306 0.19855
14.7337 0.198482
14.7369 0.198421
14.74 0.198494
14.7432 0.198557
14.7463 0.198612
14.7495 0.198661
14.7526 0.198578
14.7558 0.198506
14.7589 0.198443
14.7621 0.198512
14.7653 0.198573
14.7684 0.198627
14.7716 0.198673
14.7747 0.198589
14.7779 0.198516
14.781 0.198576
14.7842 0.198629
14.7873 0.198675
14.7905 0.198716
14.7936 0.198626
14.7968 0.198548
14.7999 0.19848
14.8031 0.198545
14.8062 0.198602
14.8094 0.198651
14.8125 0.198695
14.8157 0.198608
14.8188 0.198532
14.822 0.198466
14.8251 0.198532
14.8283 0.198591
14.8314 0.198642
14.8346 0.198562
14.8377 0.198492
14.8409 0.19843
14.8441 0.198501
14.8472 0.198564
14.8504 0.198618
14.8535 0.198666
14.8567 0.198583
14.8598 0.19851
14.863 0.198446
14.8661 0.198515
14.8693 0.198576
14.8724 0.198629
14.8756 0.198675
14.8787 0.198591
14.8819 0.198517
14.885 0.198577
14.8882 0.19863
14.8913 0.198676
14.8945 0.198717
14.8976 0.198627
14.9008 0.198549
14.9039 0.19848
14.9071 0.198545
14.9102 0.198602
14.9134 0.198652
14.9165 0.198695
14.9197 0.198608
14.9229 0.198532
14.926 0.198591
14.9292 0.198642
14.9323 0.198687
14.9355 0.198726
14.9386 0.198635
14.9418 0.198556
14.9449 0.198486
14.9481 0.19855
14.9512 0.198607
14.9544 0.198656
14.9575 0.198699
14.9607 0.198612
14.9638 0.198535
14.967 0.198468
14.9701 0.198535
14.9733 0.198593
14.9764 0.198644
14.9796 0.199063
14.9827 0.199305
14.9859 0.199517
14.989 0.199828
14.9922 0.200099
14.9953 0.200337
14.9985 0.200545
15.0017 0.200727
15.0048 0.200761
15.008 0.200791
15.0111 0.200942
15.0143 0.201074
15.0174 0.20119
15.0206 0.201291
15.0237 0.20138
15.0269 0.201332
15.03 0.201416
15.0332 0.201489
15.0363 0.201553
15.0395 0.201609
15.0426 0.201657
15.0458 0.201575
15.0489 0.201503
15.0521 0.201565
15.0552 0.20162
15.0584 0.201667
15.0615 0.201709
15.0647 0.201745
15.0678 0.201652
15.071 0.201571
15.0741 0.201624
15.0773 0.201671
15.0805 0.201712
15.0836 0.201748
15.0868 0.201655
15.0899 0.201573
15.0931 0.201626
15.0962 0.201673
15.0994 0.201714
15.1025 0.20175
15.1057 0.201781
15.1088 0.201683
15.112 0.201598
15.1151 0.201648
15.1183 0.201692
15.1214 0.201731
15.1246 0.201764
15.1277 0.201669
15.1309 0.201585
15.134 0.201637
15.1372 0.201682
15.1403 0.201722
15.1435 0.201757
15.1466 0.201787
15.1498 0.201689
15.1529 0.201603
15.1561 0.201652
15.1593 0.201696
15.1624 0.201734
15.1656 0.201767
15.1687 0.201796
15.1719 0.201697
15.175 0.201735
15.1782 0.201768
15.1813 0.201797
15.1845 0.201822
15.1876 0.201844
15.1908 0.201739
15.1939 0.201647
15.1971 0.201691
15.2002 0.201729
15.2034 0.201763
15.2065 0.201793
15.2097 0.201819
15.2128 0.201716
15.216 0.201627
15.2191 0.201673
15.2223 0.201714
15.2254 0.20175
15.2286 0.201781
15.2317 0.201684
15.2349 0.201598
15.2381 0.201648
15.2412 0.201692
15.2444 0.201731
15.2475 0.201764
15.2507 0.201794
15.2538 0.201695
15.257 0.201608
15.2601 0.201657
15.2633 0.2017
15.2664 0.201737
15.2696 0.20177
15.2727 0.201799
15.2759 0.201699
15.279 0.201737
15.2822 0.20177
15.2853 0.201798
15.2885 0.201824
15.2916 0.201846
15.2948 0.20174
15.2979 0.201647
15.3011 0.201691
15.3042 0.20173
15.3074 0.201764
15.3105 0.201793
15.3137 0.201819
15.3169 0.201717
15.32 0.201752
15.3232 0.201783
15.3263 0.20181
15.3295 0.201834
15.3326 0.201855
15.3358 0.201748
15.3389 0.201654
15.3421 0.201698
15.3452 0.201735
15.3484 0.201768
15.3515 0.201797
15.3547 0.201823
15.3578 0.20172
15.361 0.20163
15.3641 0.201676
15.3673 0.201717
15.3704 0.201752
15.3736 0.201783
15.3767 0.201685
15.3799 0.2016
15.383 0.20165
15.3862 0.201693
15.3893 0.201732
15.3925 0.201765
15.3957 0.201795
15.3988 0.201695
15.402 0.201608
15.4051 0.201657
15.4083 0.2017
15.4114 0.201738
15.4146 0.20177
15.4177 0.201799
15.4209 0.201699
15.424 0.201737
15.4272 0.20177
15.4303 0.201799
15.4335 0.201824
15.4366 0.201846
15.4398 0.20174
15.4429 0.201648
15.4461 0.201692
15.4492 0.20173
15.4524 0.201764
15.4555 0.201793
15.4587 0.201819
15.4618 0.201717
15.465 0.201627
15.4681 0.201674
15.4713 0.201715
15.4745 0.20175
15.4776 0.201781
15.4808 0.201684
15.4839 0.201598
15.4871 0.201649
15.4902 0.201692
15.4934 0.201731
15.4965 0.201765
15.4997 0.201794
15.5028 0.201695
15.506 0.201608
15.5091 0.201657
15.5123 0.2017
15.5154 0.201737
15.5186 0.20177
15.5217 0.201674
15.5249 0.20159
15.528 0.201641
15.5312 0.201686
15.5343 0.201725
15.5375 0.201759
15.5406 0.20179
15.5438 0.201691
15.5469 0.201604
15.5501 0.201654
15.5533 0.201697
15.5564 0.201735
15.5596 0.201768
15.5627 0.201797
15.5659 0.201697
15.569 0.201735
15.5722 0.201768
15.5753 0.201797
15.5785 0.201823
15.5816 0.201845
15.5848 0.201739
15.5879 0.201647
15.5911 0.201691
15.5942 0.20173
15.5974 0.201763
15.6005 0.201793
15.6037 0.201819
15.6068 0.201716
15.61 0.201627
15.6131 0.201674
15.6163 0.201714
15.6194 0.20175
15.6226 0.201781
15.6257 0.201684
15.6289 0.201598
15.6321 0.201648
15.6352 0.201692
15.6384 0.201731
15.6415 0.201764
15.6447 0.201794
15.6478 0.201695
15.651 0.201608
15.6541 0.201657
15.6573 0.2017
15.6604 0.201737
15.6636 0.20177
15.6667 0.201799
15.6699 0.201699
15.673 0.201737
15.6762 0.20177
15.6793 0.201798
15.6825 0.201824
15.6856 0.201846
15.6888 0.20174
15.6919 0.201647
15.6951 0.201691
15.6982 0.20173
15.7014 0.201764
15.7045 0.201793
15.7077 0.201819
15.7109 0.201717
15.714 0.201752
15.7172 0.201783
15.7203 0.20181
15.7235 0.201834
15.7266 0.201855
15.7298 0.201748
15.7329 0.201654
15.7361 0.201698
15.7392 0.201735
15.7424 0.201768
15.7455 0.201797
15.7487 0.201823
15.7518 0.20172
15.755 0.20163
15.7581 0.201676
15.7613 0.201717
15.7644 0.201752
15.7676 0.201783
15.7707 0.201685
15.7739 0.2016
15.777 0.20165
15.7802 0.201693
15.7833 0.201732
15.7865 0.20214
15.7897 0.202498
15.7928 0.202811
15.796 0.202959
15.7991 0.203214
15.8023 0.203438
15.8054 0.203633
15.8086 0.203804
15.8117 0.203953
15.8149 0.204084
15.818 0.204199
15.8212 0.204299
15.8243 0.204386
15.8275 0.204463
15.8306 0.20453
15.8338 0.204589
15.8369 0.204515
15.8401 0.204576
15.8432 0.204629
15.8464 0.204675
15.8495 0.204716
15.8527 0.204751
15.8558 0.204782
15.859 0.204685
15.8621 0.204724
15.8653 0.204759
15.8685 0.204789
15.8716 0.204815
15.8748 0.204838
15.8779 0.204733
15.8811 0.204767
15.8842 0.204796
15.8874 0.204821
15.8905 0.204844
15.8937 0.204863
15.8968 0.20488
15.9 0.20477
15.9031 0.204799
15.9063 0.204824
15.9094 0.204846
15.9126 0.204865
15.9157 0.204882
15.9189 0.204772
15.922 0.2048
15.9252 0.204825
15.9283 0.204847
15.9315 0.204866
15.9346 0.204883
15.9378 0.204898
15.9409 0.204785
15.9441 0.204812
15.9473 0.204836
15.9504 0.204856
15.9536 0.204874
15.9567 0.20489
15.9599 0.204904
15.963 0.204916
15.9662 0.204926
15.9693 0.204935
15.9725 0.204944
15.9756 0.204951
15.9788 0.204957
15.9819 0.204837
15.9851 0.204858
15.9882 0.204875
15.9914 0.204891
15.9945 0.204905
15.9977 0.204916
16.0008 0.204927
16.004 0.204811
16.0071 0.204835
16.0103 0.204855
16.0134 0.204873
16.0166 0.204889
16.0197 0.204903
16.0229 0.20479
16.0261 0.204816
16.0292 0.204839
16.0324 0.204859
16.0355 0.204877
16.0387 0.204892
16.0418 0.204906
16.045 0.204793
16.0481 0.204819
16.0513 0.204841
16.0544 0.204861
16.0576 0.204878
16.0607 0.204894
16.0639 0.204907
16.067 0.204919
16.0702 0.204929
16.0733 0.204938
16.0765 0.204945
16.0796 0.204952
16.0828 0.204958
16.0859 0.204838
16.0891 0.204859
16.0922 0.204876
16.0954 0.204892
16.0985 0.204905
16.1017 0.204917
16.1049 0.204927
16.108 0.204937
16.1112 0.204944
16.1143 0.204951
16.1175 0.204957
16.1206 0.204963
16.1238 0.204967
16.1269 0.204847
16.1301 0.204866
16.1332 0.204882
16.1364 0.204897
16.1395 0.20491
16.1427 0.204921
16.1458 0.204931
16.149 0.204815
16.1521 0.204838
16.1553 0.204858
16.1584 0.204876
16.1616 0.204891
16.1647 0.204905
16.1679 0.204792
16.171 0.204818
16.1742 0.204841
16.1773 0.204861
16.1805 0.204878
16.1837 0.204893
16.1868 0.204907
16.19 0.204793
16.1931 0.204819
16.1963 0.204842
16.1994 0.204861
16.2026 0.204879
16.2057 0.204894
16.2089 0.204907
16.212 0.204919
16.2152 0.204929
16.2183 0.204938
16.2215 0.204946
16.2246 0.204952
16.2278 0.204958
16.2309 0.204839
16.2341 0.204859
16.2372 0.204876
16.2404 0.204892
16.2435 0.204905
16.2467 0.204917
16.2498 0.204928
16.253 0.204812
16.2561 0.204835
16.2593 0.204856
16.2625 0.204874
16.2656 0.20489
16.2688 0.204903
16.2719 0.20479
16.2751 0.204817
16.2782 0.20484
16.2814 0.20486
16.2845 0.204877
16.2877 0.204893
16.2908 0.204906
16.294 0.204793
16.2971 0.204819
16.3003 0.204841
16.3034 0.204861
16.3066 0.204878
16.3097 0.204894
16.3129 0.204782
16.316 0.204809
16.3192 0.204833
16.3223 0.204854
16.3255 0.204872
16.3286 0.204888
16.3318 0.204902
16.3349 0.204789
16.3381 0.204816
16.3413 0.204839
16.3444 0.204859
16.3476 0.204877
16.3507 0.204892
16.3539 0.204905
16.357 0.204917
16.3602 0.204928
16.3633 0.204937
16.3665 0.204945
16.3696 0.204952
16.3728 0.204958
16.3759 0.204838
16.3791 0.204858
16.3822 0.204876
16.3854 0.204891
16.3885 0.204905
16.3917 0.204917
16.3948 0.204927
16.398 0.204811
16.4011 0.204835
16.4043 0.204856
16.4074 0.204874
16.4106 0.204889
16.4137 0.204903
16.4169 0.20479
16.4201 0.204817
16.4232 0.204839
16.4264 0.20486
16.4295 0.204877
16.4327 0.204892
16.4358 0.204906
16.439 0.204793
16.4421 0.204819
16.4453 0.204841
16.4484 0.204861
16.4516 0.204878
16.4547 0.204894
16.4579 0.204907
16.461 0.204919
16.4642 0.204929
16.4673 0.204938
16.4705 0.204945
16.4736 0.204952
16.4768 0.204958
16.4799 0.204838
16.4831 0.204859
16.4862 0.204876
16.4894 0.204892
16.4925 0.204905
16.4957 0.204917
16.4989 0.204927
16.502 0.204937
16.5052 0.204944
16.5083 0.204951
16.5115 0.204957
16.5146 0.204963
16.5178 0.204967
16.5209 0.204847
16.5241 0.204866
16.5272 0.204882
16.5304 0.204897
16.5335 0.20491
16.5367 0.204921
16.5398 0.204931
16.543 0.204815
16.5461 0.204838
16.5493 0.204858
16.5524 0.204876
16.5556 0.204891
16.5587 0.204905
16.5619 0.204792
16.565 0.204818
16.5682 0.204841
16.5713 0.204861
16.5745 0.204878
16.5777 0.204893
16.5808 0.204907
16.584 0.204793
16.5871 0.204819
16.5903 0.204842
16.5934 0.204861
16.5966 0.204879
16.5997 0.204894
16.6029 0.204907
16.606 0.205419
16.6092 0.205741
16.6123 0.206024
16.6155 0.206271
16.6186 0.206487
16.6218 0.206676
16.6249 0.206842
16.6281 0.206986
16.6312 0.207113
16.6344 0.207224
16.6375 0.207321
16.6407 0.207406
16.6438 0.20748
16.647 0.207545
16.6501 0.207602
16.6533 0.207652
16.6565 0.207695
16.6596 0.207733
16.6628 0.207767
16.6659 0.207796
16.6691 0.207821
16.6722 0.207844
16.6754 0.207863
16.6785 0.20788
16.6817 0.207895
16.6848 0.207908
16.688 0.20792
16.6911 0.20793
16.6943 0.207939
16.6974 0.207946
16.7006 0.207953
16.7037 0.207959
16.7069 0.207964
16.71 0.207969
16.7132 0.207972
16.7163 0.207976
16.7195 0.207979
16.7226 0.207982
16.7258 0.207984
16.7289 0.207986
16.7321 0.207988
16.7353 0.207989
16.7384 0.207991
16.7416 0.207992
16.7447 0.207993
16.7479 0.207994
16.751 0.208119
16.7542 0.208105
16.7573 0.208091
16.7605 0.20808
16.7636 0.20807
16.7668 0.208061
16.7699 0.208054
16.7731 0.208047
16.7762 0.208041
16.7794 0.208036
16.7825 0.208031
16.7857 0.208027
16.7888 0.208024
16.792 0.208021
16.7951 0.208018
16.7983 0.208016
16.8014 0.208014
16.8046 0.208012
16.8077 0.208011
16.8109 0.208009
16.8141 0.208008
16.8172 0.208007
16.8204 0.208006
16.8235 0.208006
16.8267 0.208005
16.8298 0.208004
16.833 0.208004
16.8361 0.208003
16.8393 0.208003
16.8424 0.208002
16.8456 0.208002
16.8487 0.208002
16.8519 0.208002
16.855 0.208126
16.8582 0.208111
16.8613 0.208097
16.8645 0.208085
16.8676 0.208074
16.8708 0.208065
16.8739 0.208057
16.8771 0.20805
16.8802 0.208043
16.8834 0.208038
16.8865 0.208033
16.8897 0.208029
16.8929 0.208025
16.896 0.208147
16.8992 0.208129
16.9023 0.208113
16.9055 0.208099
16.9086 0.208086
16.9118 0.208076
16.9149 0.208066
16.9181 0.208058
16.9212 0.208051
16.9244 0.208044
16.9275 0.208039
16.9307 0.208034
16.9338 0.20803
16.937 0.208026
16.9401 0.208023
16.9433 0.20802
16.9464 0.208017
16.9496 0.208015
16.9527 0.208013
16.9559 0.208012
16.959 0.20801
16.9622 0.208009
16.9653 0.208008
16.9685 0.208007
16.9717 0.208006
16.9748 0.208005
16.978 0.208005
16.9811 0.208004
16.9843 0.208003
16.9874 0.208003
16.9906 0.208003
16.9937 0.208002
16.9969 0.208002
17 0.208127
17.0032 0.208111
17.0063 0.208097
17.0095 0.208085
17.0126 0.208074
17.0158 0.208065
17.0189 0.208057
17.0221 0.20805
17.0252 0.208044
17.0284 0.208038
17.0315 0.208033
17.0347 0.208029
17.0378 0.208026
17.041 0.208022
17.0441 0.20802
17.0473 0.208017
17.0505 0.208015
17.0536 0.208013
17.0568 0.208011
17.0599 0.20801
17.0631 0.208009
17.0662 0.208008
17.0694 0.208007
17.0725 0.208006
17.0757 0.208005
17.0788 0.208004
17.082 0.208004
17.0851 0.208003
17.0883 0.208003
17.0914 0.208003
17.0946 0.208002
17.0977 0.208002
17.1009 0.208002
17.104 0.208002
17.1072 0.208001
17.1103 0.208001
17.1135 0.208001
17.1166 0.208001
17.1198 0.208001
17.1229 0.208001
17.1261 0.208001
17.1293 0.208001
17.1324 0.208
17.1356 0.208
17.1387 0.208
17.1419 0.208
17.145 0.208125
17.1482 0.20811
17.1513 0.208096
17.1545 0.208084
17.1576 0.208073
17.1608 0.208064
17.1639 0.208056
17.1671 0.208049
17.1702 0.208043
17.1734 0.208038
17.1765 0.208033
17.1797 0.208029
17.1828 0.208025
17.186 0.208022
17.1891 0.208019
17.1923 0.208017
17.1954 0.208015
17.1986 0.208013
17.2017 0.208011
17.2049 0.20801
17.2081 0.208009
17.2112 0.208008
17.2144 0.208007
17.2175 0.208006
17.2207 0.208005
17.2238 0.208004
17.227 0.208004
17.2301 0.208003
17.2333 0.208003
17.2364 0.208003
17.2396 0.208002
17.2427 0.208002
17.2459 0.208002
17.249 0.208127
17.2522 0.208111
17.2553 0.208097
17.2585 0.208085
17.2616 0.208074
17.2648 0.208065
17.2679 0.208057
17.2711 0.20805
17.2742 0.208043
17.2774 0.208038
17.2805 0.208033
17.2837 0.208029
17.2869 0.208025
17.29 0.208147
17.2932 0.208129
17.2963 0.208113
17.2995 0.208099
17.3026 0.208086
17.3058 0.208076
17.3089 0.208066
17.3121 0.208058
17.3152 0.208051
17.3184 0.208044
17.3215 0.208039
17.3247 0.208034
17.3278 0.20803
17.331 0.208026
17.3341 0.208023
17.3373 0.20802
17.3404 0.208017
17.3436 0.208015
17.3467 0.208013
17.3499 0.208012
17.353 0.20801
17.3562 0.208009
17.3593 0.208008
17.3625 0.208007
17.3657 0.208006
17.3688 0.208005
17.372 0.208005
17.3751 0.208004
17.3783 0.208004
17.3814 0.208003
17.3846 0.208003
17.3877 0.208002
17.3909 0.208002
17.394 0.208127
17.3972 0.208111
17.4003 0.208097
17.4035 0.208085
17.4066 0.208074
17.4098 0.208065
17.4129 0.208057
17.4161 0.20805
17.4192 0.208044
17.4224 0.208038
17.4255 0.208033
17.4287 0.208029
17.4318 0.208026
17.435 0.208022
17.4381 0.20852
17.4413 0.20883
17.4445 0.209101
17.4476 0.209338
17.4508 0.209546
17.4539 0.209728
17.4571 0.210012
17.4602 0.210135
17.4634 0.210243
17.4665 0.210338
17.4697 0.210421
17.4728 0.210493
17.476 0.210556
17.4791 0.210737
17.4823 0.21077
17.4854 0.210799
17.4886 0.210824
17.4917 0.210846
17.4949 0.210865
17.498 0.211007
17.5012 0.211006
17.5043 0.211005
17.5075 0.211005
17.5106 0.211004
17.5138 0.211004
17.5169 0.211003
17.5201 0.211128
17.5233 0.211112
17.5264 0.211098
17.5296 0.211086
17.5327 0.211075
17.5359 0.211066
17.539 0.211182
17.5422 0.211285
17.5453 0.211249
17.5485 0.211218
17.5516 0.211191
17.5548 0.211167
17.5579 0.211146
17.5611 0.211253
17.5642 0.211221
17.5674 0.211193
17.5705 0.211169
17.5737 0.211148
17.5768 0.21113
17.58 0.211113
17.5831 0.211224
17.5863 0.211196
17.5894 0.211172
17.5926 0.21115
17.5957 0.211131
17.5989 0.211115
17.6021 0.211226
17.6052 0.211197
17.6084 0.211173
17.6115 0.211151
17.6147 0.211132
17.6178 0.211116
17.621 0.211101
17.6241 0.211214
17.6273 0.211187
17.6304 0.211164
17.6336 0.211143
17.6367 0.211125
17.6399 0.21111
17.643 0.211221
17.6462 0.211318
17.6493 0.211278
17.6525 0.211244
17.6556 0.211213
17.6588 0.211187
17.6619 0.211163
17.6651 0.211268
17.6682 0.211234
17.6714 0.211205
17.6745 0.211179
17.6777 0.211157
17.6809 0.211137
17.684 0.211245
17.6872 0.21134
17.6903 0.211297
17.6935 0.21126
17.6966 0.211227
17.6998 0.211199
17.7029 0.211174
17.7061 0.211277
17.7092 0.211243
17.7124 0.211212
17.7155 0.211186
17.7187 0.211163
17.7218 0.211142
17.725 0.211124
17.7281 0.211234
17.7313 0.211205
17.7344 0.211179
17.7376 0.211157
17.7407 0.211137
17.7439 0.21112
17.747 0.21123
17.7502 0.211201
17.7533 0.211176
17.7565 0.211154
17.7597 0.211135
17.7628 0.211118
17.766 0.211103
17.7691 0.211215
17.7723 0.211188
17.7754 0.211165
17.7786 0.211144
17.7817 0.211126
17.7849 0.21111
17.788 0.211222
17.7912 0.211319
17.7943 0.211279
17.7975 0.211244
17.8006 0.211214
17.8038 0.211187
17.8069 0.211164
17.8101 0.211268
17.8132 0.211235
17.8164 0.211205
17.8195 0.21118
17.8227 0.211157
17.8258 0.211138
17.829 0.21112
17.8321 0.21123
17.8353 0.211202
17.8385 0.211176
17.8416 0.211154
17.8448 0.211135
17.8479 0.211118
17.8511 0.211228
17.8542 0.2112
17.8574 0.211175
17.8605 0.211153
17.8637 0.211134
17.8668 0.211117
17.87 0.211102
17.8731 0.211215
17.8763 0.211188
17.8794 0.211164
17.8826 0.211144
17.8857 0.211126
17.8889 0.21111
17.892 0.211221
17.8952 0.211194
17.8983 0.211169
17.9015 0.211148
17.9046 0.21113
17.9078 0.211114
17.9109 0.211099
17.9141 0.211212
17.9173 0.211185
17.9204 0.211162
17.9236 0.211142
17.9267 0.211124
17.9299 0.211109
17.933 0.21122
17.9362 0.211318
17.9393 0.211278
17.9425 0.211243
17.9456 0.211213
17.9488 0.211186
17.9519 0.211163
17.9551 0.211268
17.9582 0.211234
17.9614 0.211205
17.9645 0.211179
17.9677 0.211157
17.9708 0.211137
17.974 0.21112
17.9771 0.21123
17.9803 0.211201
17.9834 0.211176
17.9866 0.211154
17.9897 0.211135
17.9929 0.211118
17.9961 0.211228
17.9992 0.2112
18.0024 0.211175
18.0055 0.211153
18.0087 0.211134
18.0118 0.211117
18.015 0.211102
18.0181 0.211215
18.0213 0.211188
18.0244 0.211164
18.0276 0.211144
18.0307 0.211126
18.0339 0.21111
18.037 0.211221
18.0402 0.211319
18.0433 0.211279
18.0465 0.211244
18.0496 0.211213
18.0528 0.211187
18.0559 0.211163
18.0591 0.211268
18.0622 0.211235
18.0654 0.211205
18.0685 0.21118
18.0717 0.211157
18.0749 0.211137
18.078 0.211245
18.0812 0.21134
18.0843 0.211297
18.0875 0.21126
18.0906 0.211228
18.0938 0.211199
18.0969 0.211174
18.1001 0.211277
18.1032 0.211243
18.1064 0.211212
18.1095 0.211186
18.1127 0.211163
18.1158 0.211142
18.119 0.211125
18.1221 0.211234
18.1253 0.211205
18.1284 0.211179
18.1316 0.211157
18.1347 0.211137
18.1379 0.21112
18.141 0.21123
18.1442 0.211201
18.1473 0.211176
18.1505 0.211154
18.1537 0.211135
18.1568 0.211118
18.16 0.211103
18.1631 0.211215
18.1663 0.211188
18.1694 0.211165
18.1726 0.211144
18.1757 0.211126
18.1789 0.21111
18.182 0.211222
18.1852 0.211319
18.1883 0.211279
18.1915 0.211244
18.1946 0.211214
18.1978 0.211187
18.2009 0.211164
18.2041 0.211268
18.2072 0.211235
18.2104 0.211205
18.2135 0.21118
18.2167 0.211157
18.2198 0.211138
18.223 0.21112
18.2261 0.21123
18.2293 0.211202
18.2325 0.211176
18.2356 0.211154
18.2388 0.211135
18.2419 0.211118
18.2451 0.211228
18.2482 0.2112
18.2514 0.211175
18.2545 0.211153
18.2577 0.211134
18.2608 0.211117
18.264 0.211102
18.2671 0.211215
18.2703 0.211188
18.2734 0.211164
18.2766 0.211144
18.2797 0.211126
18.2829 0.211485
18.286 0.211924
18.2892 0.212309
18.2923 0.21252
18.2955 0.212705
18.2986 0.212867
18.3018 0.213009
18.3049 0.213133
18.3081 0.213366
18.3113 0.21357
18.3144 0.213624
18.3176 0.213671
18.3207 0.213712
18.3239 0.213748
18.327 0.213905
18.3302 0.214042
18.3333 0.214161
18.3365 0.214141
18.3396 0.214124
18.3428 0.214108
18.3459 0.214095
18.3491 0.214208
18.3522 0.214307
18.3554 0.214268
18.3585 0.214235
18.3617 0.214206
18.3648 0.21418
18.368 0.214157
18.3711 0.214263
18.3743 0.214355
18.3774 0.21431
18.3806 0.214272
18.3837 0.214238
18.3869 0.214208
18.3901 0.214307
18.3932 0.214394
18.3964 0.214344
18.3995 0.214301
18.4027 0.214264
18.4058 0.214231
18.409 0.214202
18.4121 0.214302
18.4153 0.214389
18.4184 0.21434
18.4216 0.214298
18.4247 0.214261
18.4279 0.214228
18.431 0.214324
18.4342 0.214409
18.4373 0.214483
18.4405 0.214422
18.4436 0.21437
18.4468 0.214323
18.4499 0.214283
18.4531 0.214373
18.4562 0.214451
18.4594 0.214395
18.4625 0.214345
18.4657 0.214302
18.4689 0.214264
18.472 0.214356
18.4752 0.214437
18.4783 0.214507
18.4815 0.214444
18.4846 0.214388
18.4878 0.21434
18.4909 0.214297
18.4941 0.214385
18.4972 0.214462
18.5004 0.214404
18.5035 0.214354
18.5067 0.21431
18.5098 0.214271
18.513 0.214237
18.5161 0.214332
18.5193 0.214416
18.5224 0.214364
18.5256 0.214318
18.5287 0.214279
18.5319 0.214244
18.535 0.214338
18.5382 0.214421
18.5413 0.214368
18.5445 0.214322
18.5477 0.214282
18.5508 0.214247
18.554 0.214216
18.5571 0.214314
18.5603 0.2144
18.5634 0.21435
18.5666 0.214306
18.5697 0.214268
18.5729 0.214234
18.576 0.21433
18.5792 0.214414
18.5823 0.214487
18.5855 0.214426
18.5886 0.214373
18.5918 0.214326
18.5949 0.214285
18.5981 0.214375
18.6012 0.214453
18.6044 0.214396
18.6075 0.214347
18.6107 0.214303
18.6138 0.214266
18.617 0.214232
18.6201 0.214328
18.6233 0.214412
18.6265 0.214361
18.6296 0.214316
18.6328 0.214276
18.6359 0.214242
18.6391 0.214336
18.6422 0.214419
18.6454 0.214367
18.6485 0.214321
18.6517 0.214281
18.6548 0.214246
18.658 0.214215
18.6611 0.214313
18.6643 0.214399
18.6674 0.214349
18.6706 0.214306
18.6737 0.214267
18.6769 0.214234
18.68 0.21433
18.6832 0.214413
18.6863 0.214362
18.6895 0.214317
18.6926 0.214277
18.6958 0.214242
18.6989 0.214212
18.7021 0.214311
18.7053 0.214397
18.7084 0.214347
18.7116 0.214304
18.7147 0.214266
18.7179 0.214233
18.721 0.214328
18.7242 0.214412
18.7273 0.214486
18.7305 0.214425
18.7336 0.214372
18.7368 0.214325
18.7399 0.214285
18.7431 0.214374
18.7462 0.214452
18.7494 0.214396
18.7525 0.214346
18.7557 0.214303
18.7588 0.214265
18.762 0.214232
18.7651 0.214328
18.7683 0.214412
18.7714 0.214361
18.7746 0.214315
18.7777 0.214276
18.7809 0.214242
18.7841 0.214336
18.7872 0.214419
18.7904 0.214367
18.7935 0.214321
18.7967 0.214281
18.7998 0.214246
18.803 0.214215
18.8061 0.214313
18.8093 0.214399
18.8124 0.214349
18.8156 0.214306
18.8187 0.214267
18.8219 0.214234
18.825 0.21433
18.8282 0.214413
18.8313 0.214487
18.8345 0.214426
18.8376 0.214373
18.8408 0.214326
18.8439 0.214285
18.8471 0.214375
18.8502 0.214453
18.8534 0.214396
18.8565 0.214347
18.8597 0.214303
18.8629 0.214265
18.866 0.214357
18.8692 0.214438
18.8723 0.214508
18.8755 0.214444
18.8786 0.214389
18.8818 0.21434
18.8849 0.214298
18.8881 0.214386
18.8912 0.214462
18.8944 0.214405
18.8975 0.214354
18.9007 0.21431
18.9038 0.214271
18.907 0.214237
18.9101 0.214332
18.9133 0.214416
18.9164 0.214364
18.9196 0.214318
18.9227 0.214279
18.9259 0.214244
18.929 0.214338
18.9322 0.214421
18.9353 0.214368
18.9385 0.214322
18.9417 0.214282
18.9448 0.214247
18.948 0.214216
18.9511 0.214314
18.9543 0.2144
18.9574 0.21435
18.9606 0.214306
18.9637 0.214268
18.9669 0.214234
18.97 0.21433
18.9732 0.214414
18.9763 0.214487
18.9795 0.214426
18.9826 0.214373
18.9858 0.214326
18.9889 0.214285
18.9921 0.214375
18.9952 0.214453
18.9984 0.214396
19.0015 0.214347
19.0047 0.214303
19.0078 0.214266
19.011 0.214232
19.0141 0.214328
19.0173 0.214412
19.0205 0.214361
19.0236 0.214316
19.0268 0.214276
19.0299 0.214242
19.0331 0.214336
19.0362 0.214419
19.0394 0.214367
19.0425 0.214321
19.0457 0.214281
19.0488 0.214246
19.052 0.214215
19.0551 0.214313
19.0583 0.214399
19.0614 0.214349
19.0646 0.214306
19.0677 0.214267
19.0709 0.214234
19.074 0.21433
19.0772 0.214413
19.0803 0.214362
19.0835 0.214317
19.0866 0.214277
19.0898 0.214242
19.0929 0.214212
19.0961 0.214311
19.0993 0.214397
19.1024 0.214347
19.1056 0.214304
19.1087 0.214266
19.1119 0.214233
19.115 0.214328
19.1182 0.214412
19.1213 0.214486
19.1245 0.214425
19.1276 0.214372
19.1308 0.214325
19.1339 0.214285
19.1371 0.214374
19.1402 0.214827
19.1434 0.215224
19.1465 0.215446
19.1497 0.21564
19.1528 0.21581
19.156 0.215959
19.1591 0.216214
19.1623 0.216437
19.1654 0.216633
19.1686 0.216679
19.1717 0.216719
19.1749 0.216754
19.1781 0.21691
19.1812 0.217046
19.1844 0.217165
19.1875 0.217145
19.1907 0.217126
19.1938 0.217111
19.197 0.217097
19.2001 0.21721
19.2033 0.217309
19.2064 0.217395
19.2096 0.217346
19.2127 0.217302
19.2159 0.217265
19.219 0.217357
19.2222 0.217437
19.2253 0.217507
19.2285 0.217569
19.2316 0.217498
19.2348 0.217436
19.2379 0.217381
19.2411 0.217458
19.2442 0.217526
19.2474 0.217585
19.2505 0.217512
19.2537 0.217448
19.2569 0.217392
19.26 0.217468
19.2632 0.217535
19.2663 0.217593
19.2695 0.217644
19.2726 0.217563
19.2758 0.217493
19.2789 0.217431
19.2821 0.217502
19.2852 0.217565
19.2884 0.217619
19.2915 0.217542
19.2947 0.217474
19.2978 0.217415
19.301 0.217363
19.3041 0.217442
19.3073 0.217512
19.3104 0.217573
19.3136 0.217501
19.3167 0.217439
19.3199 0.217384
19.323 0.217461
19.3262 0.217528
19.3293 0.217587
19.3325 0.217514
19.3357 0.21745
19.3388 0.217393
19.342 0.217344
19.3451 0.217426
19.3483 0.217498
19.3514 0.217561
19.3546 0.217491
19.3577 0.217429
19.3609 0.217376
19.364 0.217454
19.3672 0.217522
19.3703 0.217582
19.3735 0.217634
19.3766 0.217555
19.3798 0.217485
19.3829 0.217425
19.3861 0.217497
19.3892 0.21756
19.3924 0.217615
19.3955 0.217538
19.3987 0.217471
19.4018 0.217412
19.405 0.21736
19.4081 0.21744
19.4113 0.21751
19.4145 0.217571
19.4176 0.2175
19.4208 0.217438
19.4239 0.217383
19.4271 0.21746
19.4302 0.217527
19.4334 0.217587
19.4365 0.217513
19.4397 0.217449
19.4428 0.217393
19.446 0.217344
19.4491 0.217426
19.4523 0.217498
19.4554 0.21756
19.4586 0.21749
19.4617 0.217429
19.4649 0.217375
19.468 0.217453
19.4712 0.217522
19.4743 0.217582
19.4775 0.217509
19.4806 0.217445
19.4838 0.21739
19.4869 0.217341
19.4901 0.217423
19.4933 0.217495
19.4964 0.217558
19.4996 0.217489
19.5027 0.217428
19.5059 0.217374
19.509 0.217452
19.5122 0.217521
19.5153 0.217581
19.5185 0.217633
19.5216 0.217554
19.5248 0.217485
19.5279 0.217424
19.5311 0.217496
19.5342 0.217559
19.5374 0.217614
19.5405 0.217537
19.5437 0.21747
19.5468 0.217411
19.55 0.21736
19.5531 0.21744
19.5563 0.21751
19.5594 0.217571
19.5626 0.2175
19.5657 0.217437
19.5689 0.217383
19.5721 0.21746
19.5752 0.217527
19.5784 0.217586
19.5815 0.217513
19.5847 0.217449
19.5878 0.217393
19.591 0.217344
19.5941 0.217426
19.5973 0.217498
19.6004 0.21756
19.6036 0.21749
19.6067 0.217429
19.6099 0.217375
19.613 0.217453
19.6162 0.217522
19.6193 0.217582
19.6225 0.217634
19.6256 0.217555
19.6288 0.217485
19.6319 0.217425
19.6351 0.217497
19.6382 0.217559
19.6414 0.217615
19.6445 0.217538
19.6477 0.217471
19.6509 0.217412
19.654 0.217485
19.6572 0.21755
19.6603 0.217606
19.6635 0.217655
19.6666 0.217573
19.6698 0.217502
19.6729 0.217439
19.6761 0.217509
19.6792 0.21757
19.6824 0.217624
19.6855 0.217546
19.6887 0.217478
19.6918 0.217418
19.695 0.217366
19.6981 0.217445
19.7013 0.217514
19.7044 0.217575
19.7076 0.217503
19.7107 0.21744
19.7139 0.217385
19.717 0.217462
19.7202 0.217529
19.7233 0.217588
19.7265 0.217515
19.7297 0.21745
19.7328 0.217394
19.736 0.217345
19.7391 0.217427
19.7423 0.217498
19.7454 0.217561
19.7486 0.217491
19.7517 0.21743
19.7549 0.217376
19.758 0.217454
19.7612 0.217522
19.7643 0.217582
19.7675 0.217634
19.7706 0.217555
19.7738 0.217486
19.7769 0.217425
19.7801 0.217497
19.7832 0.21756
19.7864 0.217615
19.7895 0.217538
19.7927 0.217471
19.7958 0.217412
19.799 0.21736
19.8021 0.21744
19.8053 0.21751
19.8085 0.217571
19.8116 0.2175
19.8148 0.217438
19.8179 0.217383
19.8211 0.21746
19.8242 0.217527
19.8274 0.217587
19.8305 0.217513
19.8337 0.217449
19.8368 0.217393
19.84 0.217344
19.8431 0.217426
19.8463 0.217498
19.8494 0.21756
19.8526 0.21749
19.8557 0.217429
19.8589 0.217375
19.862 0.217453
19.8652 0.217522
19.8683 0.217582
19.8715 0.217509
19.8746 0.217445
19.8778 0.21739
19.8809 0.217341
19.8841 0.217423
19.8873 0.217495
19.8904 0.217558
19.8936 0.217489
19.8967 0.217428
19.8999 0.217374
19.903 0.217452
19.9062 0.217521
19.9093 0.217581
19.9125 0.217633
19.9156 0.217554
19.9188 0.217485
19.9219 0.217424
19.9251 0.217496
19.9282 0.217559
19.9314 0.217614
19.9345 0.217537
19.9377 0.21747
19.9408 0.217411
19.944 0.21736
19.9471 0.21744
19.9503 0.21751
19.9534 0.217571
19.9566 0.2175
19.9597 0.217437
19.9629 0.217383
19.9661 0.21746
19.9692 0.217527
19.9724 0.217586
19.9755 0.217513
19.9787 0.217449
19.9818 0.217393
19.985 0.217344
19.9881 0.217426
19.9913 0.217498
19.9944 0.21756
19.9976 0.21749
20.0007 0.217429
20.0039 0.217375
20.007 0.217453
20.0102 0.217897
20.0133 0.218285
20.0165 0.218624
20.0196 0.218921
20.0228 0.219056
20.0259 0.219174
20.0291 0.219402
20.0322 0.219602
20.0354 0.219777
20.0385 0.21993
20.0417 0.219938
20.0449 0.219946
20.048 0.220078
20.0512 0.220193
20.0543 0.220294
20.0575 0.220382
20.0606 0.220459
20.0638 0.220402
20.0669 0.220352
20.0701 0.220433
20.0732 0.220504
20.0764 0.220566
20.0795 0.22062
20.0827 0.220543
20.0858 0.220475
20.089 0.220415
20.0921 0.220488
20.0953 0.220552
20.0984 0.220608
