0.0905768 340
0.18279 0
0.18279 340
0.18279 680
0.276537 0
0.276537 340
0.276537 680
0.276537 1020
0.370283 340
0.370283 680
0.370283 1020
0.370283 1360
0.462454 680
0.462454 1020
0.462454 1360
0.462454 1700
0.465606 1020
0.465606 1360
0.465606 1700
0.465606 2040
0.5562 1360
0.5562 1700
0.5562 2040
0.5562 2380
0.559352 1700
0.559352 2040
0.559352 2380
0.559352 2720
0.562504 2040
0.562504 2380
0.562504 2720
0.562504 3060
0.649946 2380
0.649946 2720
0.649946 3060
0.649946 3400
0.653098 2720
0.653098 3060
0.653098 3400
0.653098 3740
0.65625 3060
0.65625 3400
0.65625 3740
0.65625 4080
0.659402 3400
0.659402 3740
0.659402 4080
0.659402 4420
0.742117 3740
0.742117 4080
0.742117 4420
0.742117 4760
0.745269 4080
0.745269 4420
0.748421 3740
0.748421 4080
0.748421 4420
0.751573 3740
0.751573 4080
0.751573 4420
0.754725 3740
0.754725 4080
0.754725 4420
0.757877 3740
0.757877 4080
0.757877 4420
0.834287 3740
0.834287 4080
0.834287 4420
0.837439 3740
0.837439 4080
0.837439 4420
0.840591 3740
0.840591 4080
0.840591 4420
0.843743 3740
0.843743 4080
0.843743 4420
0.846895 3740
0.846895 4080
0.846895 4420
0.850047 3740
0.850047 4080
0.850047 4420
0.926458 3740
0.926458 4080
0.926458 4420
0.92961 3740
0.92961 4080
0.92961 4420
0.932762 3740
0.932762 4080
0.932762 4420
0.935914 3740
0.935914 4080
0.935914 4420
0.939066 3740
0.939066 4080
0.939066 4420
0.942218 3740
0.942218 4080
0.942218 4420
1.01863 3740
1.01863 4080
1.01863 4420
1.02178 3740
1.02178 4080
1.02178 4420
1.02493 3740
1.02493 4080
1.02493 4420
1.02808 3740
1.02808 4080
1.02808 4420
1.03124 3740
1.03124 4080
1.03124 4420
1.03439 3740
1.03439 4080
1.03439 4420
1.1108 3740
1.1108 4080
1.1108 4420
1.11395 3740
1.11395 4080
1.11395 4420
1.1171 3740
1.1171 4080
1.1171 4420
1.12025 3740
1.12025 4080
1.12025 4420
1.12341 3740
1.12341 4080
1.12341 4420
1.12656 3740
1.12656 4080
1.12656 4420
1.20297 3740
1.20297 4080
1.20297 4420
1.20612 3740
1.20612 4080
1.20612 4420
1.20927 3740
1.20927 4080
1.20927 4420
1.21242 3740
1.21242 4080
1.21242 4420
1.21558 3740
1.21558 4080
1.21558 4420
1.21873 3740
1.21873 4080
1.21873 4420
1.29514 3740
1.29514 4080
1.29514 4420
1.29829 3740
1.29829 4080
1.29829 4420
1.30144 3740
1.30144 4080
1.30144 4420
1.3046 3740
1.3046 4080
1.3046 4420
1.30775 3740
1.30775 4080
1.30775 4420
1.3109 3740
1.3109 4080
1.3109 4420
1.38731 3740
1.38731 4080
1.38731 4420
1.39046 3740
1.39046 4080
1.39046 4420
1.39361 3740
1.39361 4080
1.39361 4420
1.39677 3740
1.39677 4080
1.39677 4420
1.39992 3740
1.39992 4080
1.39992 4420
1.40307 3740
1.40307 4080
1.40307 4420
1.47948 3740
1.47948 4080
1.47948 4420
1.48263 3740
1.48263 4080
1.48263 4420
1.48578 3740
1.48578 4080
1.48578 4420
1.48894 3740
1.48894 4080
1.48894 4420
1.49209 3740
1.49209 4080
1.49209 4420
1.49524 3740
1.49524 4080
1.49524 4420
1.57165 3740
1.57165 4080
1.57165 4420
1.5748 3740
1.5748 4080
1.5748 4420
1.57795 3740
1.57795 4080
1.57795 4420
1.58111 3740
1.58111 4080
1.58111 4420
1.58426 3740
1.58426 4080
1.58426 4420
1.58741 3740
1.58741 4080
1.58741 4420
1.66382 3740
1.66382 4080
1.66382 4420
1.66697 3740
1.66697 4080
1.66697 4420
1.67012 3740
1.67012 4080
1.67012 4420
1.67328 3740
1.67328 4080
1.67328 4420
1.67643 3740
1.67643 4080
1.67643 4420
1.67958 3740
1.67958 4080
1.67958 4420
1.75599 3740
1.75599 4080
1.75599 4420
1.75914 3740
1.75914 4080
1.75914 4420
1.7623 3740
1.7623 4080
1.7623 4420
1.76545 3740
1.76545 4080
1.76545 4420
1.7686 3740
1.7686 4080
1.7686 4420
1.77175 3740
1.77175 4080
1.77175 4420
1.84816 3740
1.84816 4080
1.84816 4420
1.85131 3740
1.85131 4080
1.85131 4420
1.85447 3740
1.85447 4080
1.85447 4420
1.85762 3740
1.85762 4080
1.85762 4420
1.86077 3740
1.86077 4080
1.86077 4420
1.86392 3740
1.86392 4080
1.86392 4420
1.94033 3740
1.94033 4080
1.94033 4420
1.94348 3740
1.94348 4080
1.94348 4420
1.94664 3740
1.94664 4080
1.94664 4420
1.94979 3740
1.94979 4080
1.94979 4420
1.95294 3740
1.95294 4080
1.95294 4420
1.95609 3740
1.95609 4080
1.95609 4420
2.0325 3740
2.0325 4080
2.0325 4420
2.03565 3740
2.03565 4080
2.03565 4420
2.03881 3740
2.03881 4080
2.03881 4420
2.04196 3740
2.04196 4080
2.04196 4420
2.04511 3740
2.04511 4080
2.04511 4420
2.04826 3740
2.04826 4080
2.04826 4420
2.12467 3740
2.12467 4080
2.12467 4420
2.12782 3740
2.12782 4080
2.12782 4420
2.13098 3740
2.13098 4080
2.13098 4420
2.13413 3740
2.13413 4080
2.13413 4420
2.13728 3740
2.13728 4080
2.13728 4420
2.14043 3740
2.14043 4080
2.14043 4420
2.21684 3740
2.21684 4080
2.21684 4420
2.22 3740
2.22 4080
2.22 4420
2.22315 3740
2.22315 4080
2.22315 4420
2.2263 3740
2.2263 4080
2.2263 4420
2.22945 3740
2.22945 4080
2.22945 4420
2.2326 3740
2.2326 4080
2.2326 4420
2.30901 3740
2.30901 4080
2.30901 4420
2.31217 3740
2.31217 4080
2.31217 4420
2.31532 3740
2.31532 4080
2.31532 4420
2.31847 3740
2.31847 4080
2.31847 4420
2.32162 3740
2.32162 4080
2.32162 4420
2.32477 3740
2.32477 4080
2.32477 4420
2.40118 3740
2.40118 4080
2.40118 4420
2.40434 3740
2.40434 4080
2.40434 4420
2.40749 3740
2.40749 4080
2.40749 4420
2.41064 3740
2.41064 4080
2.41064 4420
2.41379 3740
2.41379 4080
2.41379 4420
2.41694 3740
2.41694 4080
2.41694 4420
2.49335 3740
2.49335 4080
2.49335 4420
2.49651 3740
2.49651 4080
2.49651 4420
2.49966 3740
2.49966 4080
2.49966 4420
2.50281 3740
2.50281 4080
2.50281 4420
2.50596 3740
2.50596 4080
2.50596 4420
2.50911 3740
2.50911 4080
2.50911 4420
2.58552 3740
2.58552 4080
2.58552 4420
2.58868 3740
2.58868 4080
2.58868 4420
2.59183 3740
2.59183 4080
2.59183 4420
2.59498 3740
2.59498 4080
2.59498 4420
2.59813 3740
2.59813 4080
2.59813 4420
2.60128 3740
2.60128 4080
2.60128 4420
2.6777 3740
2.6777 4080
2.6777 4420
2.68085 3740
2.68085 4080
2.68085 4420
2.684 3740
2.684 4080
2.684 4420
2.68715 3740
2.68715 4080
2.68715 4420
2.6903 3740
2.6903 4080
2.6903 4420
2.69346 3740
2.69346 4080
2.69346 4420
2.76987 3740
2.76987 4080
2.76987 4420
2.77302 3740
2.77302 4080
2.77302 4420
2.77617 3740
2.77617 4080
2.77617 4420
2.77932 3740
2.77932 4080
2.77932 4420
2.78247 3740
2.78247 4080
2.78247 4420
2.78563 3740
2.78563 4080
2.78563 4420
2.86204 3740
2.86204 4080
2.86204 4420
2.86519 3740
2.86519 4080
2.86519 4420
2.86834 3740
2.86834 4080
2.86834 4420
2.87149 3740
2.87149 4080
2.87149 4420
2.87464 3740
2.87464 4080
2.87464 4420
2.8778 3740
2.8778 4080
2.8778 4420
2.95421 3740
2.95421 4080
2.95421 4420
2.95736 3740
2.95736 4080
2.95736 4420
2.96051 3740
2.96051 4080
2.96051 4420
2.96366 3740
2.96366 4080
2.96366 4420
2.96681 3740
2.96681 4080
2.96681 4420
2.96997 3740
2.96997 4080
2.96997 4420
3.04638 3740
3.04638 4080
3.04638 4420
3.04953 3740
3.04953 4080
3.04953 4420
3.05268 3740
3.05268 4080
3.05268 4420
3.05583 3740
3.05583 4080
3.05583 4420
3.05898 3740
3.05898 4080
3.05898 4420
3.06214 3740
3.06214 4080
3.06214 4420
3.13855 3740
3.13855 4080
3.13855 4420
3.1417 3740
3.1417 4080
3.1417 4420
3.14485 3740
3.14485 4080
3.14485 4420
3.148 3740
3.148 4080
3.148 4420
3.15116 3740
3.15116 4080
3.15116 4420
3.15431 3740
3.15431 4080
3.15431 4420
3.23072 3740
3.23072 4080
3.23072 4420
3.23387 3740
3.23387 4080
3.23387 4420
3.23702 3740
3.23702 4080
3.23702 4420
3.24017 3740
3.24017 4080
3.24017 4420
3.24333 3740
3.24333 4080
3.24333 4420
3.24648 3740
3.24648 4080
3.24648 4420
3.32289 3740
3.32289 4080
3.32289 4420
3.32604 3740
3.32604 4080
3.32604 4420
3.32919 3740
3.32919 4080
3.32919 4420
3.33234 3740
3.33234 4080
3.33234 4420
3.3355 3740
3.3355 4080
3.3355 4420
3.33865 3740
3.33865 4080
3.33865 4420
3.41506 3740
3.41506 4080
3.41506 4420
3.41821 3740
3.41821 4080
3.41821 4420
3.42136 3740
3.42136 4080
3.42136 4420
3.42451 3740
3.42451 4080
3.42451 4420
3.42767 3740
3.42767 4080
3.42767 4420
3.43082 3740
3.43082 4080
3.43082 4420
3.50723 3740
3.50723 4080
3.50723 4420
3.51038 3740
3.51038 4080
3.51038 4420
3.51353 3740
3.51353 4080
3.51353 4420
3.51668 3740
3.51668 4080
3.51668 4420
3.51984 3740
3.51984 4080
3.51984 4420
3.52299 3740
3.52299 4080
3.52299 4420
3.5994 3740
3.5994 4080
3.5994 4420
3.60255 3740
3.60255 4080
3.60255 4420
3.6057 3740
3.6057 4080
3.6057 4420
3.60886 3740
3.60886 4080
3.60886 4420
3.61201 3740
3.61201 4080
3.61201 4420
3.61516 3740
3.61516 4080
3.61516 4420
3.69157 3740
3.69157 4080
3.69157 4420
3.69472 3740
3.69472 4080
3.69472 4420
3.69787 3740
3.69787 4080
3.69787 4420
3.70103 3740
3.70103 4080
3.70103 4420
3.70418 3740
3.70418 4080
3.70418 4420
3.70733 3740
3.70733 4080
3.70733 4420
3.78374 3740
3.78374 4080
3.78374 4420
3.78689 3740
3.78689 4080
3.78689 4420
3.79004 3740
3.79004 4080
3.79004 4420
3.7932 3740
3.7932 4080
3.7932 4420
3.79635 3740
3.79635 4080
3.79635 4420
3.7995 3740
3.7995 4080
3.7995 4420
3.87591 3740
3.87591 4080
3.87591 4420
3.87906 3740
3.87906 4080
3.87906 4420
3.88221 3740
3.88221 4080
3.88221 4420
3.88537 3740
3.88537 4080
3.88537 4420
3.88852 3740
3.88852 4080
3.88852 4420
3.89167 3740
3.89167 4080
3.89167 4420
3.96808 3740
3.96808 4080
3.96808 4420
3.97123 3740
3.97123 4080
3.97123 4420
3.97438 3740
3.97438 4080
3.97438 4420
3.97754 3740
3.97754 4080
3.97754 4420
3.98069 3740
3.98069 4080
3.98069 4420
3.98384 3740
3.98384 4080
3.98384 4420
4.06025 3740
4.06025 4080
4.06025 4420
4.0634 3740
4.0634 4080
4.0634 4420
4.06656 3740
4.06656 4080
4.06656 4420
4.06971 3740
4.06971 4080
4.06971 4420
4.07286 3740
4.07286 4080
4.07286 4420
4.07601 3740
4.07601 4080
4.07601 4420
4.15242 3740
4.15242 4080
4.15242 4420
4.15557 3740
4.15557 4080
4.15557 4420
4.15873 3740
4.15873 4080
4.15873 4420
4.16188 3740
4.16188 4080
4.16188 4420
4.16503 3740
4.16503 4080
4.16503 4420
4.16818 3740
4.16818 4080
4.16818 4420
4.24459 3740
4.24459 4080
4.24459 4420
4.24774 3740
4.24774 4080
4.24774 4420
4.2509 3740
4.2509 4080
4.2509 4420
4.25405 3740
4.25405 4080
4.25405 4420
4.2572 3740
4.2572 4080
4.2572 4420
4.26035 3740
4.26035 4080
4.26035 4420
4.33676 3740
4.33676 4080
4.33676 4420
4.33991 3740
4.33991 4080
4.33991 4420
4.34307 3740
4.34307 4080
4.34307 4420
4.34622 3740
4.34622 4080
4.34622 4420
4.34937 3740
4.34937 4080
4.34937 4420
4.35252 3740
4.35252 4080
4.35252 4420
4.42893 3740
4.42893 4080
4.42893 4420
4.43208 3740
4.43208 4080
4.43208 4420
4.43524 3740
4.43524 4080
4.43524 4420
4.43839 3740
4.43839 4080
4.43839 4420
4.44154 3740
4.44154 4080
4.44154 4420
4.44469 3740
4.44469 4080
4.44469 4420
4.5211 3740
4.5211 4080
4.5211 4420
4.52426 3740
4.52426 4080
4.52426 4420
4.52741 3740
4.52741 4080
4.52741 4420
4.53056 3740
4.53056 4080
4.53056 4420
4.53371 3740
4.53371 4080
4.53371 4420
4.53686 3740
4.53686 4080
4.53686 4420
4.61327 3740
4.61327 4080
4.61327 4420
4.61643 3740
4.61643 4080
4.61643 4420
4.61958 3740
4.61958 4080
4.61958 4420
4.62273 3740
4.62273 4080
4.62273 4420
4.62588 3740
4.62588 4080
4.62588 4420
4.62903 3740
4.62903 4080
4.62903 4420
4.70544 3740
4.70544 4080
4.70544 4420
4.7086 3740
4.7086 4080
4.7086 4420
4.71175 3740
4.71175 4080
4.71175 4420
4.7149 3740
4.7149 4080
4.7149 4420
4.71805 3740
4.71805 4080
4.71805 4420
4.7212 3740
4.7212 4080
4.7212 4420
4.79761 3740
4.79761 4080
4.79761 4420
4.80077 3740
4.80077 4080
4.80077 4420
4.80392 3740
4.80392 4080
4.80392 4420
4.80707 3740
4.80707 4080
4.80707 4420
4.81022 3740
4.81022 4080
4.81022 4420
4.81337 3740
4.81337 4080
4.81337 4420
4.88978 3740
4.88978 4080
4.88978 4420
4.89294 3740
4.89294 4080
4.89294 4420
4.89609 3740
4.89609 4080
4.89609 4420
4.89924 3740
4.89924 4080
4.89924 4420
4.90239 3740
4.90239 4080
4.90239 4420
4.90554 3740
4.90554 4080
4.90554 4420
4.98196 3740
4.98196 4080
4.98196 4420
4.98511 3740
4.98511 4080
4.98511 4420
4.98826 3740
4.98826 4080
4.98826 4420
4.99141 3740
4.99141 4080
4.99141 4420
4.99456 3740
4.99456 4080
4.99456 4420
4.99772 3740
4.99772 4080
4.99772 4420
5.07413 3740
5.07413 4080
5.07413 4420
5.07728 3740
5.07728 4080
5.07728 4420
5.08043 3740
5.08043 4080
5.08043 4420
5.08358 3740
5.08358 4080
5.08358 4420
5.08673 3740
5.08673 4080
5.08673 4420
5.08989 3740
5.08989 4080
5.08989 4420
5.1663 3740
5.1663 4080
5.1663 4420
5.16945 3740
5.16945 4080
5.16945 4420
5.1726 3740
5.1726 4080
5.1726 4420
5.17575 3740
5.17575 4080
5.17575 4420
5.1789 3740
5.1789 4080
5.1789 4420
5.18206 3740
5.18206 4080
5.18206 4420
5.25847 3740
5.25847 4080
5.25847 4420
5.26162 3740
5.26162 4080
5.26162 4420
5.26477 3740
5.26477 4080
5.26477 4420
5.26792 3740
5.26792 4080
5.26792 4420
5.27107 3740
5.27107 4080
5.27107 4420
5.27423 3740
5.27423 4080
5.27423 4420
5.35064 3740
5.35064 4080
5.35064 4420
5.35379 3740
5.35379 4080
5.35379 4420
5.35694 3740
5.35694 4080
5.35694 4420
5.36009 3740
5.36009 4080
5.36009 4420
5.36324 3740
5.36324 4080
5.36324 4420
5.3664 3740
5.3664 4080
5.3664 4420
5.44281 3740
5.44281 4080
5.44281 4420
5.44596 3740
5.44596 4080
5.44596 4420
5.44911 3740
5.44911 4080
5.44911 4420
5.45226 3740
5.45226 4080
5.45226 4420
5.45542 3740
5.45542 4080
5.45542 4420
5.45857 3740
5.45857 4080
5.45857 4420
5.53498 3740
5.53498 4080
5.53498 4420
5.53813 3740
5.53813 4080
5.53813 4420
5.54128 3740
5.54128 4080
5.54128 4420
5.54443 3740
5.54443 4080
5.54443 4420
5.54759 3740
5.54759 4080
5.54759 4420
5.55074 3740
5.55074 4080
5.55074 4420
5.62715 3740
5.62715 4080
5.62715 4420
5.6303 3740
5.6303 4080
5.6303 4420
5.63345 3740
5.63345 4080
5.63345 4420
5.6366 3740
5.6366 4080
5.6366 4420
5.63976 3740
5.63976 4080
5.63976 4420
5.64291 3740
5.64291 4080
5.64291 4420
5.71932 3740
5.71932 4080
5.71932 4420
5.72247 3740
5.72247 4080
5.72247 4420
5.72562 3740
5.72562 4080
5.72562 4420
5.72877 3740
5.72877 4080
5.72877 4420
5.73193 3740
5.73193 4080
5.73193 4420
5.73508 3740
5.73508 4080
5.73508 4420
5.81149 3740
5.81149 4080
5.81149 4420
5.81464 3740
5.81464 4080
5.81464 4420
5.81779 3740
5.81779 4080
5.81779 4420
5.82094 3740
5.82094 4080
5.82094 4420
5.8241 3740
5.8241 4080
5.8241 4420
5.82725 3740
5.82725 4080
5.82725 4420
5.90366 3740
5.90366 4080
5.90366 4420
5.90681 3740
5.90681 4080
5.90681 4420
5.90996 3740
5.90996 4080
5.90996 4420
5.91312 3740
5.91312 4080
5.91312 4420
5.91627 3740
5.91627 4080
5.91627 4420
5.91942 3740
5.91942 4080
5.91942 4420
5.99583 3740
5.99583 4080
5.99583 4420
5.99898 3740
5.99898 4080
5.99898 4420
6.00213 3740
6.00213 4080
6.00213 4420
6.00529 3740
6.00529 4080
6.00529 4420
6.00844 3740
6.00844 4080
6.00844 4420
6.01159 3740
6.01159 4080
6.01159 4420
6.088 3740
6.088 4080
6.088 4420
6.09115 3740
6.09115 4080
6.09115 4420
6.0943 3740
6.0943 4080
6.0943 4420
6.09746 3740
6.09746 4080
6.09746 4420
6.10061 3740
6.10061 4080
6.10061 4420
6.10376 3740
6.10376 4080
6.10376 4420
6.18017 3740
6.18017 4080
6.18017 4420
6.18332 3740
6.18332 4080
6.18332 4420
6.18647 3740
6.18647 4080
6.18647 4420
6.18963 3740
6.18963 4080
6.18963 4420
6.19278 3740
6.19278 4080
6.19278 4420
6.19593 3740
6.19593 4080
6.19593 4420
6.27234 3740
6.27234 4080
6.27234 4420
6.27549 3740
6.27549 4080
6.27549 4420
6.27864 3740
6.27864 4080
6.27864 4420
6.2818 3740
6.2818 4080
6.2818 4420
6.28495 3740
6.28495 4080
6.28495 4420
6.2881 3740
6.2881 4080
6.2881 4420
6.36451 3740
6.36451 4080
6.36451 4420
6.36766 3740
6.36766 4080
6.36766 4420
6.37082 3740
6.37082 4080
6.37082 4420
6.37397 3740
6.37397 4080
6.37397 4420
6.37712 3740
6.37712 4080
6.37712 4420
6.38027 3740
6.38027 4080
6.38027 4420
6.45668 3740
6.45668 4080
6.45668 4420
6.45983 3740
6.45983 4080
6.45983 4420
6.46299 3740
6.46299 4080
6.46299 4420
6.46614 3740
6.46614 4080
6.46614 4420
6.46929 3740
6.46929 4080
6.46929 4420
6.47244 3740
6.47244 4080
6.47244 4420
6.54885 3740
6.54885 4080
6.54885 4420
6.552 3740
6.552 4080
6.552 4420
6.55516 3740
6.55516 4080
6.55516 4420
6.55831 3740
6.55831 4080
6.55831 4420
6.56146 3740
6.56146 4080
6.56146 4420
6.56461 3740
6.56461 4080
6.56461 4420
6.64102 3740
6.64102 4080
6.64102 4420
6.64417 3740
6.64417 4080
6.64417 4420
6.64733 3740
6.64733 4080
6.64733 4420
6.65048 3740
6.65048 4080
6.65048 4420
6.65363 3740
6.65363 4080
6.65363 4420
6.65678 3740
6.65678 4080
6.65678 4420
6.73319 3740
6.73319 4080
6.73319 4420
6.73634 3740
6.73634 4080
6.73634 4420
6.7395 3740
6.7395 4080
6.7395 4420
6.74265 3740
6.74265 4080
6.74265 4420
6.7458 3740
6.7458 4080
6.7458 4420
6.74895 3740
6.74895 4080
6.74895 4420
6.82536 3740
6.82536 4080
6.82536 4420
6.82852 3740
6.82852 4080
6.82852 4420
6.83167 3740
6.83167 4080
6.83167 4420
6.83482 3740
6.83482 4080
6.83482 4420
6.83797 3740
6.83797 4080
6.83797 4420
6.84112 3740
6.84112 4080
6.84112 4420
6.91753 3740
6.91753 4080
6.91753 4420
6.92069 3740
6.92069 4080
6.92069 4420
6.92384 3740
6.92384 4080
6.92384 4420
6.92699 3740
6.92699 4080
6.92699 4420
6.93014 3740
6.93014 4080
6.93014 4420
6.93329 3740
6.93329 4080
6.93329 4420
7.0097 3740
7.0097 4080
7.0097 4420
7.01286 3740
7.01286 4080
7.01286 4420
7.01601 3740
7.01601 4080
7.01601 4420
7.01916 3740
7.01916 4080
7.01916 4420
7.02231 3740
7.02231 4080
7.02231 4420
7.02546 3740
7.02546 4080
7.02546 4420
7.10187 3740
7.10187 4080
7.10187 4420
7.10503 3740
7.10503 4080
7.10503 4420
7.10818 3740
7.10818 4080
7.10818 4420
7.11133 3740
7.11133 4080
7.11133 4420
7.11448 3740
7.11448 4080
7.11448 4420
7.11763 3740
7.11763 4080
7.11763 4420
7.19404 3740
7.19404 4080
7.19404 4420
7.1972 3740
7.1972 4080
7.1972 4420
7.20035 3740
7.20035 4080
7.20035 4420
7.2035 3740
7.2035 4080
7.2035 4420
7.20665 3740
7.20665 4080
7.20665 4420
7.2098 3740
7.2098 4080
7.2098 4420
7.28622 3740
7.28622 4080
7.28622 4420
7.28937 3740
7.28937 4080
7.28937 4420
7.29252 3740
7.29252 4080
7.29252 4420
7.29567 3740
7.29567 4080
7.29567 4420
7.29882 3740
7.29882 4080
7.29882 4420
7.30198 3740
7.30198 4080
7.30198 4420
7.37839 3740
7.37839 4080
7.37839 4420
7.38154 3740
7.38154 4080
7.38154 4420
7.38469 3740
7.38469 4080
7.38469 4420
7.38784 3740
7.38784 4080
7.38784 4420
7.39099 3740
7.39099 4080
7.39099 4420
7.39415 3740
7.39415 4080
7.39415 4420
7.47056 3740
7.47056 4080
7.47056 4420
7.47371 3740
7.47371 4080
7.47371 4420
7.47686 3740
7.47686 4080
7.47686 4420
7.48001 3740
7.48001 4080
7.48001 4420
7.48316 3740
7.48316 4080
7.48316 4420
7.48632 3740
7.48632 4080
7.48632 4420
7.56273 3740
7.56273 4080
7.56273 4420
7.56588 3740
7.56588 4080
7.56588 4420
7.56903 3740
7.56903 4080
7.56903 4420
7.57218 3740
7.57218 4080
7.57218 4420
7.57533 3740
7.57533 4080
7.57533 4420
7.57849 3740
7.57849 4080
7.57849 4420
7.6549 3740
7.6549 4080
7.6549 4420
7.65805 3740
7.65805 4080
7.65805 4420
7.6612 3740
7.6612 4080
7.6612 4420
7.66435 3740
7.66435 4080
7.66435 4420
7.6675 3740
7.6675 4080
7.6675 4420
7.67066 3740
7.67066 4080
7.67066 4420
7.74707 3740
7.74707 4080
7.74707 4420
7.75022 3740
7.75022 4080
7.75022 4420
7.75337 3740
7.75337 4080
7.75337 4420
7.75652 3740
7.75652 4080
7.75652 4420
7.75968 3740
7.75968 4080
7.75968 4420
7.76283 3740
7.76283 4080
7.76283 4420
7.83924 3740
7.83924 4080
7.83924 4420
7.84239 3740
7.84239 4080
7.84239 4420
7.84554 3740
7.84554 4080
7.84554 4420
7.84869 3740
7.84869 4080
7.84869 4420
7.85185 3740
7.85185 4080
7.85185 4420
7.855 3740
7.855 4080
7.855 4420
7.93141 3740
7.93141 4080
7.93141 4420
7.93456 3740
7.93456 4080
7.93456 4420
7.93771 3740
7.93771 4080
7.93771 4420
7.94086 3740
7.94086 4080
7.94086 4420
7.94402 3740
7.94402 4080
7.94402 4420
7.94717 3740
7.94717 4080
7.94717 4420
8.02358 3740
8.02358 4080
8.02358 4420
8.02673 3740
8.02673 4080
8.02673 4420
8.02988 3740
8.02988 4080
8.02988 4420
8.03303 3740
8.03303 4080
8.03303 4420
8.03619 3740
8.03619 4080
8.03619 4420
8.03934 3740
8.03934 4080
8.03934 4420
8.11575 3740
8.11575 4080
8.11575 4420
8.1189 3740
8.1189 4080
8.1189 4420
8.12205 3740
8.12205 4080
8.12205 4420
8.1252 3740
8.1252 4080
8.1252 4420
8.12836 3740
8.12836 4080
8.12836 4420
8.13151 3740
8.13151 4080
8.13151 4420
8.20792 3740
8.20792 4080
8.20792 4420
8.21107 3740
8.21107 4080
8.21107 4420
8.21422 3740
8.21422 4080
8.21422 4420
8.21738 3740
8.21738 4080
8.21738 4420
8.22053 3740
8.22053 4080
8.22053 4420
8.22368 3740
8.22368 4080
8.22368 4420
8.30009 3740
8.30009 4080
8.30009 4420
8.30324 3740
8.30324 4080
8.30324 4420
8.30639 3740
8.30639 4080
8.30639 4420
8.30955 3740
8.30955 4080
8.30955 4420
8.3127 3740
8.3127 4080
8.3127 4420
8.31585 3740
8.31585 4080
8.31585 4420
8.39226 3740
8.39226 4080
8.39226 4420
8.39541 3740
8.39541 4080
8.39541 4420
8.39856 3740
8.39856 4080
8.39856 4420
8.40172 3740
8.40172 4080
8.40172 4420
8.40487 3740
8.40487 4080
8.40487 4420
8.40802 3740
8.40802 4080
8.40802 4420
8.48443 3740
8.48443 4080
8.48443 4420
8.48758 3740
8.48758 4080
8.48758 4420
8.49073 3740
8.49073 4080
8.49073 4420
8.49389 3740
8.49389 4080
8.49389 4420
8.49704 3740
8.49704 4080
8.49704 4420
8.50019 3740
8.50019 4080
8.50019 4420
8.5766 3740
8.5766 4080
8.5766 4420
8.57975 3740
8.57975 4080
8.57975 4420
8.5829 3740
8.5829 4080
8.5829 4420
8.58606 3740
8.58606 4080
8.58606 4420
8.58921 3740
8.58921 4080
8.58921 4420
8.59236 3740
8.59236 4080
8.59236 4420
8.66877 3740
8.66877 4080
8.66877 4420
8.67192 3740
8.67192 4080
8.67192 4420
8.67508 3740
8.67508 4080
8.67508 4420
8.67823 3740
8.67823 4080
8.67823 4420
8.68138 3740
8.68138 4080
8.68138 4420
8.68453 3740
8.68453 4080
8.68453 4420
8.76094 3740
8.76094 4080
8.76094 4420
8.76409 3740
8.76409 4080
8.76409 4420
8.76725 3740
8.76725 4080
8.76725 4420
8.7704 3740
8.7704 4080
8.7704 4420
8.77355 3740
8.77355 4080
8.77355 4420
8.7767 3740
8.7767 4080
8.7767 4420
8.85311 3740
8.85311 4080
8.85311 4420
8.85626 3740
8.85626 4080
8.85626 4420
8.85942 3740
8.85942 4080
8.85942 4420
8.86257 3740
8.86257 4080
8.86257 4420
8.86572 3740
8.86572 4080
8.86572 4420
8.86887 3740
8.86887 4080
8.86887 4420
8.94528 3740
8.94528 4080
8.94528 4420
8.94843 3740
8.94843 4080
8.94843 4420
8.95159 3740
8.95159 4080
8.95159 4420
8.95474 3740
8.95474 4080
8.95474 4420
8.95789 3740
8.95789 4080
8.95789 4420
8.96104 3740
8.96104 4080
8.96104 4420
9.03745 3740
9.03745 4080
9.03745 4420
9.0406 3740
9.0406 4080
9.0406 4420
9.04376 3740
9.04376 4080
9.04376 4420
9.04691 3740
9.04691 4080
9.04691 4420
9.05006 3740
9.05006 4080
9.05006 4420
9.05321 3740
9.05321 4080
9.05321 4420
9.12962 3740
9.12962 4080
9.12962 4420
9.13277 3740
9.13277 4080
9.13277 4420
9.13593 3740
9.13593 4080
9.13593 4420
9.13908 3740
9.13908 4080
9.13908 4420
9.14223 3740
9.14223 4080
9.14223 4420
9.14538 3740
9.14538 4080
9.14538 4420
9.22179 3740
9.22179 4080
9.22179 4420
9.22495 3740
9.22495 4080
9.22495 4420
9.2281 3740
9.2281 4080
9.2281 4420
9.23125 3740
9.23125 4080
9.23125 4420
9.2344 3740
9.2344 4080
9.2344 4420
9.23755 3740
9.23755 4080
9.23755 4420
9.31396 3740
9.31396 4080
9.31396 4420
9.31712 3740
9.31712 4080
9.31712 4420
9.32027 3740
9.32027 4080
9.32027 4420
9.32342 3740
9.32342 4080
9.32342 4420
9.32657 3740
9.32657 4080
9.32657 4420
9.32972 3740
9.32972 4080
9.32972 4420
9.40613 3740
9.40613 4080
9.40613 4420
9.40929 3740
9.40929 4080
9.40929 4420
9.41244 3740
9.41244 4080
9.41244 4420
9.41559 3740
9.41559 4080
9.41559 4420
9.41874 3740
9.41874 4080
9.41874 4420
9.42189 3740
9.42189 4080
9.42189 4420
9.4983 3740
9.4983 4080
9.4983 4420
9.50146 3740
9.50146 4080
9.50146 4420
9.50461 3740
9.50461 4080
9.50461 4420
9.50776 3740
9.50776 4080
9.50776 4420
9.51091 3740
9.51091 4080
9.51091 4420
9.51406 3740
9.51406 4080
9.51406 4420
9.59047 3740
9.59047 4080
9.59047 4420
9.59363 3740
9.59363 4080
9.59363 4420
9.59678 3740
9.59678 4080
9.59678 4420
9.59993 3740
9.59993 4080
9.59993 4420
9.60308 3740
9.60308 4080
9.60308 4420
9.60623 3740
9.60623 4080
9.60623 4420
9.68265 3740
9.68265 4080
9.68265 4420
9.6858 3740
9.6858 4080
9.6858 4420
9.68895 3740
9.68895 4080
9.68895 4420
9.6921 3740
9.6921 4080
9.6921 4420
9.69525 3740
9.69525 4080
9.69525 4420
9.69841 3740
9.69841 4080
9.69841 4420
9.77482 3740
9.77482 4080
9.77482 4420
9.77797 3740
9.77797 4080
9.77797 4420
9.78112 3740
9.78112 4080
9.78112 4420
9.78427 3740
9.78427 4080
9.78427 4420
9.78742 3740
9.78742 4080
9.78742 4420
9.79058 3740
9.79058 4080
9.79058 4420
9.86699 3740
9.86699 4080
9.86699 4420
9.87014 3740
9.87014 4080
9.87014 4420
9.87329 3740
9.87329 4080
9.87329 4420
9.87644 3740
9.87644 4080
9.87644 4420
9.87959 3740
9.87959 4080
9.87959 4420
9.88275 3740
9.88275 4080
9.88275 4420
9.95916 3740
9.95916 4080
9.95916 4420
9.96231 3740
9.96231 4080
9.96231 4420
9.96546 3740
9.96546 4080
9.96546 4420
9.96861 3740
9.96861 4080
9.96861 4420
9.97176 3740
9.97176 4080
9.97176 4420
9.97492 3740
9.97492 4080
9.97492 4420
10.0513 3740
10.0513 4080
10.0513 4420
10.0545 3740
10.0545 4080
10.0545 4420
10.0576 3740
10.0576 4080
10.0576 4420
10.0608 3740
10.0608 4080
10.0608 4420
10.0639 3740
10.0639 4080
10.0639 4420
10.0671 3740
10.0671 4080
10.0671 4420
10.1435 3740
10.1435 4080
10.1435 4420
10.1466 3740
10.1466 4080
10.1466 4420
10.1498 3740
10.1498 4080
10.1498 4420
10.153 3740
10.153 4080
10.153 4420
10.1561 3740
10.1561 4080
10.1561 4420
10.1593 3740
10.1593 4080
10.1593 4420
10.2357 3740
10.2357 4080
10.2357 4420
10.2388 3740
10.2388 4080
10.2388 4420
10.242 3740
10.242 4080
10.242 4420
10.2451 3740
10.2451 4080
10.2451 4420
10.2483 3740
10.2483 4080
10.2483 4420
10.2514 3740
10.2514 4080
10.2514 4420
10.3278 3740
10.3278 4080
10.3278 4420
10.331 3740
10.331 4080
10.331 4420
10.3341 3740
10.3341 4080
10.3341 4420
10.3373 3740
10.3373 4080
10.3373 4420
10.3404 3740
10.3404 4080
10.3404 4420
10.3436 3740
10.3436 4080
10.3436 4420
10.42 3740
10.42 4080
10.42 4420
10.4232 3740
10.4232 4080
10.4232 4420
10.4263 3740
10.4263 4080
10.4263 4420
10.4295 3740
10.4295 4080
10.4295 4420
10.4326 3740
10.4326 4080
10.4326 4420
10.4358 3740
10.4358 4080
10.4358 4420
10.5122 3740
10.5122 4080
10.5122 4420
10.5153 3740
10.5153 4080
10.5153 4420
10.5185 3740
10.5185 4080
10.5185 4420
10.5216 3740
10.5216 4080
10.5216 4420
10.5248 3740
10.5248 4080
10.5248 4420
10.5279 3740
10.5279 4080
10.5279 4420
10.6043 3740
10.6043 4080
10.6043 4420
10.6075 3740
10.6075 4080
10.6075 4420
10.6107 3740
10.6107 4080
10.6107 4420
10.6138 3740
10.6138 4080
10.6138 4420
10.617 3740
10.617 4080
10.617 4420
10.6201 3740
10.6201 4080
10.6201 4420
10.6965 3740
10.6965 4080
10.6965 4420
10.6997 3740
10.6997 4080
10.6997 4420
10.7028 3740
10.7028 4080
10.7028 4420
10.706 3740
10.706 4080
10.706 4420
10.7091 3740
10.7091 4080
10.7091 4420
10.7123 3740
10.7123 4080
10.7123 4420
10.7887 3740
10.7887 4080
10.7887 4420
10.7918 3740
10.7918 4080
10.7918 4420
10.795 3740
10.795 4080
10.795 4420
10.7981 3740
10.7981 4080
10.7981 4420
10.8013 3740
10.8013 4080
10.8013 4420
10.8045 3740
10.8045 4080
10.8045 4420
10.8809 3740
10.8809 4080
10.8809 4420
10.884 3740
10.884 4080
10.884 4420
10.8872 3740
10.8872 4080
10.8872 4420
10.8903 3740
10.8903 4080
10.8903 4420
10.8935 3740
10.8935 4080
10.8935 4420
10.8966 3740
10.8966 4080
10.8966 4420
10.973 3740
10.973 4080
10.973 4420
10.9762 3740
10.9762 4080
10.9762 4420
10.9793 3740
10.9793 4080
10.9793 4420
10.9825 3740
10.9825 4080
10.9825 4420
10.9856 3740
10.9856 4080
10.9856 4420
10.9888 3740
10.9888 4080
10.9888 4420
11.0652 3740
11.0652 4080
11.0652 4420
11.0684 3740
11.0684 4080
11.0684 4420
11.0715 3740
11.0715 4080
11.0715 4420
11.0747 3740
11.0747 4080
11.0747 4420
11.0778 3740
11.0778 4080
11.0778 4420
11.081 3740
11.081 4080
11.081 4420
11.1574 3740
11.1574 4080
11.1574 4420
11.1605 3740
11.1605 4080
11.1605 4420
11.1637 3740
11.1637 4080
11.1637 4420
11.1668 3740
11.1668 4080
11.1668 4420
11.17 3740
11.17 4080
11.17 4420
11.1731 3740
11.1731 4080
11.1731 4420
11.2495 3740
11.2495 4080
11.2495 4420
11.2527 3740
11.2527 4080
11.2527 4420
11.2558 3740
11.2558 4080
11.2558 4420
11.259 3740
11.259 4080
11.259 4420
11.2622 3740
11.2622 4080
11.2622 4420
11.2653 3740
11.2653 4080
11.2653 4420
11.3417 3740
11.3417 4080
11.3417 4420
11.3449 3740
11.3449 4080
11.3449 4420
11.348 3740
11.348 4080
11.348 4420
11.3512 3740
11.3512 4080
11.3512 4420
11.3543 3740
11.3543 4080
11.3543 4420
11.3575 3740
11.3575 4080
11.3575 4420
11.4339 3740
11.4339 4080
11.4339 4420
11.437 3740
11.437 4080
11.437 4420
11.4402 3740
11.4402 4080
11.4402 4420
11.4433 3740
11.4433 4080
11.4433 4420
11.4465 3740
11.4465 4080
11.4465 4420
11.4496 3740
11.4496 4080
11.4496 4420
11.5261 3740
11.5261 4080
11.5261 4420
11.5292 3740
11.5292 4080
11.5292 4420
11.5324 3740
11.5324 4080
11.5324 4420
11.5355 3740
11.5355 4080
11.5355 4420
11.5387 3740
11.5387 4080
11.5387 4420
11.5418 3740
11.5418 4080
11.5418 4420
11.6182 3740
11.6182 4080
11.6182 4420
11.6214 3740
11.6214 4080
11.6214 4420
11.6245 3740
11.6245 4080
11.6245 4420
11.6277 3740
11.6277 4080
11.6277 4420
11.6308 3740
11.6308 4080
11.6308 4420
11.634 3740
11.634 4080
11.634 4420
11.7104 3740
11.7104 4080
11.7104 4420
11.7135 3740
11.7135 4080
11.7135 4420
11.7167 3740
11.7167 4080
11.7167 4420
11.7199 3740
11.7199 4080
11.7199 4420
11.723 3740
11.723 4080
11.723 4420
11.7262 3740
11.7262 4080
11.7262 4420
11.8026 3740
11.8026 4080
11.8026 4420
11.8057 3740
11.8057 4080
11.8057 4420
11.8089 3740
11.8089 4080
11.8089 4420
11.812 3740
11.812 4080
11.812 4420
11.8152 3740
11.8152 4080
11.8152 4420
11.8183 3740
11.8183 4080
11.8183 4420
11.8947 3740
11.8947 4080
11.8947 4420
11.8979 3740
11.8979 4080
11.8979 4420
11.901 3740
11.901 4080
11.901 4420
11.9042 3740
11.9042 4080
11.9042 4420
11.9073 3740
11.9073 4080
11.9073 4420
11.9105 3740
11.9105 4080
11.9105 4420
11.9869 3740
11.9869 4080
11.9869 4420
11.9901 3740
11.9901 4080
11.9901 4420
11.9932 3740
11.9932 4080
11.9932 4420
11.9964 3740
11.9964 4080
11.9964 4420
11.9995 3740
11.9995 4080
11.9995 4420
12.0027 3740
12.0027 4080
12.0027 4420
12.0791 3740
12.0791 4080
12.0791 4420
12.0822 3740
12.0822 4080
12.0822 4420
12.0854 3740
12.0854 4080
12.0854 4420
12.0885 3740
12.0885 4080
12.0885 4420
12.0917 3740
12.0917 4080
12.0917 4420
12.0948 3740
12.0948 4080
12.0948 4420
12.1712 3740
12.1712 4080
12.1712 4420
12.1744 3740
12.1744 4080
12.1744 4420
12.1776 3740
12.1776 4080
12.1776 4420
12.1807 3740
12.1807 4080
12.1807 4420
12.1839 3740
12.1839 4080
12.1839 4420
12.187 3740
12.187 4080
12.187 4420
12.2634 3740
12.2634 4080
12.2634 4420
12.2666 3740
12.2666 4080
12.2666 4420
12.2697 3740
12.2697 4080
12.2697 4420
12.2729 3740
12.2729 4080
12.2729 4420
12.276 3740
12.276 4080
12.276 4420
12.2792 3740
12.2792 4080
12.2792 4420
12.3556 3740
12.3556 4080
12.3556 4420
12.3587 3740
12.3587 4080
12.3587 4420
12.3619 3740
12.3619 4080
12.3619 4420
12.365 3740
12.365 4080
12.365 4420
12.3682 3740
12.3682 4080
12.3682 4420
12.3713 3740
12.3713 4080
12.3713 4420
12.4478 3740
12.4478 4080
12.4478 4420
12.4509 3740
12.4509 4080
12.4509 4420
12.4541 3740
12.4541 4080
12.4541 4420
12.4572 3740
12.4572 4080
12.4572 4420
12.4604 3740
12.4604 4080
12.4604 4420
12.4635 3740
12.4635 4080
12.4635 4420
12.5399 3740
12.5399 4080
12.5399 4420
12.5431 3740
12.5431 4080
12.5431 4420
12.5462 3740
12.5462 4080
12.5462 4420
12.5494 3740
12.5494 4080
12.5494 4420
12.5525 3740
12.5525 4080
12.5525 4420
12.5557 3740
12.5557 4080
12.5557 4420
12.6321 3740
12.6321 4080
12.6321 4420
12.6353 3740
12.6353 4080
12.6353 4420
12.6384 3740
12.6384 4080
12.6384 4420
12.6416 3740
12.6416 4080
12.6416 4420
12.6447 3740
12.6447 4080
12.6447 4420
12.6479 3740
12.6479 4080
12.6479 4420
12.7243 3740
12.7243 4080
12.7243 4420
12.7274 3740
12.7274 4080
12.7274 4420
12.7306 3740
12.7306 4080
12.7306 4420
12.7337 3740
12.7337 4080
12.7337 4420
12.7369 3740
12.7369 4080
12.7369 4420
12.74 3740
12.74 4080
12.74 4420
12.8164 3740
12.8164 4080
12.8164 4420
12.8196 3740
12.8196 4080
12.8196 4420
12.8227 3740
12.8227 4080
12.8227 4420
12.8259 3740
12.8259 4080
12.8259 4420
12.829 3740
12.829 4080
12.829 4420
12.8322 3740
12.8322 4080
12.8322 4420
12.9086 3740
12.9086 4080
12.9086 4420
12.9118 3740
12.9118 4080
12.9118 4420
12.9149 3740
12.9149 4080
12.9149 4420
12.9181 3740
12.9181 4080
12.9181 4420
12.9212 3740
12.9212 4080
12.9212 4420
12.9244 3740
12.9244 4080
12.9244 4420
13.0008 3740
13.0008 4080
13.0008 4420
13.0039 3740
13.0039 4080
13.0039 4420
13.0071 3740
13.0071 4080
13.0071 4420
13.0102 3740
13.0102 4080
13.0102 4420
13.0134 3740
13.0134 4080
13.0134 4420
13.0165 3740
13.0165 4080
13.0165 4420
13.093 3740
13.093 4080
13.093 4420
13.0961 3740
13.0961 4080
13.0961 4420
13.0993 3740
13.0993 4080
13.0993 4420
13.1024 3740
13.1024 4080
13.1024 4420
13.1056 3740
13.1056 4080
13.1056 4420
13.1087 3740
13.1087 4080
13.1087 4420
13.1851 3740
13.1851 4080
13.1851 4420
13.1883 3740
13.1883 4080
13.1883 4420
13.1914 3740
13.1914 4080
13.1914 4420
13.1946 3740
13.1946 4080
13.1946 4420
13.1977 3740
13.1977 4080
13.1977 4420
13.2009 3740
13.2009 4080
13.2009 4420
13.2773 3740
13.2773 4080
13.2773 4420
13.2804 3740
13.2804 4080
13.2804 4420
13.2836 3740
13.2836 4080
13.2836 4420
13.2867 3740
13.2867 4080
13.2867 4420
13.2899 3740
13.2899 4080
13.2899 4420
13.2931 3740
13.2931 4080
13.2931 4420
13.3695 3740
13.3695 4080
13.3695 4420
13.3726 3740
13.3726 4080
13.3726 4420
13.3758 3740
13.3758 4080
13.3758 4420
13.3789 3740
13.3789 4080
13.3789 4420
13.3821 3740
13.3821 4080
13.3821 4420
13.3852 3740
13.3852 4080
13.3852 4420
13.4616 3740
13.4616 4080
13.4616 4420
13.4648 3740
13.4648 4080
13.4648 4420
13.4679 3740
13.4679 4080
13.4679 4420
13.4711 3740
13.4711 4080
13.4711 4420
13.4742 3740
13.4742 4080
13.4742 4420
13.4774 3740
13.4774 4080
13.4774 4420
13.5538 3740
13.5538 4080
13.5538 4420
13.557 3740
13.557 4080
13.557 4420
13.5601 3740
13.5601 4080
13.5601 4420
13.5633 3740
13.5633 4080
13.5633 4420
13.5664 3740
13.5664 4080
13.5664 4420
13.5696 3740
13.5696 4080
13.5696 4420
13.646 3740
13.646 4080
13.646 4420
13.6491 3740
13.6491 4080
13.6491 4420
13.6523 3740
13.6523 4080
13.6523 4420
13.6554 3740
13.6554 4080
13.6554 4420
13.6586 3740
13.6586 4080
13.6586 4420
13.6617 3740
13.6617 4080
13.6617 4420
13.7381 3740
13.7381 4080
13.7381 4420
13.7413 3740
13.7413 4080
13.7413 4420
13.7444 3740
13.7444 4080
13.7444 4420
13.7476 3740
13.7476 4080
13.7476 4420
13.7508 3740
13.7508 4080
13.7508 4420
13.7539 3740
13.7539 4080
13.7539 4420
13.8303 3740
13.8303 4080
13.8303 4420
13.8335 3740
13.8335 4080
13.8335 4420
13.8366 3740
13.8366 4080
13.8366 4420
13.8398 3740
13.8398 4080
13.8398 4420
13.8429 3740
13.8429 4080
13.8429 4420
13.8461 3740
13.8461 4080
13.8461 4420
13.9225 3740
13.9225 4080
13.9225 4420
13.9256 3740
13.9256 4080
13.9256 4420
13.9288 3740
13.9288 4080
13.9288 4420
13.9319 3740
13.9319 4080
13.9319 4420
13.9351 3740
13.9351 4080
13.9351 4420
13.9382 3740
13.9382 4080
13.9382 4420
14.0147 3740
14.0147 4080
14.0147 4420
14.0178 3740
14.0178 4080
14.0178 4420
14.021 3740
14.021 4080
14.021 4420
14.0241 3740
14.0241 4080
14.0241 4420
14.0273 3740
14.0273 4080
14.0273 4420
14.0304 3740
14.0304 4080
14.0304 4420
14.1068 3740
14.1068 4080
14.1068 4420
14.11 3740
14.11 4080
14.11 4420
14.1131 3740
14.1131 4080
14.1131 4420
14.1163 3740
14.1163 4080
14.1163 4420
14.1194 3740
14.1194 4080
14.1194 4420
14.1226 3740
14.1226 4080
14.1226 4420
14.199 3740
14.199 4080
14.199 4420
14.2021 3740
14.2021 4080
14.2021 4420
14.2053 3740
14.2053 4080
14.2053 4420
14.2085 3740
14.2085 4080
14.2085 4420
14.2116 3740
14.2116 4080
14.2116 4420
14.2148 3740
14.2148 4080
14.2148 4420
14.2912 3740
14.2912 4080
14.2912 4420
14.2943 3740
14.2943 4080
14.2943 4420
14.2975 3740
14.2975 4080
14.2975 4420
14.3006 3740
14.3006 4080
14.3006 4420
14.3038 3740
14.3038 4080
14.3038 4420
14.3069 3740
14.3069 4080
14.3069 4420
14.3833 3740
14.3833 4080
14.3833 4420
14.3865 3740
14.3865 4080
14.3865 4420
14.3896 3740
14.3896 4080
14.3896 4420
14.3928 3740
14.3928 4080
14.3928 4420
14.3959 3740
14.3959 4080
14.3959 4420
14.3991 3740
14.3991 4080
14.3991 4420
14.4755 3740
14.4755 4080
14.4755 4420
14.4787 3740
14.4787 4080
14.4787 4420
14.4818 3740
14.4818 4080
14.4818 4420
14.485 3740
14.485 4080
14.485 4420
14.4881 3740
14.4881 4080
14.4881 4420
14.4913 3740
14.4913 4080
14.4913 4420
14.5677 3740
14.5677 4080
14.5677 4420
14.5708 3740
14.5708 4080
14.5708 4420
14.574 3740
14.574 4080
14.574 4420
14.5771 3740
14.5771 4080
14.5771 4420
14.5803 3740
14.5803 4080
14.5803 4420
14.5834 3740
14.5834 4080
14.5834 4420
14.6598 3740
14.6598 4080
14.6598 4420
14.663 3740
14.663 4080
14.663 4420
14.6662 3740
14.6662 4080
14.6662 4420
14.6693 3740
14.6693 4080
14.6693 4420
14.6725 3740
14.6725 4080
14.6725 4420
14.6756 3740
14.6756 4080
14.6756 4420
14.752 3740
14.752 4080
14.752 4420
14.7552 3740
14.7552 4080
14.7552 4420
14.7583 3740
14.7583 4080
14.7583 4420
14.7615 3740
14.7615 4080
14.7615 4420
14.7646 3740
14.7646 4080
14.7646 4420
14.7678 3740
14.7678 4080
14.7678 4420
14.8442 3740
14.8442 4080
14.8442 4420
14.8473 3740
14.8473 4080
14.8473 4420
14.8505 3740
14.8505 4080
14.8505 4420
14.8536 3740
14.8536 4080
14.8536 4420
14.8568 3740
14.8568 4080
14.8568 4420
14.8599 3740
14.8599 4080
14.8599 4420
14.9364 3740
14.9364 4080
14.9364 4420
14.9395 3740
14.9395 4080
14.9395 4420
14.9427 3740
14.9427 4080
14.9427 4420
14.9458 3740
14.9458 4080
14.9458 4420
14.949 3740
14.949 4080
14.949 4420
14.9521 3740
14.9521 4080
14.9521 4420
15.0285 3740
15.0285 4080
15.0285 4420
15.0317 3740
15.0317 4080
15.0317 4420
15.0348 3740
15.0348 4080
15.0348 4420
15.038 3740
15.038 4080
15.038 4420
15.0411 3740
15.0411 4080
15.0411 4420
15.0443 3740
15.0443 4080
15.0443 4420
15.1207 3740
15.1207 4080
15.1207 4420
15.1239 3740
15.1239 4080
15.1239 4420
15.127 3740
15.127 4080
15.127 4420
15.1302 3740
15.1302 4080
15.1302 4420
15.1333 3740
15.1333 4080
15.1333 4420
15.1365 3740
15.1365 4080
15.1365 4420
15.2129 3740
15.2129 4080
15.2129 4420
15.216 3740
15.216 4080
15.216 4420
15.2192 3740
15.2192 4080
15.2192 4420
15.2223 3740
15.2223 4080
15.2223 4420
15.2255 3740
15.2255 4080
15.2255 4420
15.2286 3740
15.2286 4080
15.2286 4420
15.305 3740
15.305 4080
15.305 4420
15.3082 3740
15.3082 4080
15.3082 4420
15.3113 3740
15.3113 4080
15.3113 4420
15.3145 3740
15.3145 4080
15.3145 4420
15.3176 3740
15.3176 4080
15.3176 4420
15.3208 3740
15.3208 4080
15.3208 4420
15.3972 3740
15.3972 4080
15.3972 4420
15.4004 3740
15.4004 4080
15.4004 4420
15.4035 3740
15.4035 4080
15.4035 4420
15.4067 3740
15.4067 4080
15.4067 4420
15.4098 3740
15.4098 4080
15.4098 4420
15.413 3740
15.413 4080
15.413 4420
15.4894 3740
15.4894 4080
15.4894 4420
15.4925 3740
15.4925 4080
15.4925 4420
15.4957 3740
15.4957 4080
15.4957 4420
15.4988 3740
15.4988 4080
15.4988 4420
15.502 3740
15.502 4080
15.502 4420
15.5051 3740
15.5051 4080
15.5051 4420
15.5816 3740
15.5816 4080
15.5816 4420
15.5847 3740
15.5847 4080
15.5847 4420
15.5879 3740
15.5879 4080
15.5879 4420
15.591 3740
15.591 4080
15.591 4420
15.5942 3740
15.5942 4080
15.5942 4420
15.5973 3740
15.5973 4080
15.5973 4420
15.6737 3740
15.6737 4080
15.6737 4420
15.6769 3740
15.6769 4080
15.6769 4420
15.68 3740
15.68 4080
15.68 4420
15.6832 3740
15.6832 4080
15.6832 4420
15.6863 3740
15.6863 4080
15.6863 4420
15.6895 3740
15.6895 4080
15.6895 4420
15.7659 3740
15.7659 4080
15.7659 4420
15.769 3740
15.769 4080
15.769 4420
15.7722 3740
15.7722 4080
15.7722 4420
15.7753 3740
15.7753 4080
15.7753 4420
15.7785 3740
15.7785 4080
15.7785 4420
15.7817 3740
15.7817 4080
15.7817 4420
15.8581 3740
15.8581 4080
15.8581 4420
15.8612 3740
15.8612 4080
15.8612 4420
15.8644 3740
15.8644 4080
15.8644 4420
15.8675 3740
15.8675 4080
15.8675 4420
15.8707 3740
15.8707 4080
15.8707 4420
15.8738 3740
15.8738 4080
15.8738 4420
15.9502 3740
15.9502 4080
15.9502 4420
15.9534 3740
15.9534 4080
15.9534 4420
15.9565 3740
15.9565 4080
15.9565 4420
15.9597 3740
15.9597 4080
15.9597 4420
15.9628 3740
15.9628 4080
15.9628 4420
15.966 3740
15.966 4080
15.966 4420
16.0424 3740
16.0424 4080
16.0424 4420
16.0456 3740
16.0456 4080
16.0456 4420
16.0487 3740
16.0487 4080
16.0487 4420
16.0519 3740
16.0519 4080
16.0519 4420
16.055 3740
16.055 4080
16.055 4420
16.0582 3740
16.0582 4080
16.0582 4420
16.1346 3740
16.1346 4080
16.1346 4420
16.1377 3740
16.1377 4080
16.1377 4420
16.1409 3740
16.1409 4080
16.1409 4420
16.144 3740
16.144 4080
16.144 4420
16.1472 3740
16.1472 4080
16.1472 4420
16.1503 3740
16.1503 4080
16.1503 4420
16.2267 3740
16.2267 4080
16.2267 4420
16.2299 3740
16.2299 4080
16.2299 4420
16.233 3740
16.233 4080
16.233 4420
16.2362 3740
16.2362 4080
16.2362 4420
16.2394 3740
16.2394 4080
16.2394 4420
16.2425 3740
16.2425 4080
16.2425 4420
16.3189 3740
16.3189 4080
16.3189 4420
16.3221 3740
16.3221 4080
16.3221 4420
16.3252 3740
16.3252 4080
16.3252 4420
16.3284 3740
16.3284 4080
16.3284 4420
16.3315 3740
16.3315 4080
16.3315 4420
16.3347 3740
16.3347 4080
16.3347 4420
16.4111 3740
16.4111 4080
16.4111 4420
16.4142 3740
16.4142 4080
16.4142 4420
16.4174 3740
16.4174 4080
16.4174 4420
16.4205 3740
16.4205 4080
16.4205 4420
16.4237 3740
16.4237 4080
16.4237 4420
16.4268 3740
16.4268 4080
16.4268 4420
16.5033 3740
16.5033 4080
16.5033 4420
16.5064 3740
16.5064 4080
16.5064 4420
16.5096 3740
16.5096 4080
16.5096 4420
16.5127 3740
16.5127 4080
16.5127 4420
16.5159 3740
16.5159 4080
16.5159 4420
16.519 3740
16.519 4080
16.519 4420
16.5954 3740
16.5954 4080
16.5954 4420
16.5986 3740
16.5986 4080
16.5986 4420
16.6017 3740
16.6017 4080
16.6017 4420
16.6049 3740
16.6049 4080
16.6049 4420
16.608 3740
16.608 4080
16.608 4420
16.6112 3740
16.6112 4080
16.6112 4420
16.6876 3740
16.6876 4080
16.6876 4420
16.6907 3740
16.6907 4080
16.6907 4420
16.6939 3740
16.6939 4080
16.6939 4420
16.6971 3740
16.6971 4080
16.6971 4420
16.7002 3740
16.7002 4080
16.7002 4420
16.7034 3740
16.7034 4080
16.7034 4420
16.7798 3740
16.7798 4080
16.7798 4420
16.7829 3740
16.7829 4080
16.7829 4420
16.7861 3740
16.7861 4080
16.7861 4420
16.7892 3740
16.7892 4080
16.7892 4420
16.7924 3740
16.7924 4080
16.7924 4420
16.7955 3740
16.7955 4080
16.7955 4420
16.8719 3740
16.8719 4080
16.8719 4420
16.8751 3740
16.8751 4080
16.8751 4420
16.8782 3740
16.8782 4080
16.8782 4420
16.8814 3740
16.8814 4080
16.8814 4420
16.8845 3740
16.8845 4080
16.8845 4420
16.8877 3740
16.8877 4080
16.8877 4420
16.9641 3740
16.9641 4080
16.9641 4420
16.9673 3740
16.9673 4080
16.9673 4420
16.9704 3740
16.9704 4080
16.9704 4420
16.9736 3740
16.9736 4080
16.9736 4420
16.9767 3740
16.9767 4080
16.9767 4420
16.9799 3740
16.9799 4080
16.9799 4420
17.0563 3740
17.0563 4080
17.0563 4420
17.0594 3740
17.0594 4080
17.0594 4420
17.0626 3740
17.0626 4080
17.0626 4420
17.0657 3740
17.0657 4080
17.0657 4420
17.0689 3740
17.0689 4080
17.0689 4420
17.072 3740
17.072 4080
17.072 4420
17.1484 3740
17.1484 4080
17.1484 4420
17.1516 3740
17.1516 4080
17.1516 4420
17.1548 3740
17.1548 4080
17.1548 4420
17.1579 3740
17.1579 4080
17.1579 4420
17.1611 3740
17.1611 4080
17.1611 4420
17.1642 3740
17.1642 4080
17.1642 4420
17.2406 3740
17.2406 4080
17.2406 4420
17.2438 3740
17.2438 4080
17.2438 4420
17.2469 3740
17.2469 4080
17.2469 4420
17.2501 3740
17.2501 4080
17.2501 4420
17.2532 3740
17.2532 4080
17.2532 4420
17.2564 3740
17.2564 4080
17.2564 4420
17.3328 3740
17.3328 4080
17.3328 4420
17.3359 3740
17.3359 4080
17.3359 4420
17.3391 3740
17.3391 4080
17.3391 4420
17.3422 3740
17.3422 4080
17.3422 4420
17.3454 3740
17.3454 4080
17.3454 4420
17.3485 3740
17.3485 4080
17.3485 4420
17.425 3740
17.425 4080
17.425 4420
17.4281 3740
17.4281 4080
17.4281 4420
17.4313 3740
17.4313 4080
17.4313 4420
17.4344 3740
17.4344 4080
17.4344 4420
17.4376 3740
17.4376 4080
17.4376 4420
17.4407 3740
17.4407 4080
17.4407 4420
17.5171 3740
17.5171 4080
17.5171 4420
17.5203 3740
17.5203 4080
17.5203 4420
17.5234 3740
17.5234 4080
17.5234 4420
17.5266 3740
17.5266 4080
17.5266 4420
17.5297 3740
17.5297 4080
17.5297 4420
17.5329 3740
17.5329 4080
17.5329 4420
17.6093 3740
17.6093 4080
17.6093 4420
17.6125 3740
17.6125 4080
17.6125 4420
17.6156 3740
17.6156 4080
17.6156 4420
17.6188 3740
17.6188 4080
17.6188 4420
17.6219 3740
17.6219 4080
17.6219 4420
17.6251 3740
17.6251 4080
17.6251 4420
17.7015 3740
17.7015 4080
17.7015 4420
17.7046 3740
17.7046 4080
17.7046 4420
17.7078 3740
17.7078 4080
17.7078 4420
17.7109 3740
17.7109 4080
17.7109 4420
17.7141 3740
17.7141 4080
17.7141 4420
17.7172 3740
17.7172 4080
17.7172 4420
17.7936 3740
17.7936 4080
17.7936 4420
17.7968 3740
17.7968 4080
17.7968 4420
17.7999 3740
17.7999 4080
17.7999 4420
17.8031 3740
17.8031 4080
17.8031 4420
17.8062 3740
17.8062 4080
17.8062 4420
17.8094 3740
17.8094 4080
17.8094 4420
17.8858 3740
17.8858 4080
17.8858 4420
17.889 3740
17.889 4080
17.889 4420
17.8921 3740
17.8921 4080
17.8921 4420
17.8953 3740
17.8953 4080
17.8953 4420
17.8984 3740
17.8984 4080
17.8984 4420
17.9016 3740
17.9016 4080
17.9016 4420
17.978 3740
17.978 4080
17.978 4420
17.9811 3740
17.9811 4080
17.9811 4420
17.9843 3740
17.9843 4080
17.9843 4420
17.9874 3740
17.9874 4080
17.9874 4420
17.9906 3740
17.9906 4080
17.9906 4420
17.9937 3740
17.9937 4080
17.9937 4420
18.0702 3740
18.0702 4080
18.0702 4420
18.0733 3740
18.0733 4080
18.0733 4420
18.0765 3740
18.0765 4080
18.0765 4420
18.0796 3740
18.0796 4080
18.0796 4420
18.0828 3740
18.0828 4080
18.0828 4420
18.0859 3740
18.0859 4080
18.0859 4420
18.1623 3740
18.1623 4080
18.1623 4420
18.1655 3740
18.1655 4080
18.1655 4420
18.1686 3740
18.1686 4080
18.1686 4420
18.1718 3740
18.1718 4080
18.1718 4420
18.1749 3740
18.1749 4080
18.1749 4420
18.1781 3740
18.1781 4080
18.1781 4420
18.2545 3740
18.2545 4080
18.2545 4420
18.2576 3740
18.2576 4080
18.2576 4420
18.2608 3740
18.2608 4080
18.2608 4420
18.2639 3740
18.2639 4080
18.2639 4420
18.2671 3740
18.2671 4080
18.2671 4420
18.2703 3740
18.2703 4080
18.2703 4420
18.3467 3740
18.3467 4080
18.3467 4420
18.3498 3740
18.3498 4080
18.3498 4420
18.353 3740
18.353 4080
18.353 4420
18.3561 3740
18.3561 4080
18.3561 4420
18.3593 3740
18.3593 4080
18.3593 4420
18.3624 3740
18.3624 4080
18.3624 4420
18.4388 3740
18.4388 4080
18.4388 4420
18.442 3740
18.442 4080
18.442 4420
18.4451 3740
18.4451 4080
18.4451 4420
18.4483 3740
18.4483 4080
18.4483 4420
18.4514 3740
18.4514 4080
18.4514 4420
18.4546 3740
18.4546 4080
18.4546 4420
18.531 3740
18.531 4080
18.531 4420
18.5342 3740
18.5342 4080
18.5342 4420
18.5373 3740
18.5373 4080
18.5373 4420
18.5405 3740
18.5405 4080
18.5405 4420
18.5436 3740
18.5436 4080
18.5436 4420
18.5468 3740
18.5468 4080
18.5468 4420
18.6232 3740
18.6232 4080
18.6232 4420
18.6263 3740
18.6263 4080
18.6263 4420
18.6295 3740
18.6295 4080
18.6295 4420
18.6326 3740
18.6326 4080
18.6326 4420
18.6358 3740
18.6358 4080
18.6358 4420
18.6389 3740
18.6389 4080
18.6389 4420
18.7153 3740
18.7153 4080
18.7153 4420
18.7185 3740
18.7185 4080
18.7185 4420
18.7216 3740
18.7216 4080
18.7216 4420
18.7248 3740
18.7248 4080
18.7248 4420
18.728 3740
18.728 4080
18.728 4420
18.7311 3740
18.7311 4080
18.7311 4420
18.8075 3740
18.8075 4080
18.8075 4420
18.8107 3740
18.8107 4080
18.8107 4420
18.8138 3740
18.8138 4080
18.8138 4420
18.817 3740
18.817 4080
18.817 4420
18.8201 3740
18.8201 4080
18.8201 4420
18.8233 3740
18.8233 4080
18.8233 4420
18.8997 3740
18.8997 4080
18.8997 4420
18.9028 3740
18.9028 4080
18.9028 4420
18.906 3740
18.906 4080
18.906 4420
18.9091 3740
18.9091 4080
18.9091 4420
18.9123 3740
18.9123 4080
18.9123 4420
18.9154 3740
18.9154 4080
18.9154 4420
18.9919 3740
18.9919 4080
18.9919 4420
18.995 3740
18.995 4080
18.995 4420
18.9982 3740
18.9982 4080
18.9982 4420
19.0013 3740
19.0013 4080
19.0013 4420
19.0045 3740
19.0045 4080
19.0045 4420
19.0076 3740
19.0076 4080
19.0076 4420
19.084 3740
19.084 4080
19.084 4420
19.0872 3740
19.0872 4080
19.0872 4420
19.0903 3740
19.0903 4080
19.0903 4420
19.0935 3740
19.0935 4080
19.0935 4420
19.0966 3740
19.0966 4080
19.0966 4420
19.0998 3740
19.0998 4080
19.0998 4420
19.1762 3740
19.1762 4080
19.1762 4420
19.1793 3740
19.1793 4080
19.1793 4420
19.1825 3740
19.1825 4080
19.1825 4420
19.1857 3740
19.1857 4080
19.1857 4420
19.1888 3740
19.1888 4080
19.1888 4420
19.192 3740
19.192 4080
19.192 4420
19.2684 3740
19.2684 4080
19.2684 4420
19.2715 3740
19.2715 4080
19.2715 4420
19.2747 3740
19.2747 4080
19.2747 4420
19.2778 3740
19.2778 4080
19.2778 4420
19.281 3740
19.281 4080
19.281 4420
19.2841 3740
19.2841 4080
19.2841 4420
19.3605 3740
19.3605 4080
19.3605 4420
19.3637 3740
19.3637 4080
19.3637 4420
19.3668 3740
19.3668 4080
19.3668 4420
19.37 3740
19.37 4080
19.37 4420
19.3731 3740
19.3731 4080
19.3731 4420
19.3763 3740
19.3763 4080
19.3763 4420
19.4527 3740
19.4527 4080
19.4527 4420
19.4559 3740
19.4559 4080
19.4559 4420
19.459 3740
19.459 4080
19.459 4420
19.4622 3740
19.4622 4080
19.4622 4420
19.4653 3740
19.4653 4080
19.4653 4420
19.4685 3740
19.4685 4080
19.4685 4420
19.5449 3740
19.5449 4080
19.5449 4420
19.548 3740
19.548 4080
19.548 4420
19.5512 3740
19.5512 4080
19.5512 4420
19.5543 3740
19.5543 4080
19.5543 4420
19.5575 3740
19.5575 4080
19.5575 4420
19.5606 3740
19.5606 4080
19.5606 4420
19.637 3740
19.637 4080
19.637 4420
19.6402 3740
19.6402 4080
19.6402 4420
19.6434 3740
19.6434 4080
19.6434 4420
19.6465 3740
19.6465 4080
19.6465 4420
19.6497 3740
19.6497 4080
19.6497 4420
19.6528 3740
19.6528 4080
19.6528 4420
19.7292 3740
19.7292 4080
19.7292 4420
19.7324 3740
19.7324 4080
19.7324 4420
19.7355 3740
19.7355 4080
19.7355 4420
19.7387 3740
19.7387 4080
19.7387 4420
19.7418 3740
19.7418 4080
19.7418 4420
19.745 3740
19.745 4080
19.745 4420
19.8214 3740
19.8214 4080
19.8214 4420
19.8245 3740
19.8245 4080
19.8245 4420
19.8277 3740
19.8277 4080
19.8277 4420
19.8308 3740
19.8308 4080
19.8308 4420
19.834 3740
19.834 4080
19.834 4420
19.8371 3740
19.8371 4080
19.8371 4420
19.9136 3740
19.9136 4080
19.9136 4420
19.9167 3740
19.9167 4080
19.9167 4420
19.9199 3740
19.9199 4080
19.9199 4420
19.923 3740
19.923 4080
19.923 4420
19.9262 3740
19.9262 4080
19.9262 4420
19.9293 3740
19.9293 4080
19.9293 4420
20.0057 3740
20.0057 4080
20.0057 4420
20.0089 3740
20.0089 4080
20.0089 4420
20.012 3740
20.012 4080
20.012 4420
20.0152 3740
20.0152 4080
20.0152 4420
20.0183 3740
20.0183 4080
20.0183 4420
20.0215 3740
20.0215 4080
20.0215 4420
20.0979 3740
20.0979 4080
20.0979 4420
