0.0905768 1
0.0905768 341
0.18279 681
0.18279 1021
0.276537 1361
0.276537 1701
0.276537 2041
0.370283 2381
0.370283 2721
0.370283 3061
0.462454 3401
0.462454 3741
0.462454 4081
0.465606 4421
0.465606 4761
0.465606 5101
0.5562 5441
0.5562 5781
0.5562 6121
0.559352 6461
0.559352 6801
0.559352 7141
0.562504 7481
0.562504 7821
0.562504 8161
0.649946 8501
0.649946 8841
0.649946 9181
0.653098 9521
0.653098 9861
0.653098 10201
0.65625 10541
0.65625 10881
0.65625 11221
0.659402 11561
0.659402 11901
0.659402 12241
0.742117 12581
0.742117 12921
0.742117 13261
0.745269 13601
0.748421 13941
0.748421 14281
0.751573 14621
0.751573 14961
0.754725 15301
0.754725 15641
0.757877 15981
0.757877 16321
0.834287 16661
0.834287 17001
0.837439 17341
0.837439 17681
0.840591 18021
0.840591 18361
0.843743 18701
0.843743 19041
0.846895 19381
0.846895 19721
0.850047 20061
0.850047 20401
0.926458 20741
0.926458 21081
0.92961 21421
0.92961 21761
0.932762 22101
0.932762 22441
0.935914 22781
0.935914 23121
0.939066 23461
0.939066 23801
0.942218 24141
0.942218 24481
1.01863 24821
1.01863 25161
1.02178 25501
1.02178 25841
1.02493 26181
1.02493 26521
1.02808 26861
1.02808 27201
1.03124 27541
1.03124 27881
1.03439 28221
1.03439 28561
1.1108 28901
1.1108 29241
1.11395 29581
1.11395 29921
1.1171 30261
1.1171 30601
1.12025 30941
1.12025 31281
1.12341 31621
1.12341 31961
1.12656 32301
1.12656 32641
1.20297 32981
1.20297 33321
1.20612 33661
1.20612 34001
1.20927 34341
1.20927 34681
1.21242 35021
1.21242 35361
1.21558 35701
1.21558 36041
1.21873 36381
1.21873 36721
1.29514 37061
1.29514 37401
1.29829 37741
1.29829 38081
1.30144 38421
1.30144 38761
1.3046 39101
1.3046 39441
1.30775 39781
1.30775 40121
1.3109 40461
1.3109 40801
1.38731 41141
1.38731 41481
1.39046 41821
1.39046 42161
1.39361 42501
1.39361 42841
1.39677 43181
1.39677 43521
1.39992 43861
1.39992 44201
1.40307 44541
1.40307 44881
1.47948 45221
1.47948 45561
1.48263 45901
1.48263 46241
1.48578 46581
1.48578 46921
1.48894 47261
1.48894 47601
1.49209 47941
1.49209 48281
1.49524 48621
1.49524 48961
1.57165 49301
1.57165 49641
1.5748 49981
1.5748 50321
1.57795 50661
1.57795 51001
1.58111 51341
1.58111 51681
1.58426 52021
1.58426 52361
1.58741 52701
1.58741 53041
1.66382 53381
1.66382 53721
1.66697 54061
1.66697 54401
1.67012 54741
1.67012 55081
1.67328 55421
1.67328 55761
1.67643 56101
1.67643 56441
1.67958 56781
1.67958 57121
1.75599 57461
1.75599 57801
1.75914 58141
1.75914 58481
1.7623 58821
1.7623 59161
1.76545 59501
1.76545 59841
1.7686 60181
1.7686 60521
1.77175 60861
1.77175 61201
1.84816 61541
1.84816 61881
1.85131 62221
1.85131 62561
1.85447 62901
1.85447 63241
1.85762 63581
1.85762 63921
1.86077 64261
1.86077 64601
1.86392 64941
1.86392 65281
1.94033 65621
1.94033 65961
1.94348 66301
1.94348 66641
1.94664 66981
1.94664 67321
1.94979 67661
1.94979 68001
1.95294 68341
1.95294 68681
1.95609 69021
1.95609 69361
2.0325 69701
2.0325 70041
2.03565 70381
2.03565 70721
2.03881 71061
2.03881 71401
2.04196 71741
2.04196 72081
2.04511 72421
2.04511 72761
2.04826 73101
2.04826 73441
2.12467 73781
2.12467 74121
2.12782 74461
2.12782 74801
2.13098 75141
2.13098 75481
2.13413 75821
2.13413 76161
2.13728 76501
2.13728 76841
2.14043 77181
2.14043 77521
2.21684 77861
2.21684 78201
2.22 78541
2.22 78881
2.22315 79221
2.22315 79561
2.2263 79901
2.2263 80241
2.22945 80581
2.22945 80921
2.2326 81261
2.2326 81601
2.30901 81941
2.30901 82281
2.31217 82621
2.31217 82961
2.31532 83301
2.31532 83641
2.31847 83981
2.31847 84321
2.32162 84661
2.32162 85001
2.32477 85341
2.32477 85681
2.40118 86021
2.40118 86361
2.40434 86701
2.40434 87041
2.40749 87381
2.40749 87721
2.41064 88061
2.41064 88401
2.41379 88741
2.41379 89081
2.41694 89421
2.41694 89761
2.49335 90101
2.49335 90441
2.49651 90781
2.49651 91121
2.49966 91461
2.49966 91801
2.50281 92141
2.50281 92481
2.50596 92821
2.50596 93161
2.50911 93501
2.50911 93841
2.58552 94181
2.58552 94521
2.58868 94861
2.58868 95201
2.59183 95541
2.59183 95881
2.59498 96221
2.59498 96561
2.59813 96901
2.59813 97241
2.60128 97581
2.60128 97921
2.6777 98261
2.6777 98601
2.68085 98941
2.68085 99281
2.684 99621
2.684 99961
2.68715 100301
2.68715 100641
2.6903 100981
2.6903 101321
2.69346 101661
2.69346 102001
2.76987 102341
2.76987 102681
2.77302 103021
2.77302 103361
2.77617 103701
2.77617 104041
2.77932 104381
2.77932 104721
2.78247 105061
2.78247 105401
2.78563 105741
2.78563 106081
2.86204 106421
2.86204 106761
2.86519 107101
2.86519 107441
2.86834 107781
2.86834 108121
2.87149 108461
2.87149 108801
2.87464 109141
2.87464 109481
2.8778 109821
2.8778 110161
2.95421 110501
2.95421 110841
2.95736 111181
2.95736 111521
2.96051 111861
2.96051 112201
2.96366 112541
2.96366 112881
2.96681 113221
2.96681 113561
2.96997 113901
2.96997 114241
3.04638 114581
3.04638 114921
3.04953 115261
3.04953 115601
3.05268 115941
3.05268 116281
3.05583 116621
3.05583 116961
3.05898 117301
3.05898 117641
3.06214 117981
3.06214 118321
3.13855 118661
3.13855 119001
3.1417 119341
3.1417 119681
3.14485 120021
3.14485 120361
3.148 120701
3.148 121041
3.15116 121381
3.15116 121721
3.15431 122061
3.15431 122401
3.23072 122741
3.23072 123081
3.23387 123421
3.23387 123761
3.23702 124101
3.23702 124441
3.24017 124781
3.24017 125121
3.24333 125461
3.24333 125801
3.24648 126141
3.24648 126481
3.32289 126821
3.32289 127161
3.32604 127501
3.32604 127841
3.32919 128181
3.32919 128521
3.33234 128861
3.33234 129201
3.3355 129541
3.3355 129881
3.33865 130221
3.33865 130561
3.41506 130901
3.41506 131241
3.41821 131581
3.41821 131921
3.42136 132261
3.42136 132601
3.42451 132941
3.42451 133281
3.42767 133621
3.42767 133961
3.43082 134301
3.43082 134641
3.50723 134981
3.50723 135321
3.51038 135661
3.51038 136001
3.51353 136341
3.51353 136681
3.51668 137021
3.51668 137361
3.51984 137701
3.51984 138041
3.52299 138381
3.52299 138721
3.5994 139061
3.5994 139401
3.60255 139741
3.60255 140081
3.6057 140421
3.6057 140761
3.60886 141101
3.60886 141441
3.61201 141781
3.61201 142121
3.61516 142461
3.61516 142801
3.69157 143141
3.69157 143481
3.69472 143821
3.69472 144161
3.69787 144501
3.69787 144841
3.70103 145181
3.70103 145521
3.70418 145861
3.70418 146201
3.70733 146541
3.70733 146881
3.78374 147221
3.78374 147561
3.78689 147901
3.78689 148241
3.79004 148581
3.79004 148921
3.7932 149261
3.7932 149601
3.79635 149941
3.79635 150281
3.7995 150621
3.7995 150961
3.87591 151301
3.87591 151641
3.87906 151981
3.87906 152321
3.88221 152661
3.88221 153001
3.88537 153341
3.88537 153681
3.88852 154021
3.88852 154361
3.89167 154701
3.89167 155041
3.96808 155381
3.96808 155721
3.97123 156061
3.97123 156401
3.97438 156741
3.97438 157081
3.97754 157421
3.97754 157761
3.98069 158101
3.98069 158441
3.98384 158781
3.98384 159121
4.06025 159461
4.06025 159801
4.0634 160141
4.0634 160481
4.06656 160821
4.06656 161161
4.06971 161501
4.06971 161841
4.07286 162181
4.07286 162521
4.07601 162861
4.07601 163201
4.15242 163541
4.15242 163881
4.15557 164221
4.15557 164561
4.15873 164901
4.15873 165241
4.16188 165581
4.16188 165921
4.16503 166261
4.16503 166601
4.16818 166941
4.16818 167281
4.24459 167621
4.24459 167961
4.24774 168301
4.24774 168641
4.2509 168981
4.2509 169321
4.25405 169661
4.25405 170001
4.2572 170341
4.2572 170681
4.26035 171021
4.26035 171361
4.33676 171701
4.33676 172041
4.33991 172381
4.33991 172721
4.34307 173061
4.34307 173401
4.34622 173741
4.34622 174081
4.34937 174421
4.34937 174761
4.35252 175101
4.35252 175441
4.42893 175781
4.42893 176121
4.43208 176461
4.43208 176801
4.43524 177141
4.43524 177481
4.43839 177821
4.43839 178161
4.44154 178501
4.44154 178841
4.44469 179181
4.44469 179521
4.5211 179861
4.5211 180201
4.52426 180541
4.52426 180881
4.52741 181221
4.52741 181561
4.53056 181901
4.53056 182241
4.53371 182581
4.53371 182921
4.53686 183261
4.53686 183601
4.61327 183941
4.61327 184281
4.61643 184621
4.61643 184961
4.61958 185301
4.61958 185641
4.62273 185981
4.62273 186321
4.62588 186661
4.62588 187001
4.62903 187341
4.62903 187681
4.70544 188021
4.70544 188361
4.7086 188701
4.7086 189041
4.71175 189381
4.71175 189721
4.7149 190061
4.7149 190401
4.71805 190741
4.71805 191081
4.7212 191421
4.7212 191761
4.79761 192101
4.79761 192441
4.80077 192781
4.80077 193121
4.80392 193461
4.80392 193801
4.80707 194141
4.80707 194481
4.81022 194821
4.81022 195161
4.81337 195501
4.81337 195841
4.88978 196181
4.88978 196521
4.89294 196861
4.89294 197201
4.89609 197541
4.89609 197881
4.89924 198221
4.89924 198561
4.90239 198901
4.90239 199241
4.90554 199581
4.90554 199921
4.98196 200261
4.98196 200601
4.98511 200941
4.98511 201281
4.98826 201621
4.98826 201961
4.99141 202301
4.99141 202641
4.99456 202981
4.99456 203321
4.99772 203661
4.99772 204001
5.07413 204341
5.07413 204681
5.07728 205021
5.07728 205361
5.08043 205701
5.08043 206041
5.08358 206381
5.08358 206721
5.08673 207061
5.08673 207401
5.08989 207741
5.08989 208081
5.1663 208421
5.1663 208761
5.16945 209101
5.16945 209441
5.1726 209781
5.1726 210121
5.17575 210461
5.17575 210801
5.1789 211141
5.1789 211481
5.18206 211821
5.18206 212161
5.25847 212501
5.25847 212841
5.26162 213181
5.26162 213521
5.26477 213861
5.26477 214201
5.26792 214541
5.26792 214881
5.27107 215221
5.27107 215561
5.27423 215901
5.27423 216241
5.35064 216581
5.35064 216921
5.35379 217261
5.35379 217601
5.35694 217941
5.35694 218281
5.36009 218621
5.36009 218961
5.36324 219301
5.36324 219641
5.3664 219981
5.3664 220321
5.44281 220661
5.44281 221001
5.44596 221341
5.44596 221681
5.44911 222021
5.44911 222361
5.45226 222701
5.45226 223041
5.45542 223381
5.45542 223721
5.45857 224061
5.45857 224401
5.53498 224741
5.53498 225081
5.53813 225421
5.53813 225761
5.54128 226101
5.54128 226441
5.54443 226781
5.54443 227121
5.54759 227461
5.54759 227801
5.55074 228141
5.55074 228481
5.62715 228821
5.62715 229161
5.6303 229501
5.6303 229841
5.63345 230181
5.63345 230521
5.6366 230861
5.6366 231201
5.63976 231541
5.63976 231881
5.64291 232221
5.64291 232561
5.71932 232901
5.71932 233241
5.72247 233581
5.72247 233921
5.72562 234261
5.72562 234601
5.72877 234941
5.72877 235281
5.73193 235621
5.73193 235961
5.73508 236301
5.73508 236641
5.81149 236981
5.81149 237321
5.81464 237661
5.81464 238001
5.81779 238341
5.81779 238681
5.82094 239021
5.82094 239361
5.8241 239701
5.8241 240041
5.82725 240381
5.82725 240721
5.90366 241061
5.90366 241401
5.90681 241741
5.90681 242081
5.90996 242421
5.90996 242761
5.91312 243101
5.91312 243441
5.91627 243781
5.91627 244121
5.91942 244461
5.91942 244801
5.99583 245141
5.99583 245481
5.99898 245821
5.99898 246161
6.00213 246501
6.00213 246841
6.00529 247181
6.00529 247521
6.00844 247861
6.00844 248201
6.01159 248541
6.01159 248881
6.088 249221
6.088 249561
6.09115 249901
6.09115 250241
6.0943 250581
6.0943 250921
6.09746 251261
6.09746 251601
6.10061 251941
6.10061 252281
6.10376 252621
6.10376 252961
6.18017 253301
6.18017 253641
6.18332 253981
6.18332 254321
6.18647 254661
6.18647 255001
6.18963 255341
6.18963 255681
6.19278 256021
6.19278 256361
6.19593 256701
6.19593 257041
6.27234 257381
6.27234 257721
6.27549 258061
6.27549 258401
6.27864 258741
6.27864 259081
6.2818 259421
6.2818 259761
6.28495 260101
6.28495 260441
6.2881 260781
6.2881 261121
6.36451 261461
6.36451 261801
6.36766 262141
6.36766 262481
6.37082 262821
6.37082 263161
6.37397 263501
6.37397 263841
6.37712 264181
6.37712 264521
6.38027 264861
6.38027 265201
6.45668 265541
6.45668 265881
6.45983 266221
6.45983 266561
6.46299 266901
6.46299 267241
6.46614 267581
6.46614 267921
6.46929 268261
6.46929 268601
6.47244 268941
6.47244 269281
6.54885 269621
6.54885 269961
6.552 270301
6.552 270641
6.55516 270981
6.55516 271321
6.55831 271661
6.55831 272001
6.56146 272341
6.56146 272681
6.56461 273021
6.56461 273361
6.64102 273701
6.64102 274041
6.64417 274381
6.64417 274721
6.64733 275061
6.64733 275401
6.65048 275741
6.65048 276081
6.65363 276421
6.65363 276761
6.65678 277101
6.65678 277441
6.73319 277781
6.73319 278121
6.73634 278461
6.73634 278801
6.7395 279141
6.7395 279481
6.74265 279821
6.74265 280161
6.7458 280501
6.7458 280841
6.74895 281181
6.74895 281521
6.82536 281861
6.82536 282201
6.82852 282541
6.82852 282881
6.83167 283221
6.83167 283561
6.83482 283901
6.83482 284241
6.83797 284581
6.83797 284921
6.84112 285261
6.84112 285601
6.91753 285941
6.91753 286281
6.92069 286621
6.92069 286961
6.92384 287301
6.92384 287641
6.92699 287981
6.92699 288321
6.93014 288661
6.93014 289001
6.93329 289341
6.93329 289681
7.0097 290021
7.0097 290361
7.01286 290701
7.01286 291041
7.01601 291381
7.01601 291721
7.01916 292061
7.01916 292401
7.02231 292741
7.02231 293081
7.02546 293421
7.02546 293761
7.10187 294101
7.10187 294441
7.10503 294781
7.10503 295121
7.10818 295461
7.10818 295801
7.11133 296141
7.11133 296481
7.11448 296821
7.11448 297161
7.11763 297501
7.11763 297841
7.19404 298181
7.19404 298521
7.1972 298861
7.1972 299201
7.20035 299541
7.20035 299881
7.2035 300221
7.2035 300561
7.20665 300901
7.20665 301241
7.2098 301581
7.2098 301921
7.28622 302261
7.28622 302601
7.28937 302941
7.28937 303281
7.29252 303621
7.29252 303961
7.29567 304301
7.29567 304641
7.29882 304981
7.29882 305321
7.30198 305661
7.30198 306001
7.37839 306341
7.37839 306681
7.38154 307021
7.38154 307361
7.38469 307701
7.38469 308041
7.38784 308381
7.38784 308721
7.39099 309061
7.39099 309401
7.39415 309741
7.39415 310081
7.47056 310421
7.47056 310761
7.47371 311101
7.47371 311441
7.47686 311781
7.47686 312121
7.48001 312461
7.48001 312801
7.48316 313141
7.48316 313481
7.48632 313821
7.48632 314161
7.56273 314501
7.56273 314841
7.56588 315181
7.56588 315521
7.56903 315861
7.56903 316201
7.57218 316541
7.57218 316881
7.57533 317221
7.57533 317561
7.57849 317901
7.57849 318241
7.6549 318581
7.6549 318921
7.65805 319261
7.65805 319601
7.6612 319941
7.6612 320281
7.66435 320621
7.66435 320961
7.6675 321301
7.6675 321641
7.67066 321981
7.67066 322321
7.74707 322661
7.74707 323001
7.75022 323341
7.75022 323681
7.75337 324021
7.75337 324361
7.75652 324701
7.75652 325041
7.75968 325381
7.75968 325721
7.76283 326061
7.76283 326401
7.83924 326741
7.83924 327081
7.84239 327421
7.84239 327761
7.84554 328101
7.84554 328441
7.84869 328781
7.84869 329121
7.85185 329461
7.85185 329801
7.855 330141
7.855 330481
7.93141 330821
7.93141 331161
7.93456 331501
7.93456 331841
7.93771 332181
7.93771 332521
7.94086 332861
7.94086 333201
7.94402 333541
7.94402 333881
7.94717 334221
7.94717 334561
8.02358 334901
8.02358 335241
8.02673 335581
8.02673 335921
8.02988 336261
8.02988 336601
8.03303 336941
8.03303 337281
8.03619 337621
8.03619 337961
8.03934 338301
8.03934 338641
8.11575 338981
8.11575 339321
8.1189 339661
8.1189 340001
8.12205 340341
8.12205 340681
8.1252 341021
8.1252 341361
8.12836 341701
8.12836 342041
8.13151 342381
8.13151 342721
8.20792 343061
8.20792 343401
8.21107 343741
8.21107 344081
8.21422 344421
8.21422 344761
8.21738 345101
8.21738 345441
8.22053 345781
8.22053 346121
8.22368 346461
8.22368 346801
8.30009 347141
8.30009 347481
8.30324 347821
8.30324 348161
8.30639 348501
8.30639 348841
8.30955 349181
8.30955 349521
8.3127 349861
8.3127 350201
8.31585 350541
8.31585 350881
8.39226 351221
8.39226 351561
8.39541 351901
8.39541 352241
8.39856 352581
8.39856 352921
8.40172 353261
8.40172 353601
8.40487 353941
8.40487 354281
8.40802 354621
8.40802 354961
8.48443 355301
8.48443 355641
8.48758 355981
8.48758 356321
8.49073 356661
8.49073 357001
8.49389 357341
8.49389 357681
8.49704 358021
8.49704 358361
8.50019 358701
8.50019 359041
8.5766 359381
8.5766 359721
8.57975 360061
8.57975 360401
8.5829 360741
8.5829 361081
8.58606 361421
8.58606 361761
8.58921 362101
8.58921 362441
8.59236 362781
8.59236 363121
8.66877 363461
8.66877 363801
8.67192 364141
8.67192 364481
8.67508 364821
8.67508 365161
8.67823 365501
8.67823 365841
8.68138 366181
8.68138 366521
8.68453 366861
8.68453 367201
8.76094 367541
8.76094 367881
8.76409 368221
8.76409 368561
8.76725 368901
8.76725 369241
8.7704 369581
8.7704 369921
8.77355 370261
8.77355 370601
8.7767 370941
8.7767 371281
8.85311 371621
8.85311 371961
8.85626 372301
8.85626 372641
8.85942 372981
8.85942 373321
8.86257 373661
8.86257 374001
8.86572 374341
8.86572 374681
8.86887 375021
8.86887 375361
8.94528 375701
8.94528 376041
8.94843 376381
8.94843 376721
8.95159 377061
8.95159 377401
8.95474 377741
8.95474 378081
8.95789 378421
8.95789 378761
8.96104 379101
8.96104 379441
9.03745 379781
9.03745 380121
9.0406 380461
9.0406 380801
9.04376 381141
9.04376 381481
9.04691 381821
9.04691 382161
9.05006 382501
9.05006 382841
9.05321 383181
9.05321 383521
9.12962 383861
9.12962 384201
9.13277 384541
9.13277 384881
9.13593 385221
9.13593 385561
9.13908 385901
9.13908 386241
9.14223 386581
9.14223 386921
9.14538 387261
9.14538 387601
9.22179 387941
9.22179 388281
9.22495 388621
9.22495 388961
9.2281 389301
9.2281 389641
9.23125 389981
9.23125 390321
9.2344 390661
9.2344 391001
9.23755 391341
9.23755 391681
9.31396 392021
9.31396 392361
9.31712 392701
9.31712 393041
9.32027 393381
9.32027 393721
9.32342 394061
9.32342 394401
9.32657 394741
9.32657 395081
9.32972 395421
9.32972 395761
9.40613 396101
9.40613 396441
9.40929 396781
9.40929 397121
9.41244 397461
9.41244 397801
9.41559 398141
9.41559 398481
9.41874 398821
9.41874 399161
9.42189 399501
9.42189 399841
9.4983 400181
9.4983 400521
9.50146 400861
9.50146 401201
9.50461 401541
9.50461 401881
9.50776 402221
9.50776 402561
9.51091 402901
9.51091 403241
9.51406 403581
9.51406 403921
9.59047 404261
9.59047 404601
9.59363 404941
9.59363 405281
9.59678 405621
9.59678 405961
9.59993 406301
9.59993 406641
9.60308 406981
9.60308 407321
9.60623 407661
9.60623 408001
9.68265 408341
9.68265 408681
9.6858 409021
9.6858 409361
9.68895 409701
9.68895 410041
9.6921 410381
9.6921 410721
9.69525 411061
9.69525 411401
9.69841 411741
9.69841 412081
9.77482 412421
9.77482 412761
9.77797 413101
9.77797 413441
9.78112 413781
9.78112 414121
9.78427 414461
9.78427 414801
9.78742 415141
9.78742 415481
9.79058 415821
9.79058 416161
9.86699 416501
9.86699 416841
9.87014 417181
9.87014 417521
9.87329 417861
9.87329 418201
9.87644 418541
9.87644 418881
9.87959 419221
9.87959 419561
9.88275 419901
9.88275 420241
9.95916 420581
9.95916 420921
9.96231 421261
9.96231 421601
9.96546 421941
9.96546 422281
9.96861 422621
9.96861 422961
9.97176 423301
9.97176 423641
9.97492 423981
9.97492 424321
10.0513 424661
10.0513 425001
10.0545 425341
10.0545 425681
10.0576 426021
10.0576 426361
10.0608 426701
10.0608 427041
10.0639 427381
10.0639 427721
10.0671 428061
10.0671 428401
10.1435 428741
10.1435 429081
10.1466 429421
10.1466 429761
10.1498 430101
10.1498 430441
10.153 430781
10.153 431121
10.1561 431461
10.1561 431801
10.1593 432141
10.1593 432481
10.2357 432821
10.2357 433161
10.2388 433501
10.2388 433841
10.242 434181
10.242 434521
10.2451 434861
10.2451 435201
10.2483 435541
10.2483 435881
10.2514 436221
10.2514 436561
10.3278 436901
10.3278 437241
10.331 437581
10.331 437921
10.3341 438261
10.3341 438601
10.3373 438941
10.3373 439281
10.3404 439621
10.3404 439961
10.3436 440301
10.3436 440641
10.42 440981
10.42 441321
10.4232 441661
10.4232 442001
10.4263 442341
10.4263 442681
10.4295 443021
10.4295 443361
10.4326 443701
10.4326 444041
10.4358 444381
10.4358 444721
10.5122 445061
10.5122 445401
10.5153 445741
10.5153 446081
10.5185 446421
10.5185 446761
10.5216 447101
10.5216 447441
10.5248 447781
10.5248 448121
10.5279 448461
10.5279 448801
10.6043 449141
10.6043 449481
10.6075 449821
10.6075 450161
10.6107 450501
10.6107 450841
10.6138 451181
10.6138 451521
10.617 451861
10.617 452201
10.6201 452541
10.6201 452881
10.6965 453221
10.6965 453561
10.6997 453901
10.6997 454241
10.7028 454581
10.7028 454921
10.706 455261
10.706 455601
10.7091 455941
10.7091 456281
10.7123 456621
10.7123 456961
10.7887 457301
10.7887 457641
10.7918 457981
10.7918 458321
10.795 458661
10.795 459001
10.7981 459341
10.7981 459681
10.8013 460021
10.8013 460361
10.8045 460701
10.8045 461041
10.8809 461381
10.8809 461721
10.884 462061
10.884 462401
10.8872 462741
10.8872 463081
10.8903 463421
10.8903 463761
10.8935 464101
10.8935 464441
10.8966 464781
10.8966 465121
10.973 465461
10.973 465801
10.9762 466141
10.9762 466481
10.9793 466821
10.9793 467161
10.9825 467501
10.9825 467841
10.9856 468181
10.9856 468521
10.9888 468861
10.9888 469201
11.0652 469541
11.0652 469881
11.0684 470221
11.0684 470561
11.0715 470901
11.0715 471241
11.0747 471581
11.0747 471921
11.0778 472261
11.0778 472601
11.081 472941
11.081 473281
11.1574 473621
11.1574 473961
11.1605 474301
11.1605 474641
11.1637 474981
11.1637 475321
11.1668 475661
11.1668 476001
11.17 476341
11.17 476681
11.1731 477021
11.1731 477361
11.2495 477701
11.2495 478041
11.2527 478381
11.2527 478721
11.2558 479061
11.2558 479401
11.259 479741
11.259 480081
11.2622 480421
11.2622 480761
11.2653 481101
11.2653 481441
11.3417 481781
11.3417 482121
11.3449 482461
11.3449 482801
11.348 483141
11.348 483481
11.3512 483821
11.3512 484161
11.3543 484501
11.3543 484841
11.3575 485181
11.3575 485521
11.4339 485861
11.4339 486201
11.437 486541
11.437 486881
11.4402 487221
11.4402 487561
11.4433 487901
11.4433 488241
11.4465 488581
11.4465 488921
11.4496 489261
11.4496 489601
11.5261 489941
11.5261 490281
11.5292 490621
11.5292 490961
11.5324 491301
11.5324 491641
11.5355 491981
11.5355 492321
11.5387 492661
11.5387 493001
11.5418 493341
11.5418 493681
11.6182 494021
11.6182 494361
11.6214 494701
11.6214 495041
11.6245 495381
11.6245 495721
11.6277 496061
11.6277 496401
11.6308 496741
11.6308 497081
11.634 497421
11.634 497761
11.7104 498101
11.7104 498441
11.7135 498781
11.7135 499121
11.7167 499461
11.7167 499801
11.7199 500141
11.7199 500481
11.723 500821
11.723 501161
11.7262 501501
11.7262 501841
11.8026 502181
11.8026 502521
11.8057 502861
11.8057 503201
11.8089 503541
11.8089 503881
11.812 504221
11.812 504561
11.8152 504901
11.8152 505241
11.8183 505581
11.8183 505921
11.8947 506261
11.8947 506601
11.8979 506941
11.8979 507281
11.901 507621
11.901 507961
11.9042 508301
11.9042 508641
11.9073 508981
11.9073 509321
11.9105 509661
11.9105 510001
11.9869 510341
11.9869 510681
11.9901 511021
11.9901 511361
11.9932 511701
11.9932 512041
11.9964 512381
11.9964 512721
11.9995 513061
11.9995 513401
12.0027 513741
12.0027 514081
12.0791 514421
12.0791 514761
12.0822 515101
12.0822 515441
12.0854 515781
12.0854 516121
12.0885 516461
12.0885 516801
12.0917 517141
12.0917 517481
12.0948 517821
12.0948 518161
12.1712 518501
12.1712 518841
12.1744 519181
12.1744 519521
12.1776 519861
12.1776 520201
12.1807 520541
12.1807 520881
12.1839 521221
12.1839 521561
12.187 521901
12.187 522241
12.2634 522581
12.2634 522921
12.2666 523261
12.2666 523601
12.2697 523941
12.2697 524281
12.2729 524621
12.2729 524961
12.276 525301
12.276 525641
12.2792 525981
12.2792 526321
12.3556 526661
12.3556 527001
12.3587 527341
12.3587 527681
12.3619 528021
12.3619 528361
12.365 528701
12.365 529041
12.3682 529381
12.3682 529721
12.3713 530061
12.3713 530401
12.4478 530741
12.4478 531081
12.4509 531421
12.4509 531761
12.4541 532101
12.4541 532441
12.4572 532781
12.4572 533121
12.4604 533461
12.4604 533801
12.4635 534141
12.4635 534481
12.5399 534821
12.5399 535161
12.5431 535501
12.5431 535841
12.5462 536181
12.5462 536521
12.5494 536861
12.5494 537201
12.5525 537541
12.5525 537881
12.5557 538221
12.5557 538561
12.6321 538901
12.6321 539241
12.6353 539581
12.6353 539921
12.6384 540261
12.6384 540601
12.6416 540941
12.6416 541281
12.6447 541621
12.6447 541961
12.6479 542301
12.6479 542641
12.7243 542981
12.7243 543321
12.7274 543661
12.7274 544001
12.7306 544341
12.7306 544681
12.7337 545021
12.7337 545361
12.7369 545701
12.7369 546041
12.74 546381
12.74 546721
12.8164 547061
12.8164 547401
12.8196 547741
12.8196 548081
12.8227 548421
12.8227 548761
12.8259 549101
12.8259 549441
12.829 549781
12.829 550121
12.8322 550461
12.8322 550801
12.9086 551141
12.9086 551481
12.9118 551821
12.9118 552161
12.9149 552501
12.9149 552841
12.9181 553181
12.9181 553521
12.9212 553861
12.9212 554201
12.9244 554541
12.9244 554881
13.0008 555221
13.0008 555561
13.0039 555901
13.0039 556241
13.0071 556581
13.0071 556921
13.0102 557261
13.0102 557601
13.0134 557941
13.0134 558281
13.0165 558621
13.0165 558961
13.093 559301
13.093 559641
13.0961 559981
13.0961 560321
13.0993 560661
13.0993 561001
13.1024 561341
13.1024 561681
13.1056 562021
13.1056 562361
13.1087 562701
13.1087 563041
13.1851 563381
13.1851 563721
13.1883 564061
13.1883 564401
13.1914 564741
13.1914 565081
13.1946 565421
13.1946 565761
13.1977 566101
13.1977 566441
13.2009 566781
13.2009 567121
13.2773 567461
13.2773 567801
13.2804 568141
13.2804 568481
13.2836 568821
13.2836 569161
13.2867 569501
13.2867 569841
13.2899 570181
13.2899 570521
13.2931 570861
13.2931 571201
13.3695 571541
13.3695 571881
13.3726 572221
13.3726 572561
13.3758 572901
13.3758 573241
13.3789 573581
13.3789 573921
13.3821 574261
13.3821 574601
13.3852 574941
13.3852 575281
13.4616 575621
13.4616 575961
13.4648 576301
13.4648 576641
13.4679 576981
13.4679 577321
13.4711 577661
13.4711 578001
13.4742 578341
13.4742 578681
13.4774 579021
13.4774 579361
13.5538 579701
13.5538 580041
13.557 580381
13.557 580721
13.5601 581061
13.5601 581401
13.5633 581741
13.5633 582081
13.5664 582421
13.5664 582761
13.5696 583101
13.5696 583441
13.646 583781
13.646 584121
13.6491 584461
13.6491 584801
13.6523 585141
13.6523 585481
13.6554 585821
13.6554 586161
13.6586 586501
13.6586 586841
13.6617 587181
13.6617 587521
13.7381 587861
13.7381 588201
13.7413 588541
13.7413 588881
13.7444 589221
13.7444 589561
13.7476 589901
13.7476 590241
13.7508 590581
13.7508 590921
13.7539 591261
13.7539 591601
13.8303 591941
13.8303 592281
13.8335 592621
13.8335 592961
13.8366 593301
13.8366 593641
13.8398 593981
13.8398 594321
13.8429 594661
13.8429 595001
13.8461 595341
13.8461 595681
13.9225 596021
13.9225 596361
13.9256 596701
13.9256 597041
13.9288 597381
13.9288 597721
13.9319 598061
13.9319 598401
13.9351 598741
13.9351 599081
13.9382 599421
13.9382 599761
14.0147 600101
14.0147 600441
14.0178 600781
14.0178 601121
14.021 601461
14.021 601801
14.0241 602141
14.0241 602481
14.0273 602821
14.0273 603161
14.0304 603501
14.0304 603841
14.1068 604181
14.1068 604521
14.11 604861
14.11 605201
14.1131 605541
14.1131 605881
14.1163 606221
14.1163 606561
14.1194 606901
14.1194 607241
14.1226 607581
14.1226 607921
14.199 608261
14.199 608601
14.2021 608941
14.2021 609281
14.2053 609621
14.2053 609961
14.2085 610301
14.2085 610641
14.2116 610981
14.2116 611321
14.2148 611661
14.2148 612001
14.2912 612341
14.2912 612681
14.2943 613021
14.2943 613361
14.2975 613701
14.2975 614041
14.3006 614381
14.3006 614721
14.3038 615061
14.3038 615401
14.3069 615741
14.3069 616081
14.3833 616421
14.3833 616761
14.3865 617101
14.3865 617441
14.3896 617781
14.3896 618121
14.3928 618461
14.3928 618801
14.3959 619141
14.3959 619481
14.3991 619821
14.3991 620161
14.4755 620501
14.4755 620841
14.4787 621181
14.4787 621521
14.4818 621861
14.4818 622201
14.485 622541
14.485 622881
14.4881 623221
14.4881 623561
14.4913 623901
14.4913 624241
14.5677 624581
14.5677 624921
14.5708 625261
14.5708 625601
14.574 625941
14.574 626281
14.5771 626621
14.5771 626961
14.5803 627301
14.5803 627641
14.5834 627981
14.5834 628321
14.6598 628661
14.6598 629001
14.663 629341
14.663 629681
14.6662 630021
14.6662 630361
14.6693 630701
14.6693 631041
14.6725 631381
14.6725 631721
14.6756 632061
14.6756 632401
14.752 632741
14.752 633081
14.7552 633421
14.7552 633761
14.7583 634101
14.7583 634441
14.7615 634781
14.7615 635121
14.7646 635461
14.7646 635801
14.7678 636141
14.7678 636481
14.8442 636821
14.8442 637161
14.8473 637501
14.8473 637841
14.8505 638181
14.8505 638521
14.8536 638861
14.8536 639201
14.8568 639541
14.8568 639881
14.8599 640221
14.8599 640561
14.9364 640901
14.9364 641241
14.9395 641581
14.9395 641921
14.9427 642261
14.9427 642601
14.9458 642941
14.9458 643281
14.949 643621
14.949 643961
14.9521 644301
14.9521 644641
15.0285 644981
15.0285 645321
15.0317 645661
15.0317 646001
15.0348 646341
15.0348 646681
15.038 647021
15.038 647361
15.0411 647701
15.0411 648041
15.0443 648381
15.0443 648721
15.1207 649061
15.1207 649401
15.1239 649741
15.1239 650081
15.127 650421
15.127 650761
15.1302 651101
15.1302 651441
15.1333 651781
15.1333 652121
15.1365 652461
15.1365 652801
15.2129 653141
15.2129 653481
15.216 653821
15.216 654161
15.2192 654501
15.2192 654841
15.2223 655181
15.2223 655521
15.2255 655861
15.2255 656201
15.2286 656541
15.2286 656881
15.305 657221
15.305 657561
15.3082 657901
15.3082 658241
15.3113 658581
15.3113 658921
15.3145 659261
15.3145 659601
15.3176 659941
15.3176 660281
15.3208 660621
15.3208 660961
15.3972 661301
15.3972 661641
15.4004 661981
15.4004 662321
15.4035 662661
15.4035 663001
15.4067 663341
15.4067 663681
15.4098 664021
15.4098 664361
15.413 664701
15.413 665041
15.4894 665381
15.4894 665721
15.4925 666061
15.4925 666401
15.4957 666741
15.4957 667081
15.4988 667421
15.4988 667761
15.502 668101
15.502 668441
15.5051 668781
15.5051 669121
15.5816 669461
15.5816 669801
15.5847 670141
15.5847 670481
15.5879 670821
15.5879 671161
15.591 671501
15.591 671841
15.5942 672181
15.5942 672521
15.5973 672861
15.5973 673201
15.6737 673541
15.6737 673881
15.6769 674221
15.6769 674561
15.68 674901
15.68 675241
15.6832 675581
15.6832 675921
15.6863 676261
15.6863 676601
15.6895 676941
15.6895 677281
15.7659 677621
15.7659 677961
15.769 678301
15.769 678641
15.7722 678981
15.7722 679321
15.7753 679661
15.7753 680001
15.7785 680341
15.7785 680681
15.7817 681021
15.7817 681361
15.8581 681701
15.8581 682041
15.8612 682381
15.8612 682721
15.8644 683061
15.8644 683401
15.8675 683741
15.8675 684081
15.8707 684421
15.8707 684761
15.8738 685101
15.8738 685441
15.9502 685781
15.9502 686121
15.9534 686461
15.9534 686801
15.9565 687141
15.9565 687481
15.9597 687821
15.9597 688161
15.9628 688501
15.9628 688841
15.966 689181
15.966 689521
16.0424 689861
16.0424 690201
16.0456 690541
16.0456 690881
16.0487 691221
16.0487 691561
16.0519 691901
16.0519 692241
16.055 692581
16.055 692921
16.0582 693261
16.0582 693601
16.1346 693941
16.1346 694281
16.1377 694621
16.1377 694961
16.1409 695301
16.1409 695641
16.144 695981
16.144 696321
16.1472 696661
16.1472 697001
16.1503 697341
16.1503 697681
16.2267 698021
16.2267 698361
16.2299 698701
16.2299 699041
16.233 699381
16.233 699721
16.2362 700061
16.2362 700401
16.2394 700741
16.2394 701081
16.2425 701421
16.2425 701761
16.3189 702101
16.3189 702441
16.3221 702781
16.3221 703121
16.3252 703461
16.3252 703801
16.3284 704141
16.3284 704481
16.3315 704821
16.3315 705161
16.3347 705501
16.3347 705841
16.4111 706181
16.4111 706521
16.4142 706861
16.4142 707201
16.4174 707541
16.4174 707881
16.4205 708221
16.4205 708561
16.4237 708901
16.4237 709241
16.4268 709581
16.4268 709921
16.5033 710261
16.5033 710601
16.5064 710941
16.5064 711281
16.5096 711621
16.5096 711961
16.5127 712301
16.5127 712641
16.5159 712981
16.5159 713321
16.519 713661
16.519 714001
16.5954 714341
16.5954 714681
16.5986 715021
16.5986 715361
16.6017 715701
16.6017 716041
16.6049 716381
16.6049 716721
16.608 717061
16.608 717401
16.6112 717741
16.6112 718081
16.6876 718421
16.6876 718761
16.6907 719101
16.6907 719441
16.6939 719781
16.6939 720121
16.6971 720461
16.6971 720801
16.7002 721141
16.7002 721481
16.7034 721821
16.7034 722161
16.7798 722501
16.7798 722841
16.7829 723181
16.7829 723521
16.7861 723861
16.7861 724201
16.7892 724541
16.7892 724881
16.7924 725221
16.7924 725561
16.7955 725901
16.7955 726241
16.8719 726581
16.8719 726921
16.8751 727261
16.8751 727601
16.8782 727941
16.8782 728281
16.8814 728621
16.8814 728961
16.8845 729301
16.8845 729641
16.8877 729981
16.8877 730321
16.9641 730661
16.9641 731001
16.9673 731341
16.9673 731681
16.9704 732021
16.9704 732361
16.9736 732701
16.9736 733041
16.9767 733381
16.9767 733721
16.9799 734061
16.9799 734401
17.0563 734741
17.0563 735081
17.0594 735421
17.0594 735761
17.0626 736101
17.0626 736441
17.0657 736781
17.0657 737121
17.0689 737461
17.0689 737801
17.072 738141
17.072 738481
17.1484 738821
17.1484 739161
17.1516 739501
17.1516 739841
17.1548 740181
17.1548 740521
17.1579 740861
17.1579 741201
17.1611 741541
17.1611 741881
17.1642 742221
17.1642 742561
17.2406 742901
17.2406 743241
17.2438 743581
17.2438 743921
17.2469 744261
17.2469 744601
17.2501 744941
17.2501 745281
17.2532 745621
17.2532 745961
17.2564 746301
17.2564 746641
17.3328 746981
17.3328 747321
17.3359 747661
17.3359 748001
17.3391 748341
17.3391 748681
17.3422 749021
17.3422 749361
17.3454 749701
17.3454 750041
17.3485 750381
17.3485 750721
17.425 751061
17.425 751401
17.4281 751741
17.4281 752081
17.4313 752421
17.4313 752761
17.4344 753101
17.4344 753441
17.4376 753781
17.4376 754121
17.4407 754461
17.4407 754801
17.5171 755141
17.5171 755481
17.5203 755821
17.5203 756161
17.5234 756501
17.5234 756841
17.5266 757181
17.5266 757521
17.5297 757861
17.5297 758201
17.5329 758541
17.5329 758881
17.6093 759221
17.6093 759561
17.6125 759901
17.6125 760241
17.6156 760581
17.6156 760921
17.6188 761261
17.6188 761601
17.6219 761941
17.6219 762281
17.6251 762621
17.6251 762961
17.7015 763301
17.7015 763641
17.7046 763981
17.7046 764321
17.7078 764661
17.7078 765001
17.7109 765341
17.7109 765681
17.7141 766021
17.7141 766361
17.7172 766701
17.7172 767041
17.7936 767381
17.7936 767721
17.7968 768061
17.7968 768401
17.7999 768741
17.7999 769081
17.8031 769421
17.8031 769761
17.8062 770101
17.8062 770441
17.8094 770781
17.8094 771121
17.8858 771461
17.8858 771801
17.889 772141
17.889 772481
17.8921 772821
17.8921 773161
17.8953 773501
17.8953 773841
17.8984 774181
17.8984 774521
17.9016 774861
17.9016 775201
17.978 775541
17.978 775881
17.9811 776221
17.9811 776561
17.9843 776901
17.9843 777241
17.9874 777581
17.9874 777921
17.9906 778261
17.9906 778601
17.9937 778941
17.9937 779281
18.0702 779621
18.0702 779961
18.0733 780301
18.0733 780641
18.0765 780981
18.0765 781321
18.0796 781661
18.0796 782001
18.0828 782341
18.0828 782681
18.0859 783021
18.0859 783361
18.1623 783701
18.1623 784041
18.1655 784381
18.1655 784721
18.1686 785061
18.1686 785401
18.1718 785741
18.1718 786081
18.1749 786421
18.1749 786761
18.1781 787101
18.1781 787441
18.2545 787781
18.2545 788121
18.2576 788461
18.2576 788801
18.2608 789141
18.2608 789481
18.2639 789821
18.2639 790161
18.2671 790501
18.2671 790841
18.2703 791181
18.2703 791521
18.3467 791861
18.3467 792201
18.3498 792541
18.3498 792881
18.353 793221
18.353 793561
18.3561 793901
18.3561 794241
18.3593 794581
18.3593 794921
18.3624 795261
18.3624 795601
18.4388 795941
18.4388 796281
18.442 796621
18.442 796961
18.4451 797301
18.4451 797641
18.4483 797981
18.4483 798321
18.4514 798661
18.4514 799001
18.4546 799341
18.4546 799681
18.531 800021
18.531 800361
18.5342 800701
18.5342 801041
18.5373 801381
18.5373 801721
18.5405 802061
18.5405 802401
18.5436 802741
18.5436 803081
18.5468 803421
18.5468 803761
18.6232 804101
18.6232 804441
18.6263 804781
18.6263 805121
18.6295 805461
18.6295 805801
18.6326 806141
18.6326 806481
18.6358 806821
18.6358 807161
18.6389 807501
18.6389 807841
18.7153 808181
18.7153 808521
18.7185 808861
18.7185 809201
18.7216 809541
18.7216 809881
18.7248 810221
18.7248 810561
18.728 810901
18.728 811241
18.7311 811581
18.7311 811921
18.8075 812261
18.8075 812601
18.8107 812941
18.8107 813281
18.8138 813621
18.8138 813961
18.817 814301
18.817 814641
18.8201 814981
18.8201 815321
18.8233 815661
18.8233 816001
18.8997 816341
18.8997 816681
18.9028 817021
18.9028 817361
18.906 817701
18.906 818041
18.9091 818381
18.9091 818721
18.9123 819061
18.9123 819401
18.9154 819741
18.9154 820081
18.9919 820421
18.9919 820761
18.995 821101
18.995 821441
18.9982 821781
18.9982 822121
19.0013 822461
19.0013 822801
19.0045 823141
19.0045 823481
19.0076 823821
19.0076 824161
19.084 824501
19.084 824841
19.0872 825181
19.0872 825521
19.0903 825861
19.0903 826201
19.0935 826541
19.0935 826881
19.0966 827221
19.0966 827561
19.0998 827901
19.0998 828241
19.1762 828581
19.1762 828921
19.1793 829261
19.1793 829601
19.1825 829941
19.1825 830281
19.1857 830621
19.1857 830961
19.1888 831301
19.1888 831641
19.192 831981
19.192 832321
19.2684 832661
19.2684 833001
19.2715 833341
19.2715 833681
19.2747 834021
19.2747 834361
19.2778 834701
19.2778 835041
19.281 835381
19.281 835721
19.2841 836061
19.2841 836401
19.3605 836741
19.3605 837081
19.3637 837421
19.3637 837761
19.3668 838101
19.3668 838441
19.37 838781
19.37 839121
19.3731 839461
19.3731 839801
19.3763 840141
19.3763 840481
19.4527 840821
19.4527 841161
19.4559 841501
19.4559 841841
19.459 842181
19.459 842521
19.4622 842861
19.4622 843201
19.4653 843541
19.4653 843881
19.4685 844221
19.4685 844561
19.5449 844901
19.5449 845241
19.548 845581
19.548 845921
19.5512 846261
19.5512 846601
19.5543 846941
19.5543 847281
19.5575 847621
19.5575 847961
19.5606 848301
19.5606 848641
19.637 848981
19.637 849321
19.6402 849661
19.6402 850001
19.6434 850341
19.6434 850681
19.6465 851021
19.6465 851361
19.6497 851701
19.6497 852041
19.6528 852381
19.6528 852721
19.7292 853061
19.7292 853401
19.7324 853741
19.7324 854081
19.7355 854421
19.7355 854761
19.7387 855101
19.7387 855441
19.7418 855781
19.7418 856121
19.745 856461
19.745 856801
19.8214 857141
19.8214 857481
19.8245 857821
19.8245 858161
19.8277 858501
19.8277 858841
19.8308 859181
19.8308 859521
19.834 859861
19.834 860201
19.8371 860541
19.8371 860881
19.9136 861221
19.9136 861561
19.9167 861901
19.9167 862241
19.9199 862581
19.9199 862921
19.923 863261
19.923 863601
19.9262 863941
19.9262 864281
19.9293 864621
19.9293 864961
20.0057 865301
20.0057 865641
20.0089 865981
20.0089 866321
20.012 866661
20.012 867001
20.0152 867341
20.0152 867681
20.0183 868021
20.0183 868361
20.0215 868701
20.0215 869041
20.0979 869381
20.0979 869721
