0.137521 341
0.229692 681
0.231268 1021
0.323438 1361
0.325014 1701
0.32659 2041
0.417184 2381
0.41876 2721
0.420336 3061
0.509355 3401
0.510931 3741
0.512507 4081
0.514083 4421
0.515659 4761
0.517235 5101
0.603101 5441
0.604677 5781
0.606253 6121
0.607829 6461
0.609405 6801
0.610981 7141
0.612557 7481
0.614133 7821
0.615709 8161
0.696848 8501
0.698424 8841
0.7 9181
0.701576 9521
0.703152 9861
0.704728 10201
0.706304 10541
0.70788 10881
0.709456 11221
0.711032 11561
0.712608 11901
0.714184 12241
0.789018 12581
0.790594 12921
0.79217 13261
0.793746 13601
0.795322 13941
0.796898 14281
0.798474 14621
0.80005 14961
0.801626 15301
0.803202 15641
0.804778 15981
0.806354 16321
0.881188 16661
0.882764 17001
0.88434 17341
0.885916 17681
0.887492 18021
0.889068 18361
0.890644 18701
0.89222 19041
0.893796 19381
0.895372 19721
0.896948 20061
0.898524 20401
0.973359 20741
0.974935 21081
0.976511 21421
0.978087 21761
0.979663 22101
0.981239 22441
0.982815 22781
0.984391 23121
0.985967 23461
0.987543 23801
0.989119 24141
0.990695 24481
1.06553 24821
1.06711 25161
1.06868 25501
1.07026 25841
1.07183 26181
1.07341 26521
1.07499 26861
1.07656 27201
1.07814 27541
1.07971 27881
1.08129 28221
1.08287 28561
1.1577 28901
1.15928 29241
1.16085 29581
1.16243 29921
1.164 30261
1.16558 30601
1.16716 30941
1.16873 31281
1.17031 31621
1.17188 31961
1.17346 32301
1.17504 32641
1.24987 32981
1.25145 33321
1.25302 33661
1.2546 34001
1.25617 34341
1.25775 34681
1.25933 35021
1.2609 35361
1.26248 35701
1.26405 36041
1.26563 36381
1.26721 36721
1.34204 37061
1.34362 37401
1.34519 37741
1.34677 38081
1.34834 38421
1.34992 38761
1.3515 39101
1.35307 39441
1.35465 39781
1.35622 40121
1.3578 40461
1.35938 40801
1.43421 41141
1.43579 41481
1.43736 41821
1.43894 42161
1.44051 42501
1.44209 42841
1.44367 43181
1.44524 43521
1.44682 43861
1.44839 44201
1.44997 44541
1.45155 44881
1.52638 45221
1.52796 45561
1.52953 45901
1.53111 46241
1.53269 46581
1.53426 46921
1.53584 47261
1.53741 47601
1.53899 47941
1.54057 48281
1.54214 48621
1.54372 48961
1.61855 49301
1.62013 49641
1.6217 49981
1.62328 50321
1.62486 50661
1.62643 51001
1.62801 51341
1.62958 51681
1.63116 52021
1.63274 52361
1.63431 52701
1.63589 53041
1.71072 53381
1.7123 53721
1.71387 54061
1.71545 54401
1.71703 54741
1.7186 55081
1.72018 55421
1.72175 55761
1.72333 56101
1.72491 56441
1.72648 56781
1.72806 57121
1.80289 57461
1.80447 57801
1.80604 58141
1.80762 58481
1.8092 58821
1.81077 59161
1.81235 59501
1.81392 59841
1.8155 60181
1.81708 60521
1.81865 60861
1.82023 61201
1.89506 61541
1.89664 61881
1.89821 62221
1.89979 62561
1.90137 62901
1.90294 63241
1.90452 63581
1.90609 63921
1.90767 64261
1.90925 64601
1.91082 64941
1.9124 65281
1.98723 65621
1.98881 65961
1.99039 66301
1.99196 66641
1.99354 66981
1.99511 67321
1.99669 67661
1.99827 68001
1.99984 68341
2.00142 68681
2.00299 69021
2.00457 69361
2.0794 69701
2.08098 70041
2.08256 70381
2.08413 70721
2.08571 71061
2.08728 71401
2.08886 71741
2.09044 72081
2.09201 72421
2.09359 72761
2.09516 73101
2.09674 73441
2.17157 73781
2.17315 74121
2.17473 74461
2.1763 74801
2.17788 75141
2.17945 75481
2.18103 75821
2.18261 76161
2.18418 76501
2.18576 76841
2.18733 77181
2.18891 77521
2.26374 77861
2.26532 78201
2.2669 78541
2.26847 78881
2.27005 79221
2.27162 79561
2.2732 79901
2.27478 80241
2.27635 80581
2.27793 80921
2.2795 81261
2.28108 81601
2.35591 81941
2.35749 82281
2.35907 82621
2.36064 82961
2.36222 83301
2.36379 83641
2.36537 83981
2.36695 84321
2.36852 84661
2.3701 85001
2.37167 85341
2.37325 85681
2.44809 86021
2.44966 86361
2.45124 86701
2.45281 87041
2.45439 87381
2.45597 87721
2.45754 88061
2.45912 88401
2.46069 88741
2.46227 89081
2.46385 89421
2.46542 89761
2.54026 90101
2.54183 90441
2.54341 90781
2.54498 91121
2.54656 91461
2.54814 91801
2.54971 92141
2.55129 92481
2.55286 92821
2.55444 93161
2.55602 93501
2.55759 93841
2.63243 94181
2.634 94521
2.63558 94861
2.63715 95201
2.63873 95541
2.64031 95881
2.64188 96221
2.64346 96561
2.64503 96901
2.64661 97241
2.64819 97581
2.64976 97921
2.7246 98261
2.72617 98601
2.72775 98941
2.72932 99281
2.7309 99621
2.73248 99961
2.73405 100301
2.73563 100641
2.7372 100981
2.73878 101321
2.74036 101661
2.74193 102001
2.81677 102341
2.81834 102681
2.81992 103021
2.82149 103361
2.82307 103701
2.82465 104041
2.82622 104381
2.8278 104721
2.82937 105061
2.83095 105401
2.83253 105741
2.8341 106081
2.90894 106421
2.91051 106761
2.91209 107101
2.91367 107441
2.91524 107781
2.91682 108121
2.91839 108461
2.91997 108801
2.92155 109141
2.92312 109481
2.9247 109821
2.92627 110161
3.00111 110501
3.00268 110841
3.00426 111181
3.00584 111521
3.00741 111861
3.00899 112201
3.01056 112541
3.01214 112881
3.01372 113221
3.01529 113561
3.01687 113901
3.01844 114241
3.09328 114581
3.09485 114921
3.09643 115261
3.09801 115601
3.09958 115941
3.10116 116281
3.10273 116621
3.10431 116961
3.10589 117301
3.10746 117641
3.10904 117981
3.11061 118321
3.18545 118661
3.18702 119001
3.1886 119341
3.19018 119681
3.19175 120021
3.19333 120361
3.1949 120701
3.19648 121041
3.19806 121381
3.19963 121721
3.20121 122061
3.20278 122401
3.27762 122741
3.27919 123081
3.28077 123421
3.28235 123761
3.28392 124101
3.2855 124441
3.28707 124781
3.28865 125121
3.29023 125461
3.2918 125801
3.29338 126141
3.29495 126481
3.36979 126821
3.37137 127161
3.37294 127501
3.37452 127841
3.37609 128181
3.37767 128521
3.37925 128861
3.38082 129201
3.3824 129541
3.38397 129881
3.38555 130221
3.38713 130561
3.46196 130901
3.46354 131241
3.46511 131581
3.46669 131921
3.46826 132261
3.46984 132601
3.47142 132941
3.47299 133281
3.47457 133621
3.47614 133961
3.47772 134301
3.4793 134641
3.55413 134981
3.55571 135321
3.55728 135661
3.55886 136001
3.56043 136341
3.56201 136681
3.56359 137021
3.56516 137361
3.56674 137701
3.56831 138041
3.56989 138381
3.57147 138721
3.6463 139061
3.64788 139401
3.64945 139741
3.65103 140081
3.6526 140421
3.65418 140761
3.65576 141101
3.65733 141441
3.65891 141781
3.66048 142121
3.66206 142461
3.66364 142801
3.73847 143141
3.74005 143481
3.74162 143821
3.7432 144161
3.74477 144501
3.74635 144841
3.74793 145181
3.7495 145521
3.75108 145861
3.75265 146201
3.75423 146541
3.75581 146881
3.83064 147221
3.83222 147561
3.83379 147901
3.83537 148241
3.83695 148581
3.83852 148921
3.8401 149261
3.84167 149601
3.84325 149941
3.84483 150281
3.8464 150621
3.84798 150961
3.92281 151301
3.92439 151641
3.92596 151981
3.92754 152321
3.92912 152661
3.93069 153001
3.93227 153341
3.93384 153681
3.93542 154021
3.937 154361
3.93857 154701
3.94015 155041
4.01498 155381
4.01656 155721
4.01813 156061
4.01971 156401
4.02129 156741
4.02286 157081
4.02444 157421
4.02601 157761
4.02759 158101
4.02917 158441
4.03074 158781
4.03232 159121
4.10715 159461
4.10873 159801
4.1103 160141
4.11188 160481
4.11346 160821
4.11503 161161
4.11661 161501
4.11818 161841
4.11976 162181
4.12134 162521
4.12291 162861
4.12449 163201
4.19932 163541
4.2009 163881
4.20247 164221
4.20405 164561
4.20563 164901
4.2072 165241
4.20878 165581
4.21035 165921
4.21193 166261
4.21351 166601
4.21508 166941
4.21666 167281
4.29149 167621
4.29307 167961
4.29465 168301
4.29622 168641
4.2978 168981
4.29937 169321
4.30095 169661
4.30253 170001
4.3041 170341
4.30568 170681
4.30725 171021
4.30883 171361
4.38366 171701
4.38524 172041
4.38682 172381
4.38839 172721
4.38997 173061
4.39154 173401
4.39312 173741
4.3947 174081
4.39627 174421
4.39785 174761
4.39942 175101
4.401 175441
4.47583 175781
4.47741 176121
4.47899 176461
4.48056 176801
4.48214 177141
4.48371 177481
4.48529 177821
4.48687 178161
4.48844 178501
4.49002 178841
4.49159 179181
4.49317 179521
4.568 179861
4.56958 180201
4.57116 180541
4.57273 180881
4.57431 181221
4.57588 181561
4.57746 181901
4.57904 182241
4.58061 182581
4.58219 182921
4.58376 183261
4.58534 183601
4.66017 183941
4.66175 184281
4.66333 184621
4.6649 184961
4.66648 185301
4.66805 185641
4.66963 185981
4.67121 186321
4.67278 186661
4.67436 187001
4.67593 187341
4.67751 187681
4.75235 188021
4.75392 188361
4.7555 188701
4.75707 189041
4.75865 189381
4.76023 189721
4.7618 190061
4.76338 190401
4.76495 190741
4.76653 191081
4.76811 191421
4.76968 191761
4.84452 192101
4.84609 192441
4.84767 192781
4.84924 193121
4.85082 193461
4.8524 193801
4.85397 194141
4.85555 194481
4.85712 194821
4.8587 195161
4.86028 195501
4.86185 195841
4.93669 196181
4.93826 196521
4.93984 196861
4.94141 197201
4.94299 197541
4.94457 197881
4.94614 198221
4.94772 198561
4.94929 198901
4.95087 199241
4.95245 199581
4.95402 199921
5.02886 200261
5.03043 200601
5.03201 200941
5.03358 201281
5.03516 201621
5.03674 201961
5.03831 202301
5.03989 202641
5.04146 202981
5.04304 203321
5.04462 203661
5.04619 204001
5.12103 204341
5.1226 204681
5.12418 205021
5.12575 205361
5.12733 205701
5.12891 206041
5.13048 206381
5.13206 206721
5.13363 207061
5.13521 207401
5.13679 207741
5.13836 208081
5.2132 208421
5.21477 208761
5.21635 209101
5.21793 209441
5.2195 209781
5.22108 210121
5.22265 210461
5.22423 210801
5.22581 211141
5.22738 211481
5.22896 211821
5.23053 212161
5.30537 212501
5.30694 212841
5.30852 213181
5.3101 213521
5.31167 213861
5.31325 214201
5.31482 214541
5.3164 214881
5.31798 215221
5.31955 215561
5.32113 215901
5.3227 216241
5.39754 216581
5.39911 216921
5.40069 217261
5.40227 217601
5.40384 217941
5.40542 218281
5.40699 218621
5.40857 218961
5.41015 219301
5.41172 219641
5.4133 219981
5.41487 220321
5.48971 220661
5.49128 221001
5.49286 221341
5.49444 221681
5.49601 222021
5.49759 222361
5.49916 222701
5.50074 223041
5.50232 223381
5.50389 223721
5.50547 224061
5.50704 224401
5.58188 224741
5.58345 225081
5.58503 225421
5.58661 225761
5.58818 226101
5.58976 226441
5.59133 226781
5.59291 227121
5.59449 227461
5.59606 227801
5.59764 228141
5.59921 228481
5.67405 228821
5.67563 229161
5.6772 229501
5.67878 229841
5.68035 230181
5.68193 230521
5.68351 230861
5.68508 231201
5.68666 231541
5.68823 231881
5.68981 232221
5.69139 232561
5.76622 232901
5.7678 233241
5.76937 233581
5.77095 233921
5.77252 234261
5.7741 234601
5.77568 234941
5.77725 235281
5.77883 235621
5.7804 235961
5.78198 236301
5.78356 236641
5.85839 236981
5.85997 237321
5.86154 237661
5.86312 238001
5.86469 238341
5.86627 238681
5.86785 239021
5.86942 239361
5.871 239701
5.87257 240041
5.87415 240381
5.87573 240721
5.95056 241061
5.95214 241401
5.95371 241741
5.95529 242081
5.95686 242421
5.95844 242761
5.96002 243101
5.96159 243441
5.96317 243781
5.96474 244121
5.96632 244461
5.9679 244801
6.04273 245141
6.04431 245481
6.04588 245821
6.04746 246161
6.04903 246501
6.05061 246841
6.05219 247181
6.05376 247521
6.05534 247861
6.05691 248201
6.05849 248541
6.06007 248881
6.1349 249221
6.13648 249561
6.13805 249901
6.13963 250241
6.14121 250581
6.14278 250921
6.14436 251261
6.14593 251601
6.14751 251941
6.14909 252281
6.15066 252621
6.15224 252961
6.22707 253301
6.22865 253641
6.23022 253981
6.2318 254321
6.23338 254661
6.23495 255001
6.23653 255341
6.2381 255681
6.23968 256021
6.24126 256361
6.24283 256701
6.24441 257041
6.31924 257381
6.32082 257721
6.32239 258061
6.32397 258401
6.32555 258741
6.32712 259081
6.3287 259421
6.33027 259761
6.33185 260101
6.33343 260441
6.335 260781
6.33658 261121
6.41141 261461
6.41299 261801
6.41456 262141
6.41614 262481
6.41772 262821
6.41929 263161
6.42087 263501
6.42244 263841
6.42402 264181
6.4256 264521
6.42717 264861
6.42875 265201
6.50358 265541
6.50516 265881
6.50673 266221
6.50831 266561
6.50989 266901
6.51146 267241
6.51304 267581
6.51461 267921
6.51619 268261
6.51777 268601
6.51934 268941
6.52092 269281
6.59575 269621
6.59733 269961
6.59891 270301
6.60048 270641
6.60206 270981
6.60363 271321
6.60521 271661
6.60679 272001
6.60836 272341
6.60994 272681
6.61151 273021
6.61309 273361
6.68792 273701
6.6895 274041
6.69108 274381
6.69265 274721
6.69423 275061
6.6958 275401
6.69738 275741
6.69896 276081
6.70053 276421
6.70211 276761
6.70368 277101
6.70526 277441
6.78009 277781
6.78167 278121
6.78325 278461
6.78482 278801
6.7864 279141
6.78797 279481
6.78955 279821
6.79113 280161
6.7927 280501
6.79428 280841
6.79585 281181
6.79743 281521
6.87226 281861
6.87384 282201
6.87542 282541
6.87699 282881
6.87857 283221
6.88014 283561
6.88172 283901
6.8833 284241
6.88487 284581
6.88645 284921
6.88802 285261
6.8896 285601
6.96443 285941
6.96601 286281
6.96759 286621
6.96916 286961
6.97074 287301
6.97231 287641
6.97389 287981
6.97547 288321
6.97704 288661
6.97862 289001
6.98019 289341
6.98177 289681
7.05661 290021
7.05818 290361
7.05976 290701
7.06133 291041
7.06291 291381
7.06449 291721
7.06606 292061
7.06764 292401
7.06921 292741
7.07079 293081
7.07237 293421
7.07394 293761
7.14878 294101
7.15035 294441
7.15193 294781
7.1535 295121
7.15508 295461
7.15666 295801
7.15823 296141
7.15981 296481
7.16138 296821
7.16296 297161
7.16454 297501
7.16611 297841
7.24095 298181
7.24252 298521
7.2441 298861
7.24567 299201
7.24725 299541
7.24883 299881
7.2504 300221
7.25198 300561
7.25355 300901
7.25513 301241
7.25671 301581
7.25828 301921
7.33312 302261
7.33469 302601
7.33627 302941
7.33784 303281
7.33942 303621
7.341 303961
7.34257 304301
7.34415 304641
7.34572 304981
7.3473 305321
7.34888 305661
7.35045 306001
7.42529 306341
7.42686 306681
7.42844 307021
7.43001 307361
7.43159 307701
7.43317 308041
7.43474 308381
7.43632 308721
7.43789 309061
7.43947 309401
7.44105 309741
7.44262 310081
7.51746 310421
7.51903 310761
7.52061 311101
7.52219 311441
7.52376 311781
7.52534 312121
7.52691 312461
7.52849 312801
7.53007 313141
7.53164 313481
7.53322 313821
7.53479 314161
7.60963 314501
7.6112 314841
7.61278 315181
7.61436 315521
7.61593 315861
7.61751 316201
7.61908 316541
7.62066 316881
7.62224 317221
7.62381 317561
7.62539 317901
7.62696 318241
7.7018 318581
7.70337 318921
7.70495 319261
7.70653 319601
7.7081 319941
7.70968 320281
7.71125 320621
7.71283 320961
7.71441 321301
7.71598 321641
7.71756 321981
7.71913 322321
7.79397 322661
7.79554 323001
7.79712 323341
7.7987 323681
7.80027 324021
7.80185 324361
7.80342 324701
7.805 325041
7.80658 325381
7.80815 325721
7.80973 326061
7.8113 326401
7.88614 326741
7.88771 327081
7.88929 327421
7.89087 327761
7.89244 328101
7.89402 328441
7.89559 328781
7.89717 329121
7.89875 329461
7.90032 329801
7.9019 330141
7.90347 330481
7.97831 330821
7.97989 331161
7.98146 331501
7.98304 331841
7.98461 332181
7.98619 332521
7.98777 332861
7.98934 333201
7.99092 333541
7.99249 333881
7.99407 334221
7.99565 334561
8.07048 334901
8.07206 335241
8.07363 335581
8.07521 335921
8.07678 336261
8.07836 336601
8.07994 336941
8.08151 337281
8.08309 337621
8.08466 337961
8.08624 338301
8.08782 338641
8.16265 338981
8.16423 339321
8.1658 339661
8.16738 340001
8.16895 340341
8.17053 340681
8.17211 341021
8.17368 341361
8.17526 341701
8.17683 342041
8.17841 342381
8.17999 342721
8.25482 343061
8.2564 343401
8.25797 343741
8.25955 344081
8.26112 344421
8.2627 344761
8.26428 345101
8.26585 345441
8.26743 345781
8.269 346121
8.27058 346461
8.27216 346801
8.34699 347141
8.34857 347481
8.35014 347821
8.35172 348161
8.35329 348501
8.35487 348841
8.35645 349181
8.35802 349521
8.3596 349861
8.36117 350201
8.36275 350541
8.36433 350881
8.43916 351221
8.44074 351561
8.44231 351901
8.44389 352241
8.44547 352581
8.44704 352921
8.44862 353261
8.45019 353601
8.45177 353941
8.45335 354281
8.45492 354621
8.4565 354961
8.53133 355301
8.53291 355641
8.53448 355981
8.53606 356321
8.53764 356661
8.53921 357001
8.54079 357341
8.54236 357681
8.54394 358021
8.54552 358361
8.54709 358701
8.54867 359041
8.6235 359381
8.62508 359721
8.62665 360061
8.62823 360401
8.62981 360741
8.63138 361081
8.63296 361421
8.63453 361761
8.63611 362101
8.63769 362441
8.63926 362781
8.64084 363121
8.71567 363461
8.71725 363801
8.71882 364141
8.7204 364481
8.72198 364821
8.72355 365161
8.72513 365501
8.7267 365841
8.72828 366181
8.72986 366521
8.73143 366861
8.73301 367201
8.80784 367541
8.80942 367881
8.81099 368221
8.81257 368561
8.81415 368901
8.81572 369241
8.8173 369581
8.81887 369921
8.82045 370261
8.82203 370601
8.8236 370941
8.82518 371281
8.90001 371621
8.90159 371961
8.90317 372301
8.90474 372641
8.90632 372981
8.90789 373321
8.90947 373661
8.91104 374001
8.91262 374341
8.9142 374681
8.91577 375021
8.91735 375361
8.99218 375701
8.99376 376041
8.99534 376381
8.99691 376721
8.99849 377061
9.00006 377401
9.00164 377741
9.00322 378081
9.00479 378421
9.00637 378761
9.00794 379101
9.00952 379441
9.08435 379781
9.08593 380121
9.08751 380461
9.08908 380801
9.09066 381141
9.09223 381481
9.09381 381821
9.09539 382161
9.09696 382501
9.09854 382841
9.10011 383181
9.10169 383521
9.17652 383861
9.1781 384201
9.17968 384541
9.18125 384881
9.18283 385221
9.1844 385561
9.18598 385901
9.18756 386241
9.18913 386581
9.19071 386921
9.19228 387261
9.19386 387601
9.26869 387941
9.27027 388281
9.27185 388621
9.27342 388961
9.275 389301
9.27657 389641
9.27815 389981
9.27973 390321
9.2813 390661
9.28288 391001
9.28445 391341
9.28603 391681
9.36086 392021
9.36244 392361
9.36402 392701
9.36559 393041
9.36717 393381
9.36874 393721
9.37032 394061
9.3719 394401
9.37347 394741
9.37505 395081
9.37662 395421
9.3782 395761
9.45304 396101
9.45461 396441
9.45619 396781
9.45776 397121
9.45934 397461
9.46092 397801
9.46249 398141
9.46407 398481
9.46564 398821
9.46722 399161
9.4688 399501
9.47037 399841
9.54521 400181
9.54678 400521
9.54836 400861
9.54993 401201
9.55151 401541
9.55309 401881
9.55466 402221
9.55624 402561
9.55781 402901
9.55939 403241
9.56097 403581
9.56254 403921
9.63738 404261
9.63895 404601
9.64053 404941
9.6421 405281
9.64368 405621
9.64526 405961
9.64683 406301
9.64841 406641
9.64998 406981
9.65156 407321
9.65314 407661
9.65471 408001
9.72955 408341
9.73112 408681
9.7327 409021
9.73427 409361
9.73585 409701
9.73743 410041
9.739 410381
9.74058 410721
9.74215 411061
9.74373 411401
9.74531 411741
9.74688 412081
9.82172 412421
9.82329 412761
9.82487 413101
9.82644 413441
9.82802 413781
9.8296 414121
9.83117 414461
9.83275 414801
9.83432 415141
9.8359 415481
9.83748 415821
9.83905 416161
9.91389 416501
9.91546 416841
9.91704 417181
9.91862 417521
9.92019 417861
9.92177 418201
9.92334 418541
9.92492 418881
9.9265 419221
9.92807 419561
9.92965 419901
9.93122 420241
10.0061 420581
10.0076 420921
10.0092 421261
10.0108 421601
10.0124 421941
10.0139 422281
10.0155 422621
10.0171 422961
10.0187 423301
10.0202 423641
10.0218 423981
10.0234 424321
10.0982 424661
10.0998 425001
10.1014 425341
10.103 425681
10.1045 426021
10.1061 426361
10.1077 426701
10.1093 427041
10.1108 427381
10.1124 427721
10.114 428061
10.1156 428401
10.1904 428741
10.192 429081
10.1936 429421
10.1951 429761
10.1967 430101
10.1983 430441
10.1999 430781
10.2014 431121
10.203 431461
10.2046 431801
10.2062 432141
10.2077 432481
10.2826 432821
10.2841 433161
10.2857 433501
10.2873 433841
10.2889 434181
10.2904 434521
10.292 434861
10.2936 435201
10.2952 435541
10.2968 435881
10.2983 436221
10.2999 436561
10.3747 436901
10.3763 437241
10.3779 437581
10.3795 437921
10.381 438261
10.3826 438601
10.3842 438941
10.3858 439281
10.3873 439621
10.3889 439961
10.3905 440301
10.3921 440641
10.4669 440981
10.4685 441321
10.4701 441661
10.4716 442001
10.4732 442341
10.4748 442681
10.4764 443021
10.4779 443361
10.4795 443701
10.4811 444041
10.4827 444381
10.4842 444721
10.5591 445061
10.5607 445401
10.5622 445741
10.5638 446081
10.5654 446421
10.567 446761
10.5685 447101
10.5701 447441
10.5717 447781
10.5733 448121
10.5748 448461
10.5764 448801
10.6513 449141
10.6528 449481
10.6544 449821
10.656 450161
10.6576 450501
10.6591 450841
10.6607 451181
10.6623 451521
10.6639 451861
10.6654 452201
10.667 452541
10.6686 452881
10.7434 453221
10.745 453561
10.7466 453901
10.7481 454241
10.7497 454581
10.7513 454921
10.7529 455261
10.7545 455601
10.756 455941
10.7576 456281
10.7592 456621
10.7608 456961
10.8356 457301
10.8372 457641
10.8387 457981
10.8403 458321
10.8419 458661
10.8435 459001
10.845 459341
10.8466 459681
10.8482 460021
10.8498 460361
10.8514 460701
10.8529 461041
10.9278 461381
10.9293 461721
10.9309 462061
10.9325 462401
10.9341 462741
10.9356 463081
10.9372 463421
10.9388 463761
10.9404 464101
10.9419 464441
10.9435 464781
10.9451 465121
11.0199 465461
11.0215 465801
11.0231 466141
11.0247 466481
11.0262 466821
11.0278 467161
11.0294 467501
11.031 467841
11.0325 468181
11.0341 468521
11.0357 468861
11.0373 469201
11.1121 469541
11.1137 469881
11.1153 470221
11.1168 470561
11.1184 470901
11.12 471241
11.1216 471581
11.1231 471921
11.1247 472261
11.1263 472601
11.1279 472941
11.1294 473281
11.2043 473621
11.2058 473961
11.2074 474301
11.209 474641
11.2106 474981
11.2122 475321
11.2137 475661
11.2153 476001
11.2169 476341
11.2185 476681
11.22 477021
11.2216 477361
11.2964 477701
11.298 478041
11.2996 478381
11.3012 478721
11.3027 479061
11.3043 479401
11.3059 479741
11.3075 480081
11.3091 480421
11.3106 480761
11.3122 481101
11.3138 481441
11.3886 481781
11.3902 482121
11.3918 482461
11.3933 482801
11.3949 483141
11.3965 483481
11.3981 483821
11.3996 484161
11.4012 484501
11.4028 484841
11.4044 485181
11.4059 485521
11.4808 485861
11.4824 486201
11.4839 486541
11.4855 486881
11.4871 487221
11.4887 487561
11.4902 487901
11.4918 488241
11.4934 488581
11.495 488921
11.4965 489261
11.4981 489601
11.573 489941
11.5745 490281
11.5761 490621
11.5777 490961
11.5793 491301
11.5808 491641
11.5824 491981
11.584 492321
11.5856 492661
11.5871 493001
11.5887 493341
11.5903 493681
11.6651 494021
11.6667 494361
11.6683 494701
11.6699 495041
11.6714 495381
11.673 495721
11.6746 496061
11.6762 496401
11.6777 496741
11.6793 497081
11.6809 497421
11.6825 497761
11.7573 498101
11.7589 498441
11.7604 498781
11.762 499121
11.7636 499461
11.7652 499801
11.7668 500141
11.7683 500481
11.7699 500821
11.7715 501161
11.7731 501501
11.7746 501841
11.8495 502181
11.851 502521
11.8526 502861
11.8542 503201
11.8558 503541
11.8573 503881
11.8589 504221
11.8605 504561
11.8621 504901
11.8636 505241
11.8652 505581
11.8668 505921
11.9416 506261
11.9432 506601
11.9448 506941
11.9464 507281
11.9479 507621
11.9495 507961
11.9511 508301
11.9527 508641
11.9542 508981
11.9558 509321
11.9574 509661
11.959 510001
12.0338 510341
12.0354 510681
12.037 511021
12.0385 511361
12.0401 511701
12.0417 512041
12.0433 512381
12.0448 512721
12.0464 513061
12.048 513401
12.0496 513741
12.0511 514081
12.126 514421
12.1276 514761
12.1291 515101
12.1307 515441
12.1323 515781
12.1339 516121
12.1354 516461
12.137 516801
12.1386 517141
12.1402 517481
12.1417 517821
12.1433 518161
12.2181 518501
12.2197 518841
12.2213 519181
12.2229 519521
12.2245 519861
12.226 520201
12.2276 520541
12.2292 520881
12.2308 521221
12.2323 521561
12.2339 521901
12.2355 522241
12.3103 522581
12.3119 522921
12.3135 523261
12.315 523601
12.3166 523941
12.3182 524281
12.3198 524621
12.3213 524961
12.3229 525301
12.3245 525641
12.3261 525981
12.3277 526321
12.4025 526661
12.4041 527001
12.4056 527341
12.4072 527681
12.4088 528021
12.4104 528361
12.4119 528701
12.4135 529041
12.4151 529381
12.4167 529721
12.4182 530061
12.4198 530401
12.4947 530741
12.4962 531081
12.4978 531421
12.4994 531761
12.501 532101
12.5025 532441
12.5041 532781
12.5057 533121
12.5073 533461
12.5088 533801
12.5104 534141
12.512 534481
12.5868 534821
12.5884 535161
12.59 535501
12.5916 535841
12.5931 536181
12.5947 536521
12.5963 536861
12.5979 537201
12.5994 537541
12.601 537881
12.6026 538221
12.6042 538561
12.679 538901
12.6806 539241
12.6822 539581
12.6837 539921
12.6853 540261
12.6869 540601
12.6885 540941
12.69 541281
12.6916 541621
12.6932 541961
12.6948 542301
12.6963 542641
12.7712 542981
12.7727 543321
12.7743 543661
12.7759 544001
12.7775 544341
12.779 544681
12.7806 545021
12.7822 545361
12.7838 545701
12.7854 546041
12.7869 546381
12.7885 546721
12.8633 547061
12.8649 547401
12.8665 547741
12.8681 548081
12.8696 548421
12.8712 548761
12.8728 549101
12.8744 549441
12.8759 549781
12.8775 550121
12.8791 550461
12.8807 550801
12.9555 551141
12.9571 551481
12.9587 551821
12.9602 552161
12.9618 552501
12.9634 552841
12.965 553181
12.9665 553521
12.9681 553861
12.9697 554201
12.9713 554541
12.9728 554881
13.0477 555221
13.0493 555561
13.0508 555901
13.0524 556241
13.054 556581
13.0556 556921
13.0571 557261
13.0587 557601
13.0603 557941
13.0619 558281
13.0634 558621
13.065 558961
13.1399 559301
13.1414 559641
13.143 559981
13.1446 560321
13.1462 560661
13.1477 561001
13.1493 561341
13.1509 561681
13.1525 562021
13.154 562361
13.1556 562701
13.1572 563041
13.232 563381
13.2336 563721
13.2352 564061
13.2367 564401
13.2383 564741
13.2399 565081
13.2415 565421
13.2431 565761
13.2446 566101
13.2462 566441
13.2478 566781
13.2494 567121
13.3242 567461
13.3258 567801
13.3273 568141
13.3289 568481
13.3305 568821
13.3321 569161
13.3336 569501
13.3352 569841
13.3368 570181
13.3384 570521
13.34 570861
13.3415 571201
13.4164 571541
13.4179 571881
13.4195 572221
13.4211 572561
13.4227 572901
13.4242 573241
13.4258 573581
13.4274 573921
13.429 574261
13.4305 574601
13.4321 574941
13.4337 575281
13.5085 575621
13.5101 575961
13.5117 576301
13.5133 576641
13.5148 576981
13.5164 577321
13.518 577661
13.5196 578001
13.5211 578341
13.5227 578681
13.5243 579021
13.5259 579361
13.6007 579701
13.6023 580041
13.6039 580381
13.6054 580721
13.607 581061
13.6086 581401
13.6102 581741
13.6117 582081
13.6133 582421
13.6149 582761
13.6165 583101
13.618 583441
13.6929 583781
13.6944 584121
13.696 584461
13.6976 584801
13.6992 585141
13.7008 585481
13.7023 585821
13.7039 586161
13.7055 586501
13.7071 586841
13.7086 587181
13.7102 587521
13.785 587861
13.7866 588201
13.7882 588541
13.7898 588881
13.7913 589221
13.7929 589561
13.7945 589901
13.7961 590241
13.7977 590581
13.7992 590921
13.8008 591261
13.8024 591601
13.8772 591941
13.8788 592281
13.8804 592621
13.8819 592961
13.8835 593301
13.8851 593641
13.8867 593981
13.8882 594321
13.8898 594661
13.8914 595001
13.893 595341
13.8946 595681
13.9694 596021
13.971 596361
13.9725 596701
13.9741 597041
13.9757 597381
13.9773 597721
13.9788 598061
13.9804 598401
13.982 598741
13.9836 599081
13.9851 599421
13.9867 599761
14.0616 600101
14.0631 600441
14.0647 600781
14.0663 601121
14.0679 601461
14.0694 601801
14.071 602141
14.0726 602481
14.0742 602821
14.0757 603161
14.0773 603501
14.0789 603841
14.1537 604181
14.1553 604521
14.1569 604861
14.1585 605201
14.16 605541
14.1616 605881
14.1632 606221
14.1648 606561
14.1663 606901
14.1679 607241
14.1695 607581
14.1711 607921
14.2459 608261
14.2475 608601
14.249 608941
14.2506 609281
14.2522 609621
14.2538 609961
14.2554 610301
14.2569 610641
14.2585 610981
14.2601 611321
14.2617 611661
14.2632 612001
14.3381 612341
14.3396 612681
14.3412 613021
14.3428 613361
14.3444 613701
14.3459 614041
14.3475 614381
14.3491 614721
14.3507 615061
14.3523 615401
14.3538 615741
14.3554 616081
14.4302 616421
14.4318 616761
14.4334 617101
14.435 617441
14.4365 617781
14.4381 618121
14.4397 618461
14.4413 618801
14.4428 619141
14.4444 619481
14.446 619821
14.4476 620161
14.5224 620501
14.524 620841
14.5256 621181
14.5271 621521
14.5287 621861
14.5303 622201
14.5319 622541
14.5334 622881
14.535 623221
14.5366 623561
14.5382 623901
14.5397 624241
14.6146 624581
14.6162 624921
14.6177 625261
14.6193 625601
14.6209 625941
14.6225 626281
14.624 626621
14.6256 626961
14.6272 627301
14.6288 627641
14.6303 627981
14.6319 628321
14.7067 628661
14.7083 629001
14.7099 629341
14.7115 629681
14.7131 630021
14.7146 630361
14.7162 630701
14.7178 631041
14.7194 631381
14.7209 631721
14.7225 632061
14.7241 632401
14.7989 632741
14.8005 633081
14.8021 633421
14.8036 633761
14.8052 634101
14.8068 634441
14.8084 634781
14.81 635121
14.8115 635461
14.8131 635801
14.8147 636141
14.8163 636481
14.8911 636821
14.8927 637161
14.8942 637501
14.8958 637841
14.8974 638181
14.899 638521
14.9005 638861
14.9021 639201
14.9037 639541
14.9053 639881
14.9068 640221
14.9084 640561
14.9833 640901
14.9848 641241
14.9864 641581
14.988 641921
14.9896 642261
14.9911 642601
14.9927 642941
14.9943 643281
14.9959 643621
14.9974 643961
14.999 644301
15.0006 644641
15.0754 644981
15.077 645321
15.0786 645661
15.0802 646001
15.0817 646341
15.0833 646681
15.0849 647021
15.0865 647361
15.088 647701
15.0896 648041
15.0912 648381
15.0928 648721
15.1676 649061
15.1692 649401
15.1708 649741
15.1723 650081
15.1739 650421
15.1755 650761
15.1771 651101
15.1786 651441
15.1802 651781
15.1818 652121
15.1834 652461
15.1849 652801
15.2598 653141
15.2613 653481
15.2629 653821
15.2645 654161
15.2661 654501
15.2677 654841
15.2692 655181
15.2708 655521
15.2724 655861
15.274 656201
15.2755 656541
15.2771 656881
15.3519 657221
15.3535 657561
15.3551 657901
15.3567 658241
15.3582 658581
15.3598 658921
15.3614 659261
15.363 659601
15.3645 659941
15.3661 660281
15.3677 660621
15.3693 660961
15.4441 661301
15.4457 661641
15.4473 661981
15.4488 662321
15.4504 662661
15.452 663001
15.4536 663341
15.4551 663681
15.4567 664021
15.4583 664361
15.4599 664701
15.4614 665041
15.5363 665381
15.5379 665721
15.5394 666061
15.541 666401
15.5426 666741
15.5442 667081
15.5457 667421
15.5473 667761
15.5489 668101
15.5505 668441
15.552 668781
15.5536 669121
15.6285 669461
15.63 669801
15.6316 670141
15.6332 670481
15.6348 670821
15.6363 671161
15.6379 671501
15.6395 671841
15.6411 672181
15.6426 672521
15.6442 672861
15.6458 673201
15.7206 673541
15.7222 673881
15.7238 674221
15.7254 674561
15.7269 674901
15.7285 675241
15.7301 675581
15.7317 675921
15.7332 676261
15.7348 676601
15.7364 676941
15.738 677281
15.8128 677621
15.8144 677961
15.8159 678301
15.8175 678641
15.8191 678981
15.8207 679321
15.8222 679661
15.8238 680001
15.8254 680341
15.827 680681
15.8286 681021
15.8301 681361
15.905 681701
15.9065 682041
15.9081 682381
15.9097 682721
15.9113 683061
15.9128 683401
15.9144 683741
15.916 684081
15.9176 684421
15.9191 684761
15.9207 685101
15.9223 685441
15.9971 685781
15.9987 686121
16.0003 686461
16.0019 686801
16.0034 687141
16.005 687481
16.0066 687821
16.0082 688161
16.0097 688501
16.0113 688841
16.0129 689181
16.0145 689521
16.0893 689861
16.0909 690201
16.0925 690541
16.094 690881
16.0956 691221
16.0972 691561
16.0988 691901
16.1003 692241
16.1019 692581
16.1035 692921
16.1051 693261
16.1066 693601
16.1815 693941
16.1831 694281
16.1846 694621
16.1862 694961
16.1878 695301
16.1894 695641
16.1909 695981
16.1925 696321
16.1941 696661
16.1957 697001
16.1972 697341
16.1988 697681
16.2736 698021
16.2752 698361
16.2768 698701
16.2784 699041
16.2799 699381
16.2815 699721
16.2831 700061
16.2847 700401
16.2863 700741
16.2878 701081
16.2894 701421
16.291 701761
16.3658 702101
16.3674 702441
16.369 702781
16.3705 703121
16.3721 703461
16.3737 703801
16.3753 704141
16.3768 704481
16.3784 704821
16.38 705161
16.3816 705501
16.3832 705841
16.458 706181
16.4596 706521
16.4611 706861
16.4627 707201
16.4643 707541
16.4659 707881
16.4674 708221
16.469 708561
16.4706 708901
16.4722 709241
16.4737 709581
16.4753 709921
16.5502 710261
16.5517 710601
16.5533 710941
16.5549 711281
16.5565 711621
16.558 711961
16.5596 712301
16.5612 712641
16.5628 712981
16.5643 713321
16.5659 713661
16.5675 714001
16.6423 714341
16.6439 714681
16.6455 715021
16.6471 715361
16.6486 715701
16.6502 716041
16.6518 716381
16.6534 716721
16.6549 717061
16.6565 717401
16.6581 717741
16.6597 718081
16.7345 718421
16.7361 718761
16.7376 719101
16.7392 719441
16.7408 719781
16.7424 720121
16.744 720461
16.7455 720801
16.7471 721141
16.7487 721481
16.7503 721821
16.7518 722161
16.8267 722501
16.8282 722841
16.8298 723181
16.8314 723521
16.833 723861
16.8345 724201
16.8361 724541
16.8377 724881
16.8393 725221
16.8409 725561
16.8424 725901
16.844 726241
16.9188 726581
16.9204 726921
16.922 727261
16.9236 727601
16.9251 727941
16.9267 728281
16.9283 728621
16.9299 728961
16.9314 729301
16.933 729641
16.9346 729981
16.9362 730321
17.011 730661
17.0126 731001
17.0142 731341
17.0157 731681
17.0173 732021
17.0189 732361
17.0205 732701
17.022 733041
17.0236 733381
17.0252 733721
17.0268 734061
17.0283 734401
17.1032 734741
17.1048 735081
17.1063 735421
17.1079 735761
17.1095 736101
17.1111 736441
17.1126 736781
17.1142 737121
17.1158 737461
17.1174 737801
17.1189 738141
17.1205 738481
17.1953 738821
17.1969 739161
17.1985 739501
17.2001 739841
17.2017 740181
17.2032 740521
17.2048 740861
17.2064 741201
17.208 741541
17.2095 741881
17.2111 742221
17.2127 742561
17.2875 742901
17.2891 743241
17.2907 743581
17.2922 743921
17.2938 744261
17.2954 744601
17.297 744941
17.2986 745281
17.3001 745621
17.3017 745961
17.3033 746301
17.3049 746641
17.3797 746981
17.3813 747321
17.3828 747661
17.3844 748001
17.386 748341
17.3876 748681
17.3891 749021
17.3907 749361
17.3923 749701
17.3939 750041
17.3954 750381
17.397 750721
17.4719 751061
17.4734 751401
17.475 751741
17.4766 752081
17.4782 752421
17.4797 752761
17.4813 753101
17.4829 753441
17.4845 753781
17.486 754121
17.4876 754461
17.4892 754801
17.564 755141
17.5656 755481
17.5672 755821
17.5688 756161
17.5703 756501
17.5719 756841
17.5735 757181
17.5751 757521
17.5766 757861
17.5782 758201
17.5798 758541
17.5814 758881
17.6562 759221
17.6578 759561
17.6594 759901
17.6609 760241
17.6625 760581
17.6641 760921
17.6657 761261
17.6672 761601
17.6688 761941
17.6704 762281
17.672 762621
17.6735 762961
17.7484 763301
17.7499 763641
17.7515 763981
17.7531 764321
17.7547 764661
17.7563 765001
17.7578 765341
17.7594 765681
17.761 766021
17.7626 766361
17.7641 766701
17.7657 767041
17.8405 767381
17.8421 767721
17.8437 768061
17.8453 768401
17.8468 768741
17.8484 769081
17.85 769421
17.8516 769761
17.8531 770101
17.8547 770441
17.8563 770781
17.8579 771121
17.9327 771461
17.9343 771801
17.9359 772141
17.9374 772481
17.939 772821
17.9406 773161
17.9422 773501
17.9437 773841
17.9453 774181
17.9469 774521
17.9485 774861
17.95 775201
18.0249 775541
18.0265 775881
18.028 776221
18.0296 776561
18.0312 776901
18.0328 777241
18.0343 777581
18.0359 777921
18.0375 778261
18.0391 778601
18.0406 778941
18.0422 779281
18.1171 779621
18.1186 779961
18.1202 780301
18.1218 780641
18.1234 780981
18.1249 781321
18.1265 781661
18.1281 782001
18.1297 782341
18.1312 782681
18.1328 783021
18.1344 783361
18.2092 783701
18.2108 784041
18.2124 784381
18.214 784721
18.2155 785061
18.2171 785401
18.2187 785741
18.2203 786081
18.2218 786421
18.2234 786761
18.225 787101
18.2266 787441
18.3014 787781
18.303 788121
18.3045 788461
18.3061 788801
18.3077 789141
18.3093 789481
18.3108 789821
18.3124 790161
18.314 790501
18.3156 790841
18.3172 791181
18.3187 791521
18.3936 791861
18.3951 792201
18.3967 792541
18.3983 792881
18.3999 793221
18.4014 793561
18.403 793901
18.4046 794241
18.4062 794581
18.4077 794921
18.4093 795261
18.4109 795601
18.4857 795941
18.4873 796281
18.4889 796621
18.4905 796961
18.492 797301
18.4936 797641
18.4952 797981
18.4968 798321
18.4983 798661
18.4999 799001
18.5015 799341
18.5031 799681
18.5779 800021
18.5795 800361
18.5811 800701
18.5826 801041
18.5842 801381
18.5858 801721
18.5874 802061
18.5889 802401
18.5905 802741
18.5921 803081
18.5937 803421
18.5952 803761
18.6701 804101
18.6717 804441
18.6732 804781
18.6748 805121
18.6764 805461
18.678 805801
18.6795 806141
18.6811 806481
18.6827 806821
18.6843 807161
18.6858 807501
18.6874 807841
18.7622 808181
18.7638 808521
18.7654 808861
18.767 809201
18.7685 809541
18.7701 809881
18.7717 810221
18.7733 810561
18.7749 810901
18.7764 811241
18.778 811581
18.7796 811921
18.8544 812261
18.856 812601
18.8576 812941
18.8591 813281
18.8607 813621
18.8623 813961
18.8639 814301
18.8654 814641
18.867 814981
18.8686 815321
18.8702 815661
18.8718 816001
18.9466 816341
18.9482 816681
18.9497 817021
18.9513 817361
18.9529 817701
18.9545 818041
18.956 818381
18.9576 818721
18.9592 819061
18.9608 819401
18.9623 819741
18.9639 820081
19.0388 820421
19.0403 820761
19.0419 821101
19.0435 821441
19.0451 821781
19.0466 822121
19.0482 822461
19.0498 822801
19.0514 823141
19.0529 823481
19.0545 823821
19.0561 824161
19.1309 824501
19.1325 824841
19.1341 825181
19.1357 825521
19.1372 825861
19.1388 826201
19.1404 826541
19.142 826881
19.1435 827221
19.1451 827561
19.1467 827901
19.1483 828241
19.2231 828581
19.2247 828921
19.2262 829261
19.2278 829601
19.2294 829941
19.231 830281
19.2326 830621
19.2341 830961
19.2357 831301
19.2373 831641
19.2389 831981
19.2404 832321
19.3153 832661
19.3168 833001
19.3184 833341
19.32 833681
19.3216 834021
19.3231 834361
19.3247 834701
19.3263 835041
19.3279 835381
19.3295 835721
19.331 836061
19.3326 836401
19.4074 836741
19.409 837081
19.4106 837421
19.4122 837761
19.4137 838101
19.4153 838441
19.4169 838781
19.4185 839121
19.42 839461
19.4216 839801
19.4232 840141
19.4248 840481
19.4996 840821
19.5012 841161
19.5028 841501
19.5043 841841
19.5059 842181
19.5075 842521
19.5091 842861
19.5106 843201
19.5122 843541
19.5138 843881
19.5154 844221
19.5169 844561
19.5918 844901
19.5934 845241
19.5949 845581
19.5965 845921
19.5981 846261
19.5997 846601
19.6012 846941
19.6028 847281
19.6044 847621
19.606 847961
19.6075 848301
19.6091 848641
19.6839 848981
19.6855 849321
19.6871 849661
19.6887 850001
19.6903 850341
19.6918 850681
19.6934 851021
19.695 851361
19.6966 851701
19.6981 852041
19.6997 852381
19.7013 852721
19.7761 853061
19.7777 853401
19.7793 853741
19.7808 854081
19.7824 854421
19.784 854761
19.7856 855101
19.7872 855441
19.7887 855781
19.7903 856121
19.7919 856461
19.7935 856801
19.8683 857141
19.8699 857481
19.8714 857821
19.873 858161
19.8746 858501
19.8762 858841
19.8777 859181
19.8793 859521
19.8809 859861
19.8825 860201
19.8841 860541
19.8856 860881
19.9605 861221
19.962 861561
19.9636 861901
19.9652 862241
19.9668 862581
19.9683 862921
19.9699 863261
19.9715 863601
19.9731 863941
19.9746 864281
19.9762 864621
19.9778 864961
20.0526 865301
20.0542 865641
20.0558 865981
20.0574 866321
20.0589 866661
20.0605 867001
20.0621 867341
20.0637 867681
20.0652 868021
20.0668 868361
20.0684 868701
20.07 869041
