0.0 0
0.0301987 0.03
0.0628553 0.03025
0.1068 0.0319687
0.147266 0.0328477
0.158564 0.0334917
0.1885 0.0339302
0.19445 0.033939
0.197898 0.0339466
0.200288 0.0340783
0.222535 0.0340685
0.225091 0.0340599
0.228535 0.0340524
0.232343 0.0341709
0.234733 0.0342745
0.237124 0.0344902
0.239514 0.0346789
0.241905 0.0349691
0.256405 0.0348479
0.258796 0.0348669
0.261186 0.0350086
0.263576 0.0352575
0.265967 0.0354753
0.268357 0.0357909
0.270748 0.036067
0.273138 0.0365587
0.275528 0.0369888
0.277919 0.0374902
0.280309 0.0381789
0.2827 0.0387816
0.28509 0.0395589
0.28748 0.040364
0.289871 0.0411935
0.292261 0.0421693
0.294652 0.0431482
0.297042 0.0427546
0.299432 0.0425353
0.301823 0.0424684
0.304213 0.0426598
0.306604 0.0429524
0.308994 0.0433333
0.311384 0.0437917
0.313775 0.0443177
0.316165 0.045028
0.318556 0.0457745
0.320946 0.0465527
0.323336 0.0474836
0.325727 0.0482981
0.328117 0.0492609
0.330508 0.0502283
0.332898 0.0511997
0.335288 0.0521748
0.337679 0.0532779
0.340069 0.0544932
0.34246 0.0556815
0.34485 0.0567213
0.34724 0.0578812
0.349631 0.059021
0.352021 0.0602684
0.354412 0.0613598
0.356802 0.0624399
0.359192 0.0636349
0.361583 0.0648055
0.363973 0.0658298
0.366364 0.0669761
0.368754 0.0681041
0.371144 0.0690911
0.373535 0.0700797
0.375925 0.0710697
0.378316 0.072186
0.380706 0.0732878
0.383096 0.0745018
0.385487 0.0755641
0.387877 0.0766186
0.390268 0.0777912
0.392658 0.0789423
0.395048 0.0800745
0.397439 0.0813152
0.399829 0.0824008
0.40222 0.0836007
0.40461 0.0845256
0.407 0.0855849
0.409391 0.0862618
0.411781 0.0869791
0.414172 0.0874817
0.416562 0.0880465
0.418952 0.0882907
0.421343 0.0887543
0.423733 0.089035
0.426124 0.0895307
0.428514 0.0894643
0.430904 0.0887813
0.433295 0.0876836
0.435685 0.0862232
0.438076 0.0844453
0.440466 0.0822646
0.442856 0.0798565
0.445247 0.0772495
0.447637 0.0743433
0.450027 0.0714254
0.452418 0.0682472
0.454808 0.0649663
0.460741 0.0619705
0.463131 0.0588492
0.468781 0.0559931
0.477258 0.0537439
0.485624 0.0519009
0.496381 0.0509133
0.502954 0.0499241
0.510126 0.0493086
0.520285 0.0491451
0.528651 0.0491269
0.537018 0.0494861
0.547177 0.0501753
0.553774 0.0507784
0.556762 0.0513061
0.55975 0.0518928
0.56453 0.0526562
0.567518 0.0534492
0.570506 0.054268
0.574092 0.0551095
0.578275 0.0560958
0.583056 0.0572089
0.587837 0.0584328
0.591444 0.0597537
0.596203 0.0611595
0.600984 0.0626395
0.605167 0.0641846
0.608753 0.0656615
0.612936 0.0670788
0.617717 0.068694
0.622497 0.0704822
0.626105 0.0721719
0.630864 0.0739004
0.635645 0.0756629
0.638035 0.07733
0.642816 0.0791638
0.645228 0.0808933
0.648216 0.0825316
0.651204 0.0840902
0.653594 0.0854539
0.655985 0.0866472
0.660168 0.0881913
0.663156 0.0896674
0.665546 0.0909589
0.668534 0.0922141
0.673315 0.0936873
0.676901 0.0946014
0.686462 0.0964012
0.691841 0.0976011
0.699609 0.0992759
0.706183 0.100991
0.71278 0.102868
0.718756 0.104509
0.725927 0.106445
0.728915 0.10789
0.737281 0.110029
0.74266 0.11165
0.752221 0.114069
0.757002 0.11606
0.765368 0.118428
0.768954 0.119999
0.77732 0.122249
0.780906 0.123968
0.783894 0.125472
0.786882 0.126913
0.78987 0.128299
0.793456 0.129512
0.801224 0.131323
0.80481 0.132782
0.807798 0.13406
0.810786 0.135177
0.815567 0.13653
0.819152 0.137589
0.833495 0.13989
0.838275 0.141279
0.853215 0.143994
0.856227 0.145495
0.871188 0.148308
0.874176 0.149769
0.889116 0.152673
0.892104 0.154214
0.904654 0.156812
0.910032 0.158711
0.926765 0.161997
0.931546 0.163997
0.945291 0.167123
0.948876 0.168982
0.962621 0.171985
0.967402 0.173986
0.971585 0.175988
0.974573 0.177615
0.977561 0.179038
0.981146 0.180533
0.992501 0.182966
0.997282 0.184471
1.00206 0.186162
1.00505 0.187392
1.00983 0.188843
1.01282 0.189737
1.03553 0.193145
1.04031 0.194627
1.06184 0.198174
1.06483 0.199527
1.08694 0.203211
1.09053 0.20506
1.11085 0.208927
1.11384 0.210686
1.13296 0.214226
1.13654 0.216197
1.16403 0.221173
1.16881 0.223526
1.18973 0.227835
1.19332 0.230231
1.21363 0.234452
1.21841 0.236896
1.2232 0.239409
1.22678 0.241108
1.23096 0.242844
1.23395 0.244364
1.24949 0.247318
1.25427 0.248903
1.26084 0.25079
1.26443 0.252067
1.26921 0.253558
1.2722 0.254489
1.30507 0.259052
1.30985 0.260671
1.34272 0.266087
1.3463 0.268201
1.37917 0.273801
1.38216 0.276326
1.41024 0.28166
1.41323 0.284078
1.44192 0.289443
1.4461 0.292263
1.48494 0.299105
1.49092 0.302342
1.52259 0.308924
1.52737 0.312308
1.55666 0.318645
1.56144 0.322064
1.56801 0.325681
1.571 0.328096
1.57578 0.330584
1.57877 0.332511
1.59968 0.336572
1.60446 0.338626
1.61462 0.341422
1.61761 0.34312
1.62239 0.344855
1.62538 0.345998
1.67319 0.352748
1.67677 0.35478
1.72757 0.362557
1.73056 0.365488
1.77657 0.373552
1.78016 0.376733
1.8184 0.384016
1.82139 0.387264
1.86502 0.395231
1.8704 0.399202
1.92657 0.409427
1.93135 0.413874
1.98095 0.423514
1.98513 0.428325
2.02816 0.437659
2.03294 0.442202
2.04131 0.446927
2.0443 0.450436
2.05027 0.453881
2.05386 0.456646
2.08135 0.46219
2.08434 0.464917
2.10167 0.469052
2.10465 0.471421
2.10943 0.473868
2.11242 0.475759
2.18174 0.485665
2.18473 0.488706
2.25943 0.500368
2.26242 0.504447
2.32756 0.515891
2.33055 0.52053
2.38553 0.531214
2.38851 0.535812
2.45425 0.547835
2.45903 0.553481
2.54508 0.568796
2.54807 0.575196
2.62397 0.589922
2.62875 0.596932
2.6897 0.61044
2.69269 0.61701
2.70584 0.624134
2.70883 0.629367
2.71719 0.634571
2.72018 0.63875
2.75903 0.646906
2.76201 0.650918
2.78472 0.656928
2.78831 0.660437
2.79428 0.664007
2.79727 0.666757
2.89827 0.681537
2.90125 0.686095
3.00822 0.703208
3.01181 0.709057
3.10743 0.72605
3.11041 0.732919
3.18691 0.748179
3.18989 0.754906
3.29208 0.773418
3.29507 0.781741
3.42654 0.805023
3.42953 0.81477
3.54188 0.837049
3.54666 0.847543
3.63391 0.867225
3.6375 0.877072
3.65423 0.887563
3.65722 0.895368
3.66738 0.903197
3.67036 0.909297
3.72534 0.921135
3.73012 0.927118
3.76 0.935728
3.76299 0.940762
3.76956 0.945667
3.77255 0.949459
3.92195 0.971151
3.92554 0.978007
4.08271 1.00338
4.08749 1.01271
4.22673 1.03787
4.22972 1.04826
4.33848 1.0706
4.34206 1.08103
4.49804 1.10927
4.50222 1.12174
4.69704 1.15665
4.70062 1.17107
4.86556 1.20406
4.87034 1.21943
5.00361 1.24925
5.00659 1.26397
5.02751 1.27922
5.0305 1.29082
5.04365 1.30222
5.04723 1.31131
5.12731 1.32902
5.13508 1.3384
5.17452 1.3511
5.17811 1.35884
5.18408 1.36611
5.18767 1.37197
5.38946 1.4021
5.39503 1.41058
5.39742 1.41789
5.58925 1.4284
5.59403 1.43785
5.76136 1.44949
5.76435 1.45968
5.89762 1.4716
5.90001 1.48215
6.09781 1.49625
6.10199 1.50872
6.34402 1.52563
6.3482 1.54055
6.55378 1.55823
6.55796 1.57395
6.90457 1.59296
6.91055 1.60909
6.91712 1.62345
7.17588 1.64302
7.37827 1.68514
7.44838 1.70688
7.45376 1.72602
7.67308 1.74914
7.68025 1.76975
7.85057 1.79253
7.85595 1.81271
8.12307 1.83925
8.12845 1.86259
8.45295 1.89314
8.46131 1.92063
8.70812 1.9498
8.7129 1.97532
9.15752 2.01003
9.16469 2.04078
9.18262 2.06881
9.19098 2.09383
9.74316 2.12773
9.86149 2.16339
9.86687 2.19421
10.0711 2.24631
10.0856 2.26602
10.091 2.28339
10.2511 2.29735
10.2559 2.30955
10.5194 2.31973
10.5236 2.32864
10.8445 2.33544
10.8499 2.34151
11.0979 2.34682
11.1027 2.35159
11.6824 2.37227
11.6883 2.39061
11.7248 2.40828
11.7326 2.42425
12.5148 2.45272
12.5208 2.47788
13.281 2.51314
13.2857 2.544
13.4887 2.59587
13.6162 2.61789
13.6246 2.63753
13.6329 2.65496
13.6413 2.67072
13.8455 2.70938
13.8875 2.71933
13.8947 2.72816
13.9031 2.73614
13.9102 2.74325
14.5801 2.76259
14.5897 2.78002
14.5981 2.79564
14.6058 2.80956
14.6447 2.82337
14.6542 2.83595
14.662 2.84733
14.6734 2.85804
15.5536 2.88053
15.5614 2.90059
15.5674 2.91827
15.5745 2.93398
16.4787 2.96674
16.4847 2.99552
16.4919 3.02095
16.4978 3.04321
16.698 3.06381
16.8367 3.08321
16.8438 3.10043
16.8486 3.11538
16.8564 3.12883
16.8636 3.14085
16.8701 3.15162
16.8779 3.16129
16.8845 3.17001
17.0829 3.20163
17.1253 3.21093
17.1301 3.21456
17.1361 3.21787
17.142 3.22076
17.1474 3.22329
17.1534 3.22563
17.16 3.2278
17.1659 3.22982
17.3695 3.25647
17.9368 3.26891
17.9428 3.2798
17.9488 3.28945
17.9578 3.29827
17.9649 3.30623
17.9721 3.31345
17.9811 3.32027
17.9894 3.32649
18.0193 3.33505
18.0265 3.3403
18.0343 3.34526
18.0426 3.34985
18.0486 3.354
18.0588 3.35812
18.0671 3.36223
18.0731 3.36583
18.2779 3.39385
18.8643 3.38337
18.8727 3.37407
18.8816 3.36594
18.8906 3.35882
18.9008 3.35272
18.9109 3.3475
18.9211 3.34307
18.9324 3.33943
19.9914 3.361
20.0021 3.38013
20.0117 3.39674
20.0225 3.41139
20.0338 3.42435
20.0446 3.4358
20.0553 3.44608
20.0649 3.45494
20.2227 3.4812
20.2334 3.4873
20.3792 3.50964
20.39 3.51431
20.4031 3.51889
20.4151 3.52316
20.427 3.52714
20.4366 3.53062
20.4474 3.53379
20.4587 3.53669
20.4695 3.53936
20.4808 3.54181
20.491 3.54396
20.5023 3.54622
20.5131 3.54831
20.5227 3.55002
20.5334 3.55165
20.5466 3.55344
20.6559 3.56751
20.6655 3.5687
20.6995 3.57273
20.7091 3.57339
20.7181 3.57384
20.7276 3.57411
20.7366 3.57422
20.7462 3.57432
20.7593 3.57491
20.7701 3.57554
20.7808 3.5761
20.7904 3.57659
20.8035 3.57739
20.8161 3.57847
20.8268 3.57953
20.8376 3.58059
20.8483 3.58164
20.8597 3.58269
20.8705 3.58373
20.978 3.58676
21.6443 3.60154
21.6563 3.61472
21.6671 3.62638
21.6784 3.63671
21.6898 3.646
21.7005 3.65425
21.7137 3.66184
21.7256 3.66874
21.7382 3.67514
21.7501 3.68113
21.7621 3.68661
21.7728 3.69141
21.7848 3.69586
21.7967 3.7
21.8087 3.70388
21.8218 3.70777
21.8338 3.71142
21.8475 3.71512
21.8631 3.7191
21.8756 3.72284
21.89 3.72674
21.9031 3.73064
21.9163 3.73444
21.9294 3.73813
21.9437 3.74187
21.9581 3.74588
21.9748 3.75015
21.9951 3.75525
22.0131 3.76072
22.0298 3.76626
22.0465 3.77198
22.0633 3.77798
22.1153 3.78848
22.3248 3.82005
22.7093 3.82317
22.7188 3.82577
22.7284 3.82805
22.7386 3.83004
22.7481 3.83179
22.7589 3.83331
22.7696 3.8349
22.7852 3.83704
22.7977 3.83916
22.8079 3.84101
22.821 3.84314
22.8318 3.84512
22.8425 3.84698
22.8557 3.84898
22.8688 3.85111
22.8796 3.8531
23.085 3.87933
23.9887 3.89404
24.0019 3.90691
24.0162 3.9183
24.0306 3.92839
24.0431 3.93709
24.0569 3.9447
24.0718 3.95161
24.0891 3.95816
24.1023 3.96389
24.1178 3.96903
24.131 3.97353
24.1465 3.97784
24.1596 3.98148
24.1758 3.98505
24.1913 3.98842
24.2092 3.99199
24.2421 3.99761
24.2541 4.00054
24.2696 4.00335
24.2827 4.00568
24.4214 4.02347
24.4345 4.02616
24.4519 4.02901
24.4674 4.03176
24.4841 4.03467
24.508 4.03858
24.5236 4.04214
24.5355 4.04512
24.5511 4.04798
24.5642 4.05048
24.5774 4.05255
24.5905 4.05435
24.6049 4.05606
24.6192 4.05768
24.6323 4.05909
24.6473 4.06046
24.6616 4.06177
24.6784 4.06343
24.6957 4.06525
24.7106 4.06709
24.7327 4.06971
24.7465 4.07212
24.7602 4.07435
24.7746 4.07631
24.7883 4.07815
24.8015 4.07963
24.8134 4.0808
24.8266 4.08182
24.8415 4.08285
24.8547 4.08374
24.869 4.08452
24.8827 4.08533
24.8959 4.08604
24.9096 4.08666
24.9228 4.0872
24.9359 4.08755
24.9515 4.08823
24.964 4.08883
24.9795 4.08948
24.9951 4.09042
25.013 4.09174
25.028 4.09302
25.0465 4.09489
25.062 4.09678
25.0788 4.09881
25.0955 4.10096
25.111 4.10321
25.1289 4.10569
25.1523 4.1091
25.1738 4.11309
25.1995 4.11808
25.2222 4.12369
25.2407 4.12923
25.2634 4.1352
25.2807 4.14093
25.2981 4.14644
25.316 4.15176
25.3297 4.15654
25.3483 4.16134
25.3626 4.16568
25.3787 4.16972
25.3943 4.17363
25.4092 4.17717
25.4272 4.1809
25.4445 4.18466
25.46 4.18821
25.4768 4.19168
25.4917 4.19485
25.5084 4.19811
25.5234 4.20123
25.5407 4.20432
25.5574 4.20753
25.5712 4.21034
25.5879 4.21317
25.91 4.2194
25.9244 4.22498
25.9399 4.2301
25.9536 4.23459
25.9698 4.23889
25.9805 4.24228
25.9925 4.24512
26.0044 4.24748
26.2092 4.27342
27.1815 4.30724
28.094 4.34059
28.8819 4.35776
28.8992 4.37279
28.9213 4.38644
28.9416 4.39864
28.9619 4.40968
28.9853 4.4201
29.0133 4.43046
29.0426 4.4409
29.0641 4.45054
29.0809 4.45872
29.0988 4.46588
29.1173 4.47227
29.1341 4.47774
29.1514 4.4824
29.1693 4.48647
29.1914 4.49054
29.2117 4.49447
29.2315 4.49816
29.2578 4.50239
29.2793 4.50659
29.2984 4.51039
29.3163 4.51372
29.3331 4.5165
29.351 4.51882
29.3683 4.52084
29.3892 4.52298
29.4066 4.52474
29.4245 4.52627
29.4436 4.52786
29.4609 4.52913
29.4807 4.53049
29.498 4.53155
29.5177 4.53273
29.5386 4.53414
29.5589 4.53562
29.5799 4.5373
29.5996 4.53901
29.6211 4.54101
29.6396 4.54276
29.6599 4.54454
29.6809 4.54659
29.7083 4.54965
29.7323 4.55306
29.7609 4.55731
29.7884 4.56227
29.8171 4.56798
29.8512 4.57499
29.8733 4.58161
29.8966 4.58804
29.9127 4.59341
29.9301 4.59811
29.9444 4.60172
29.9599 4.6045
29.9767 4.60694
29.9934 4.60895
30.0077 4.6102
30.0233 4.61105
30.0388 4.61142
30.0585 4.61199
30.0741 4.61224
30.0926 4.61246
30.1069 4.61216
30.1225 4.61164
30.1386 4.61093
30.1542 4.61007
30.1685 4.60893
30.1852 4.60782
30.2032 4.60684
30.2205 4.60586
30.236 4.60475
30.2528 4.60353
30.2671 4.60209
30.2838 4.60058
30.2982 4.59888
30.3149 4.59715
30.3305 4.59538
30.3472 4.59371
30.3615 4.59187
30.3771 4.59001
30.3992 4.58888
30.4183 4.58802
30.4326 4.58677
30.45 4.58555
30.4631 4.58398
30.4787 4.58223
30.4918 4.58008
30.5073 4.57794
30.5217 4.57558
30.5378 4.57325
30.5528 4.57097
30.5689 4.56873
30.5874 4.56688
30.6042 4.56515
30.6233 4.56376
30.6406 4.56241
30.6591 4.56136
30.6765 4.56031
30.6938 4.55928
30.7123 4.55849
30.7308 4.5578
30.7488 4.5572
30.7691 4.55718
30.7876 4.55716
30.8067 4.55726
30.8259 4.55748
30.8462 4.55804
30.8659 4.55866
30.885 4.55946
30.9041 4.56027
30.9239 4.56111
30.943 4.56198
30.9633 4.5631
30.9848 4.56447
31.0069 4.56616
31.0314 4.56864
31.0547 4.57143
31.0751 4.57425
31.0978 4.57722
31.1181 4.58019
31.1396 4.58317
31.1617 4.58627
31.1844 4.58961
31.2071 4.59316
31.2304 4.59689
31.2561 4.60116
31.28 4.60564
31.3027 4.61018
31.3255 4.61478
31.3482 4.61944
31.3751 4.62463
31.3954 4.62943
31.4205 4.6345
31.4456 4.63981
31.4731 4.64571
31.4982 4.65175
31.5268 4.65828
31.5555 4.66537
31.5854 4.67307
31.6117 4.68094
31.6398 4.68907
31.6667 4.69731
31.6876 4.7049
31.7097 4.71204
31.7282 4.71841
31.7474 4.72411
31.7653 4.72909
31.7844 4.73358
31.8023 4.73751
31.8203 4.74094
31.8382 4.74395
31.8573 4.74683
31.8812 4.7501
31.9051 4.75372
31.9242 4.757
31.9464 4.76038
31.9643 4.76333
31.9858 4.76629
32.0073 4.76938
32.027 4.77233
32.0456 4.77491
32.0653 4.77742
32.0832 4.77962
32.1035 4.78192
32.1238 4.78418
32.143 4.78628
32.1621 4.78837
32.183 4.79057
32.2063 4.79313
32.2254 4.79549
32.2493 4.7983
32.2703 4.80114
32.2894 4.80375
32.3085 4.80615
32.3276 4.80838
32.3485 4.81071
32.373 4.81375
32.3928 4.81653
32.4113 4.81909
32.4304 4.82145
32.4495 4.82365
32.4728 4.82619
32.4961 4.82917
32.5201 4.83252
32.538 4.83533
32.5571 4.83804
32.5756 4.84041
32.5959 4.84273
32.6163 4.84527
32.6384 4.84798
32.6575 4.85049
32.6778 4.85292
32.6975 4.85531
32.7179 4.85765
32.737 4.85981
32.7609 4.86246
32.7812 4.86515
32.8039 4.86801
32.8272 4.87126
32.8499 4.8746
32.8714 4.87815
32.8947 4.88188
32.9157 4.88552
32.9372 4.88921
32.9605 4.89306
32.9808 4.89667
33.0071 4.90096
33.0346 4.90584
33.0627 4.91136
33.0896 4.91732
33.1093 4.92278
33.1278 4.92756
33.1511 4.93261
33.172 4.93741
33.1965 4.94236
33.2157 4.94681
33.2348 4.95084
33.2533 4.95448
33.2754 4.95817
33.2939 4.9614
33.3178 4.96498
33.3382 4.96848
33.3585 4.97179
33.3884 4.97619
33.4147 4.98117
33.4416 4.98665
33.4595 4.99144
33.4798 4.99589
33.5007 5.00015
33.5186 5.00388
33.5396 5.00752
33.5623 5.01133
33.5874 5.01554
33.6065 5.01935
33.6256 5.0228
33.6441 5.02595
33.6662 5.02921
33.6872 5.03256
33.7057 5.03549
33.7308 5.03893
33.7589 5.04319
33.778 5.04704
33.7959 5.05041
33.8192 5.05411
33.8396 5.05759
33.8635 5.06139
33.8868 5.06535
33.9095 5.06943
33.9316 5.0735
33.9668 5.07931
33.9854 5.08452
34.0069 5.08946
34.0278 5.09415
34.0481 5.09863
34.0672 5.10268
34.0864 5.10634
34.1085 5.11005
34.13 5.11367
34.1545 5.11771
34.179 5.122
34.2059 5.12687
34.2405 5.13339
34.268 5.14034
34.2854 5.1463
34.3033 5.15151
34.3212 5.15607
34.3403 5.16019
34.3613 5.16416
34.3804 5.16777
34.4013 5.1713
34.4204 5.17451
34.4419 5.1777
34.4676 5.18148
34.5005 5.1868
34.5178 5.19132
34.5358 5.19528
34.5531 5.19875
34.5716 5.20178
34.5937 5.20493
34.6116 5.20769
34.6314 5.21035
34.6487 5.21256
34.669 5.21486
34.6863 5.21676
34.7067 5.21866
34.7252 5.22058
34.7455 5.22251
34.764 5.22432
34.7844 5.22615
34.8029 5.22776
34.8244 5.22966
34.8435 5.23146
34.8638 5.23327
34.8824 5.23499
34.9027 5.23674
34.923 5.23852
34.9481 5.24108
34.9738 5.2442
34.9995 5.24805
35.0246 5.25229
35.0539 5.25738
35.0784 5.26271
35.1059 5.26849
35.131 5.27443
35.1614 5.28125
35.1907 5.2886
35.2278 5.2974
35.2612 5.3071
35.2857 5.31634
35.3013 5.32417
35.318 5.33102
35.3359 5.33689
35.3533 5.34203
35.3688 5.34615
35.3855 5.34963
35.4011 5.35243
35.4262 5.35575
35.4417 5.35828
35.4608 5.36062
35.4764 5.36242
35.4931 5.36387
35.511 5.36513
35.5278 5.36612
35.5469 5.3671
35.5762 5.36859
35.6001 5.36964
35.6228 5.37019
35.6455 5.37041
35.6682 5.37036
35.6927 5.37019
35.713 5.36954
35.7393 5.3691
35.7698 5.36934
35.7949 5.36954
35.817 5.36948
35.8397 5.36892
35.86 5.36793
35.8827 5.36669
35.9055 5.36535
35.93 5.36406
35.9545 5.36292
35.9796 5.36193
36.0041 5.36107
36.028 5.36006
36.0531 5.35918
36.0782 5.3584
36.1033 5.35773
36.1313 5.35751
36.1552 5.3572
36.1815 5.35705
36.209 5.35729
36.2365 5.35776
36.261 5.35816
36.2873 5.35864
36.3124 5.35894
36.3429 5.35982
36.3728 5.36122
36.4038 5.36319
36.4301 5.36517
36.4564 5.36702
36.4851 5.36914
36.5114 5.37112
36.5419 5.37348
36.5694 5.37592
36.5993 5.37856
36.6291 5.38149
36.6614 5.38493
36.6877 5.38806
36.7134 5.39093
36.7391 5.39356
36.7672 5.39624
36.7941 5.39884
36.8192 5.40111
36.8449 5.40309
36.8724 5.40508
36.8975 5.40682
36.9214 5.40822
36.9507 5.40994
36.9793 5.41195
37.0032 5.41358
37.0307 5.41526
37.0558 5.41673
37.0839 5.41838
37.1108 5.42009
37.1395 5.42195
37.164 5.42346
37.1879 5.42465
37.2142 5.42594
37.2381 5.42695
37.262 5.42771
37.2895 5.42862
37.3212 5.43029
37.3493 5.43213
37.3767 5.43399
37.403 5.43574
37.4305 5.43752
37.4568 5.43921
37.4819 5.44068
37.5058 5.44185
37.5321 5.44312
37.5572 5.44423
37.5829 5.4452
37.6068 5.44592
37.6343 5.44681
37.6642 5.44821
37.6929 5.44981
37.7245 5.45208
37.7496 5.45407
37.7747 5.45581
37.8022 5.45771
37.8315 5.45987
37.859 5.46214
37.8865 5.46437
37.9104 5.46607
37.9397 5.46806
37.9714 5.47068
38.0024 5.47372
38.0275 5.47638
38.0514 5.47858
38.0771 5.48064
38.1034 5.48256
38.1339 5.48486
38.1578 5.48675
38.1829 5.48828
38.2122 5.49025
38.2397 5.49222
38.2702 5.49469
38.3012 5.4976
38.3329 5.5009
38.3616 5.50429
38.3962 5.5085
38.4261 5.51282
38.4542 5.51696
38.4835 5.52097
38.5116 5.52485
38.5427 5.52899
38.5797 5.53412
38.609 5.5391
38.6365 5.54384
38.6699 5.54899
38.6968 5.55374
38.7243 5.55827
38.7524 5.56274
38.7853 5.56764
38.8092 5.57194
38.8337 5.57557
38.8594 5.579
38.8845 5.58212
38.9126 5.58536
38.9389 5.58844
38.9652 5.59151
39.001 5.59582
39.0405 5.60147
39.0697 5.60716
39.0972 5.61264
39.1199 5.61731
39.1426 5.62127
39.1665 5.62486
39.1857 5.6275
39.2084 5.62982
39.2347 5.63221
39.2574 5.63431
39.2801 5.63627
39.4926 5.66161
40.9448 5.69004
42.3922 5.72066
43.6467 5.72895
43.6671 5.73621
43.6886 5.74256
43.7107 5.74811
43.7352 5.75347
43.7603 5.75854
43.7872 5.76372
43.8159 5.76901
43.8374 5.77376
43.8601 5.77804
43.8828 5.78191
43.9007 5.78479
43.9258 5.78782
43.9485 5.79059
43.97 5.79314
43.994 5.7955
44.0179 5.79794
44.0394 5.80007
44.0585 5.80169
44.077 5.80273
44.1093 5.80501
44.1338 5.80726
44.1571 5.8096
44.1816 5.8119
44.2133 5.81529
44.239 5.81863
44.2581 5.82142
44.276 5.8235
44.2951 5.82493
44.3137 5.82582
44.3316 5.82609
44.3537 5.82645
44.3776 5.82702
44.4039 5.82814
44.4302 5.82975
44.4523 5.83128
44.4744 5.83262
44.4995 5.83429
44.5276 5.83651
44.5599 5.83982
44.5898 5.84372
44.6119 5.84725
44.6376 5.85085
44.6704 5.85549
44.6955 5.85993
44.717 5.86394
44.7404 5.86757
44.7655 5.87125
44.7888 5.87459
44.8133 5.87802
44.8348 5.88089
44.8593 5.88391
44.8892 5.88767
44.9196 5.89196
44.9549 5.89746
44.9925 5.90428
45.0242 5.91162
45.0541 5.91904
45.0756 5.92554
45.0971 5.93122
45.1186 5.93619
45.139 5.94029
45.1593 5.94388
45.182 5.94702
45.2047 5.95002
45.2268 5.95264
45.2495 5.95519
45.2746 5.95779
45.2967 5.96019
45.3146 5.96179
45.3338 5.96294
45.3541 5.96382
45.3756 5.9646
45.4031 5.96602
45.4366 5.96877
45.4617 5.97167
45.485 5.97434
45.5095 5.97717
45.5358 5.98015
45.5591 5.98313
45.5824 5.98586
45.6081 5.98888
45.635 5.99202
45.6607 5.99539
45.6899 5.99922
45.7264 6.00457
45.7628 6.011
45.7885 6.01725
45.8077 6.02234
45.828 6.02667
45.8483 6.03034
45.8716 6.0338
45.8937 6.03682
45.9176 6.03984
45.9439 6.04299
45.9666 6.04599
45.9893 6.04874
46.0156 6.05177
46.0425 6.05505
46.0688 6.05855
46.0933 6.0621
46.1196 6.06571
46.1375 6.0685
46.1543 6.07031
46.1722 6.07152
46.1907 6.07208
46.211 6.07257
46.2302 6.07263
46.2529 6.0728
46.2744 6.07295
46.2983 6.07345
46.3276 6.07477
46.3598 6.0773
46.3921 6.08089
46.4142 6.08415
46.4387 6.08726
46.4656 6.09073
46.4919 6.09426
46.5146 6.0976
46.5421 6.10128
46.5648 6.10462
46.5857 6.10742
46.6049 6.10961
46.624 6.11116
46.6431 6.11239
46.6622 6.11322
46.6814 6.11357
46.7035 6.11399
46.7268 6.1145
46.7507 6.11531
46.7734 6.11614
46.7973 6.11725
46.8224 6.1186
46.8457 6.12002
46.8708 6.12164
46.8923 6.12319
46.9162 6.12479
46.9425 6.12682
46.9664 6.12884
46.9903 6.13098
47.0166 6.13336
47.0405 6.13582
47.0644 6.13821
47.0877 6.14056
47.1116 6.14287
47.1343 6.14513
47.157 6.14724
47.1792 6.14921
47.2019 6.15106
47.2234 6.15268
47.2503 6.15484
47.2736 6.15686
47.2951 6.15875
47.3172 6.16041
47.3465 6.16286
47.3692 6.16513
47.3901 6.16711
47.411 6.16872
47.4331 6.17026
47.4541 6.17147
47.4803 6.17317
47.5114 6.17577
47.5329 6.17805
47.5544 6.18004
47.576 6.18179
47.5975 6.18331
47.6202 6.1849
47.6405 6.18604
47.668 6.18778
47.6973 6.19031
47.7266 6.19352
47.7493 6.19646
47.7708 6.19902
47.7905 6.20115
47.812 6.203
47.8341 6.20475
47.8568 6.20628
47.8807 6.208
47.9023 6.2095
47.9238 6.21081
47.9465 6.21208
47.968 6.2132
47.9895 6.21417
48.0122 6.21528
48.0337 6.21612
48.0588 6.21735
48.0809 6.21843
48.1048 6.21975
48.1264 6.22091
48.1514 6.22242
48.1736 6.22374
48.1957 6.22503
48.2178 6.22615
48.2399 6.22725
48.2614 6.22822
48.2883 6.22982
48.3122 6.23147
48.3379 6.23341
48.363 6.23561
48.3875 6.23791
48.4114 6.24029
48.4341 6.24251
48.4556 6.24444
48.4783 6.24626
48.4999 6.24786
48.5285 6.25012
48.553 6.25261
48.5757 6.25478
48.5996 6.25706
48.6242 6.25943
48.6487 6.26187
48.6726 6.26426
48.6953 6.26661
48.718 6.26866
48.7407 6.2707
48.7634 6.27261
48.7861 6.27453
48.8088 6.27622
48.8315 6.27794
48.8548 6.27957
48.8775 6.28125
48.899 6.28272
48.9218 6.28413
48.9445 6.28561
48.9684 6.28716
48.9887 6.28839
49.0138 6.28984
49.0365 6.29136
49.061 6.29294
49.0837 6.29457
49.1052 6.296
49.1291 6.29763
49.147 6.29855
49.171 6.29961
49.1955 6.3009
49.2182 6.30229
49.2409 6.30351
49.2624 6.30469
49.2851 6.30586
49.3066 6.30687
49.3305 6.30801
49.3496 6.30876
49.3688 6.30904
49.3939 6.30979
49.4261 6.31181
49.4524 6.31421
49.4745 6.31644
49.499 6.31876
49.5271 6.32166
49.554 6.32483
49.5767 6.32773
49.5994 6.33038
49.6221 6.33296
49.646 6.33547
49.6699 6.33791
49.6927 6.34017
49.716 6.3424
49.7399 6.3446
49.7668 6.34727
50.0482 6.35324
50.0703 6.35858
50.0913 6.36314
50.1134 6.36724
50.1379 6.37109
50.1606 6.3747
50.1809 6.37761
50.2084 6.38104
50.2347 6.38453
50.2562 6.38772
50.2777 6.39038
50.298 6.3927
50.3219 6.39487
50.3434 6.39688
50.365 6.39852
50.3853 6.39996
50.4068 6.40109
50.4283 6.4022
50.4486 6.40293
50.4677 6.40331
50.4905 6.40377
50.512 6.40418
50.5299 6.40415
50.5478 6.40363
50.5669 6.40293
50.5873 6.40219
50.6118 6.40192
50.6404 6.40255
50.665 6.40348
50.6841 6.40405
50.7032 6.40429
50.7223 6.40413
50.7438 6.40399
50.7677 6.40411
50.7898 6.40435
50.8126 6.40468
50.8377 6.40547
50.8592 6.40616
50.8801 6.40677
50.904 6.40742
50.9255 6.40812
50.9458 6.40848
50.9685 6.40904
50.9877 6.40916
51.0056 6.40889
51.0235 6.40828
51.0438 6.4075
51.0665 6.40706
51.0964 6.40768
51.1191 6.40847
51.1406 6.40903
51.161 6.4094
51.1843 6.40998
51.2028 6.41011
51.2201 6.40972
51.2375 6.40888
51.256 6.40764
51.2787 6.40681
51.299 6.40596
51.3205 6.40522
51.3432 6.40469
51.3659 6.40435
51.3898 6.40431
51.4161 6.40502
51.4424 6.40614
51.4675 6.40762
51.489 6.40892
51.5106 6.41006
51.5321 6.41105
51.5536 6.41192
51.5751 6.4128
51.5972 6.41358
51.6181 6.41426
51.639 6.41472
51.6606 6.41513
51.6821 6.41549
51.7 6.41531
51.7191 6.41489
51.7382 6.41428
51.7609 6.41375
51.7825 6.4134
51.8064 6.41335
51.8327 6.41393
51.8572 6.41482
51.8763 6.41534
51.893 6.41517
51.9109 6.41453
51.9301 6.41371
51.948 6.4125
51.9653 6.41093
51.9839 6.40919
52.003 6.40729
52.0233 6.40563
52.0412 6.40368
52.0615 6.40184
52.0854 6.40061
52.1088 6.39966
52.1315 6.39908
52.1554 6.39882
52.184 6.39959
52.2151 6.40139
52.2462 6.40422
52.2677 6.40657
52.288 6.40862
52.3095 6.41029
52.3317 6.41188
52.3538 6.41327
52.3753 6.41461
52.3968 6.41566
52.4183 6.4167
52.441 6.41774
52.4625 6.41865
52.4846 6.41944
52.5062 6.42026
52.5277 6.42085
52.548 6.42125
52.5659 6.42109
52.585 6.42083
52.6054 6.42048
52.6257 6.41992
52.646 6.4193
52.6675 6.41876
52.6896 6.41842
52.7129 6.41824
52.738 6.41871
52.7631 6.4195
52.7852 6.42031
52.8079 6.42102
52.8295 6.42177
52.851 6.4223
52.8713 6.42276
52.8916 6.42292
52.9155 6.42343
52.937 6.42387
52.9573 6.42414
52.98 6.4245
53.0016 6.42481
53.0219 6.42483
53.041 6.42473
53.0619 6.42439
55.1055 6.43609
56.9545 6.43533
58.5969 6.39779
58.6184 6.36494
58.6387 6.33607
58.6626 6.31106
58.6817 6.28893
58.7009 6.26919
58.7212 6.25191
58.7427 6.23668
58.7642 6.22347
58.7857 6.21178
58.8078 6.20168
58.8288 6.19272
58.8515 6.18513
58.8754 6.17874
58.8975 6.17327
58.9202 6.16862
58.9405 6.16441
58.9632 6.16099
58.9847 6.15786
59.005 6.15513
59.0266 6.15261
59.0481 6.15054
59.0696 6.1486
59.0911 6.14702
59.1126 6.14552
59.1329 6.14408
59.1532 6.14269
59.1736 6.14136
59.1939 6.13994
59.2154 6.13882
59.2369 6.13772
59.2608 6.13713
59.2835 6.13674
59.305 6.13652
59.3289 6.13645
59.3517 6.13665
59.3732 6.13682
59.3977 6.13734
59.4204 6.13792
59.4443 6.13881
59.4682 6.13996
59.4921 6.14121
59.5148 6.14244
59.5387 6.14376
59.5614 6.14516
59.5847 6.14652
59.6068 6.14783
59.6295 6.1491
59.6516 6.15034
59.6738 6.15142
59.6965 6.15262
59.7192 6.15379
59.7419 6.15494
59.7646 6.15607
59.7873 6.15731
59.81 6.15852
59.8315 6.15958
59.8542 6.16064
59.8769 6.16168
59.8996 6.16272
59.9236 6.16401
59.9451 6.16513
59.9678 6.16624
59.9893 6.16721
60.012 6.16818
60.0347 6.16929
60.0592 6.17062
60.0813 6.17192
60.1028 6.17293
60.1255 6.17406
60.1482 6.17518
60.1698 6.17616
60.1925 6.17714
60.2164 6.17837
60.2403 6.1797
60.2618 6.18086
60.2869 6.18225
60.3084 6.1836
60.3311 6.1849
60.3526 6.18604
60.3759 6.18716
60.3974 6.18826
60.4214 6.18948
60.4441 6.19079
60.4656 6.19182
60.4883 6.19297
60.5098 6.19385
60.5325 6.19487
60.5552 6.19588
60.5779 6.1969
60.6006 6.19804
60.6233 6.19916
60.646 6.20039
60.6688 6.20146
60.6915 6.20266
60.7142 6.20382
60.7369 6.20497
60.7596 6.2061
60.7817 6.20721
60.8044 6.20831
60.8277 6.20952
60.851 6.21083
60.8743 6.21223
60.8982 6.2137
60.9221 6.21536
60.9437 6.21669
60.9664 6.2181
60.9891 6.21947
61.0118 6.22078
61.0345 6.22206
61.0572 6.22343
61.0799 6.22462
61.1014 6.2258
61.1259 6.2272
61.1486 6.22855
61.1713 6.22998
61.1935 6.23123
61.2162 6.23258
61.2389 6.23376
61.261 6.23491
61.2837 6.23605
61.307 6.23729
61.3297 6.2385
61.3524 6.23982
61.3751 6.24109
61.3978 6.24233
61.4205 6.24354
61.4432 6.24485
61.466 6.24599
61.4887 6.24724
61.5114 6.24846
61.5329 6.24953
61.5568 6.25071
61.5795 6.252
61.6016 6.25312
61.6243 6.25436
61.6464 6.25544
61.6691 6.25663
61.6907 6.25768
61.7134 6.25872
61.7373 6.26
61.76 6.26113
61.7827 6.26236
61.8054 6.26357
61.8281 6.26487
61.8496 6.26589
61.8723 6.26703
61.8938 6.2679
61.9154 6.26879
61.9393 6.26981
61.9655 6.27134
61.9871 6.27267
62.0098 6.27396
62.0325 6.27522
62.0528 6.27619
62.0755 6.27716
62.1006 6.27852
62.1233 6.27983
62.146 6.28123
62.1687 6.28245
62.1914 6.28377
62.2141 6.28505
62.2369 6.28629
62.2608 6.28775
62.2799 6.28866
62.3014 6.28958
62.3241 6.2905
62.348 6.29169
62.3719 6.29286
62.3946 6.29412
62.4173 6.29536
62.44 6.29669
62.4628 6.29785
62.4855 6.29912
62.5058 6.29998
62.5273 6.30086
62.5476 6.30138
62.5715 6.3022
62.5978 6.30343
62.6217 6.30487
62.6444 6.30627
62.6671 6.30773
62.6863 6.30864
62.7066 6.30931
62.7281 6.3099
62.752 6.31066
62.7753 6.3117
62.8028 6.31324
62.8255 6.31483
62.8488 6.31636
62.8703 6.31781
62.893 6.31921
62.9157 6.32056
62.9384 6.32186
62.9611 6.32326
62.9839 6.32447
63.0066 6.32579
63.0281 6.32694
63.0508 6.32807
63.0747 6.32931
63.095 6.3304
63.1165 6.33122
63.138 6.33207
63.1601 6.33281
63.1835 6.33371
63.2074 6.33475
63.2319 6.33603
63.2528 6.33703
63.2743 6.33802
63.2958 6.33877
63.3185 6.33967
63.3412 6.34071
63.3639 6.34162
63.3866 6.34267
63.4082 6.34359
63.4309 6.34451
63.4548 6.34557
63.4787 6.34688
63.505 6.34852
63.5277 6.3502
63.5492 6.35168
63.5695 6.35284
63.591 6.35386
63.6137 6.35488
63.6364 6.3559
63.6627 6.35741
63.6842 6.35873
63.7081 6.36027
63.7309 6.36161
63.7536 6.36303
63.7727 6.3639
63.793 6.36466
63.8157 6.36533
63.8384 6.36617
63.8599 6.36677
63.8832 6.36767
63.9048 6.36846
63.9275 6.36928
63.9502 6.37025
63.9741 6.37134
64.001 6.37292
64.0255 6.37468
64.0494 6.3766
64.0721 6.3784
64.0948 6.3801
64.1175 6.38171
64.139 6.38325
64.1629 6.38472
64.1856 6.38625
64.2095 6.38784
64.231 6.38936
64.2526 6.39057
64.2729 6.3915
64.2944 6.39231
64.3171 6.39327
64.3392 6.39411
64.3619 6.39497
64.3858 6.39598
64.4127 6.3976
64.4342 6.39915
64.4545 6.40026
64.4761 6.40135
64.4964 6.40206
64.5167 6.40255
64.537 6.40286
64.5585 6.40313
64.58 6.40336
64.6028 6.40369
64.6243 6.40398
64.647 6.40436
64.6697 6.40481
64.6924 6.40546
64.7169 6.40628
64.7408 6.40737
64.7647 6.40857
64.7898 6.41013
64.8209 6.41261
64.8418 6.41478
64.8633 6.41669
64.8872 6.41872
64.9111 6.42076
64.9338 6.42266
64.9565 6.42446
64.9792 6.42627
65.0019 6.42799
65.0235 6.42949
65.2348 6.45455
67.3479 6.46174
69.4401 6.45352
71.3508 6.40895
71.3735 6.37008
71.3963 6.33632
71.4226 6.30728
71.4465 6.28225
71.4692 6.26047
71.4931 6.24178
71.5146 6.22531
71.5385 6.21127
71.56 6.19899
71.5827 6.18836
71.6042 6.17907
71.6269 6.17106
71.6496 6.16418
71.6712 6.15828
71.6927 6.153
71.7142 6.1485
71.7381 6.14481
71.7596 6.14158
71.7811 6.13876
71.8038 6.13642
71.8265 6.13461
71.8492 6.13316
71.8719 6.13202
71.8947 6.13114
71.9186 6.13075
71.9413 6.13053
71.9646 6.13059
71.9885 6.13089
72.0112 6.1314
72.0339 6.13185
72.0578 6.13262
72.0817 6.13354
72.1032 6.13448
72.1247 6.13517
72.1486 6.13615
72.1713 6.13713
72.1947 6.13824
72.2174 6.13933
72.2401 6.14054
72.2628 6.1416
72.2855 6.14277
72.3082 6.14393
72.3309 6.14506
72.3524 6.14605
72.3751 6.14717
72.399 6.14852
72.4217 6.14971
72.4433 6.15087
72.466 6.15189
72.4887 6.15303
72.5114 6.15415
72.5341 6.15538
72.5592 6.15683
72.5807 6.1581
72.6034 6.15934
72.6261 6.16067
72.6476 6.16171
72.6703 6.16287
72.6925 6.16389
72.7152 6.16503
72.7385 6.16615
72.7612 6.16738
72.7845 6.16858
72.8072 6.16989
72.8299 6.17103
72.8526 6.17227
72.8741 6.17336
72.8968 6.17444
72.9195 6.17564
72.9422 6.17681
72.965 6.17796
72.9877 6.17909
73.0104 6.18033
73.0319 6.18129
73.0546 6.18237
73.0773 6.18345
73.1 6.18465
73.1227 6.18569
73.1454 6.18685
73.1681 6.188
73.192 6.18937
73.2136 6.19045
73.2363 6.19164
73.259 6.19269
73.2817 6.19385
73.3044 6.195
73.3271 6.19625
73.351 6.19759
73.3737 6.19889
73.3964 6.20016
73.4191 6.20151
73.4418 6.2027
73.4645 6.20399
73.4873 6.20536
73.5094 6.20657
73.5321 6.20787
73.5548 6.20901
73.5775 6.21026
73.5996 6.21135
73.6223 6.21256
73.6456 6.21374
73.6683 6.21502
73.691 6.21627
73.7149 6.21761
73.7365 6.21878
73.7592 6.22006
73.7819 6.22118
73.8046 6.22241
73.8273 6.22361
73.85 6.22478
73.8727 6.22593
73.8954 6.22719
73.9181 6.22842
73.9402 6.22961
73.9629 6.23066
73.9851 6.23183
74.0078 6.23285
74.0317 6.23412
74.0544 6.23548
74.0759 6.23654
74.0998 6.23785
74.1213 6.239
74.144 6.24025
74.1667 6.24134
74.1906 6.24267
74.2121 6.24384
74.236 6.24523
74.2576 6.24633
74.2803 6.24754
74.3024 6.2486
74.3245 6.24965
74.3472 6.25069
74.3705 6.25185
74.3926 6.25287
74.4153 6.25401
74.438 6.25514
74.4619 6.25637
74.4846 6.25757
74.5062 6.25875
74.5289 6.25978
74.5516 6.26093
74.5731 6.26207
74.597 6.26318
74.6197 6.26441
74.6424 6.26561
74.6651 6.26691
74.689 6.2683
74.7105 6.26951
74.7333 6.27069
74.756 6.27186
74.7787 6.273
74.8002 6.27413
74.8241 6.27536
74.8468 6.27656
74.8707 6.27787
74.8934 6.27926
74.9149 6.28035
74.9376 6.28156
74.9603 6.28274
74.983 6.28402
75.0058 6.28514
75.0273 6.28625
75.05 6.28722
75.0727 6.28832
75.0948 6.28928
75.1187 6.29049
75.1414 6.29181
75.1653 6.29321
75.1856 6.2943
75.2071 6.29527
75.2299 6.29623
75.2526 6.2972
75.2753 6.2983
75.2992 6.29952
75.3231 6.30095
75.3458 6.30221
75.3685 6.30356
75.3912 6.30486
75.4139 6.30613
75.4366 6.30736
75.4593 6.30869
75.482 6.30998
75.5059 6.31136
75.5263 6.31244
75.549 6.31351
75.5729 6.3147
75.5944 6.31586
75.6159 6.31675
75.6374 6.31766
75.6601 6.31857
75.6828 6.3195
75.7055 6.32057
75.7306 6.32187
75.7534 6.32326
75.7749 6.32435
75.7976 6.32556
75.8203 6.32674
75.843 6.3279
75.8645 6.32891
75.8872 6.33005
75.9099 6.33104
75.9326 6.33216
75.9553 6.33327
75.978 6.33448
76.0031 6.33592
76.0259 6.33731
76.0474 6.33852
76.0701 6.33983
76.0916 6.34085
76.1143 6.34199
76.137 6.34312
76.1597 6.34423
76.1848 6.34558
76.2087 6.34713
76.2302 6.34861
76.2529 6.34991
76.2745 6.35117
76.296 6.35215
76.3181 6.35326
76.3408 6.35422
76.3629 6.3552
76.3844 6.35605
76.4071 6.35704
76.4298 6.35791
76.4525 6.35892
76.4753 6.35993
76.4992 6.36119
76.5243 6.36267
76.547 6.36408
76.5697 6.36545
76.5924 6.36689
76.6151 6.36828
76.6378 6.36962
76.6605 6.37092
76.6826 6.37218
76.7053 6.37341
76.728 6.37473
76.7501 6.37589
76.7717 6.3769
76.795 6.37804
76.8165 6.37903
76.8392 6.38016
76.8631 6.38139
76.8858 6.38259
76.9085 6.38376
76.9324 6.38517
76.9539 6.38627
76.9754 6.38736
76.9982 6.38844
77.0197 6.38939
77.0412 6.39021
77.0639 6.39106
77.0854 6.3918
77.1081 6.3927
77.1296 6.39337
77.1523 6.3942
77.175 6.39505
77.1977 6.39592
77.2205 6.3968
77.2444 6.39795
77.2671 6.39908
77.291 6.40032
77.3161 6.40191
77.3412 6.40379
77.3639 6.40557
77.3854 6.40712
77.4093 6.40886
77.4308 6.41025
77.4535 6.41172
77.4762 6.41313
77.4989 6.41449
77.5211 6.4158
77.5438 6.41708
77.5671 6.41844
77.5886 6.41964
77.6113 6.42081
77.6328 6.42183
77.6555 6.42285
77.6776 6.42387
77.7009 6.42489
77.7236 6.42603
77.7463 6.42715
77.7679 6.42813
77.9804 6.45286
80.0875 6.46026
82.1791 6.45235
84.0922 6.40868
84.115 6.37047
84.1377 6.33729
84.1592 6.30825
84.1819 6.28297
84.2052 6.2611
84.2279 6.24209
84.2494 6.22545
84.2721 6.21114
84.2942 6.19863
84.3169 6.1878
84.3391 6.17845
84.3618 6.17039
84.3845 6.16347
84.4072 6.15766
84.4311 6.15283
84.4538 6.14872
84.4765 6.14526
84.4992 6.14248
84.5219 6.14004
84.5446 6.13816
84.5685 6.13677
84.5912 6.1358
84.614 6.13507
84.6367 6.13456
84.6582 6.13424
84.6815 6.13409
84.7048 6.1342
84.7275 6.13443
84.7496 6.13475
84.7723 6.13515
84.795 6.13576
84.8177 6.13629
84.8404 6.137
84.862 6.1375
84.8859 6.13832
84.9086 6.13915
84.9313 6.14013
84.9528 6.14087
84.9755 6.14176
84.9982 6.14266
85.0209 6.14358
85.0436 6.14451
85.0675 6.14569
85.0902 6.14686
85.1129 6.148
85.1357 6.14913
85.1584 6.15036
85.1799 6.15144
85.2038 6.15263
85.2265 6.15393
85.2492 6.15519
85.2719 6.15642
85.2946 6.15761
85.3161 6.15879
85.34 6.16006
85.3615 6.16118
85.3843 6.16228
85.407 6.16337
85.4297 6.16445
85.4524 6.16564
85.4745 6.16669
85.4978 6.16785
85.5199 6.16887
85.542 6.17001
85.5647 6.17101
85.5874 6.17213
85.6102 6.17324
85.6329 6.17434
85.6556 6.17542
85.6783 6.17662
85.701 6.17779
85.7237 6.17894
85.7464 6.1802
85.7691 6.18142
85.7918 6.18262
85.8145 6.18379
85.8384 6.18519
85.8599 6.18629
85.8833 6.18763
85.906 6.1888
85.9281 6.19008
85.9508 6.19119
85.9735 6.19242
85.9962 6.19362
86.0189 6.19479
86.0416 6.19594
86.0643 6.1972
86.087 6.19842
86.1097 6.19962
86.1325 6.20079
86.1552 6.20207
86.1779 6.20319
86.2006 6.20441
86.2233 6.20561
86.2454 6.20678
86.2675 6.20794
86.2908 6.20907
86.3141 6.21044
86.3362 6.21163
86.3589 6.2128
86.3817 6.21395
86.4044 6.21521
86.4271 6.21643
86.4498 6.21763
86.4725 6.2188
86.4952 6.22007
86.5179 6.22119
86.5406 6.22242
86.5633 6.22361
86.586 6.22491
86.6087 6.22605
86.6314 6.22729
86.6536 6.22838
86.6763 6.22958
86.6996 6.23076
86.7211 6.23192
86.745 6.23305
86.7665 6.23417
86.7892 6.23527
86.8119 6.23636
86.8334 6.23744
86.8561 6.23851
86.88 6.23982
86.9028 6.24097
86.9267 6.24235
86.9482 6.24356
86.9709 6.24474
86.9936 6.24589
87.0163 6.24716
87.039 6.24839
87.0617 6.24959
87.0832 6.25064
87.1071 6.25194
87.1286 6.25294
87.1514 6.25408
87.1753 6.25532
87.198 6.25653
87.2207 6.25771
87.2422 6.25887
87.2661 6.26014
87.2888 6.26137
87.3103 6.26245
87.3342 6.26377
87.3557 6.26492
87.3796 6.26618
87.4023 6.26753
87.4251 6.26884
87.4466 6.26999
87.4693 6.27111
87.492 6.27222
87.5147 6.27332
87.5362 6.27441
87.5589 6.27536
87.5816 6.27644
87.6043 6.27751
87.6282 6.27882
87.6515 6.28009
87.6749 6.28145
87.6964 6.28265
87.7191 6.28394
87.7418 6.28507
87.7633 6.28619
87.786 6.28729
87.8099 6.2885
87.8338 6.28982
87.8553 6.29109
87.8786 6.29233
87.9007 6.29354
87.9235 6.29485
87.9462 6.29611
87.9689 6.29735
87.9916 6.29856
88.0143 6.29986
88.037 6.301
88.0585 6.30213
88.0824 6.30336
88.1039 6.30444
88.1266 6.30551
88.1493 6.3067
88.1709 6.30761
88.1948 6.30878
88.2175 6.30994
88.2408 6.31119
88.2635 6.31242
88.2862 6.31374
88.3083 6.3149
88.331 6.31616
88.3537 6.31727
88.3764 6.31848
88.3991 6.31967
88.4207 6.32071
88.4434 6.32175
88.4661 6.32291
88.49 6.32417
88.5127 6.3254
88.5354 6.32672
88.5581 6.32801
88.5796 6.32913
88.6023 6.33024
88.625 6.33146
88.6471 6.33253
88.6705 6.33371
88.6938 6.33487
88.7159 6.33601
88.7374 6.33701
88.7613 6.33826
88.7828 6.33923
88.8055 6.34032
88.8282 6.34141
88.8509 6.34248
88.8736 6.34355
88.8952 6.3446
88.9179 6.34553
88.9406 6.34659
88.9633 6.34764
88.9872 6.34893
89.0099 6.35019
89.0338 6.35154
89.0559 6.35285
89.0786 6.35412
89.1019 6.35548
89.124 6.35679
89.1467 6.35807
89.1695 6.35931
89.1922 6.36065
89.2149 6.36182
89.2376 6.36309
89.2603 6.36433
89.283 6.36554
89.3057 6.36672
89.3272 6.36788
89.3499 6.3689
89.3738 6.37016
89.3965 6.37139
89.4192 6.37271
89.442 6.37388
89.4647 6.37514
89.4862 6.37625
89.5077 6.37722
89.5304 6.37819
89.5519 6.37904
89.5758 6.38016
89.5973 6.38114
89.62 6.38225
89.6427 6.38322
89.6655 6.38432
89.687 6.38515
89.7103 6.38626
89.7342 6.38747
89.7569 6.38867
89.7796 6.38983
89.8023 6.3911
89.8268 6.39247
89.8501 6.39403
89.8728 6.3954
89.8943 6.39673
89.9182 6.39814
89.9398 6.39937
89.9637 6.4007
89.9864 6.40211
90.0091 6.40347
90.0318 6.40479
90.0545 6.40606
90.0772 6.40743
90.0999 6.40863
90.1226 6.40992
90.1453 6.41131
90.168 6.41265
90.1907 6.41394
90.2123 6.41507
90.235 6.41619
90.2577 6.41729
90.2798 6.41838
90.3019 6.41933
90.3246 6.42041
90.3473 6.42149
90.3712 6.4228
90.3939 6.42395
90.4166 6.42521
90.4393 6.42643
90.4621 6.42775
90.4848 6.42891
90.5075 6.43017
90.529 6.43115
92.8254 6.44126
94.7289 6.41185
94.7516 6.38637
94.7719 6.36382
94.7946 6.34434
94.8162 6.3273
94.8365 6.31226
94.8592 6.29936
94.8807 6.28794
94.9022 6.27807
94.9237 6.26931
94.9452 6.26177
94.9662 6.25505
94.9883 6.24929
95.0098 6.24413
95.0301 6.23962
95.0516 6.23554
95.0731 6.2321
95.0958 6.22908
95.1162 6.22645
95.1389 6.22414
95.1616 6.22237
95.1819 6.22058
95.2034 6.21913
95.2249 6.21774
95.2464 6.21665
95.2679 6.21557
95.2895 6.21475
95.311 6.2139
95.3319 6.21316
95.3534 6.21252
95.3749 6.21195
95.3958 6.21146
95.4173 6.21103
95.4401 6.2109
95.4616 6.21066
95.4831 6.21058
95.5046 6.21038
95.5261 6.21033
95.5488 6.21029
95.5691 6.21026
95.5918 6.21022
95.6122 6.2102
95.6337 6.21005
95.6552 6.21004
95.6767 6.20991
95.6976 6.2098
95.7191 6.2097
95.7412 6.20973
95.7634 6.20977
95.7837 6.20967
95.8064 6.20971
95.8279 6.20975
95.8494 6.20978
95.8709 6.20981
95.8924 6.20983
95.9128 6.20973
95.9343 6.20976
95.957 6.20979
95.9785 6.20994
96 6.21007
96.0215 6.21019
96.0442 6.21042
96.0645 6.21049
96.0861 6.21055
96.1076 6.21061
96.1297 6.21066
96.1512 6.21083
96.1727 6.21085
96.1942 6.21099
96.2157 6.21099
96.2373 6.21112
96.2588 6.2111
96.2803 6.21122
96.303 6.21131
96.3245 6.21152
96.346 6.21171
96.3663 6.21175
96.389 6.2119
96.4094 6.21191
96.4321 6.21218
96.453 6.21215
96.4739 6.21213
96.4966 6.21224
96.5169 6.21221
96.5396 6.21231
96.5612 6.21252
96.5815 6.21246
96.603 6.2124
96.6245 6.21235
96.646 6.21243
96.6675 6.21238
96.689 6.21245
96.7106 6.2124
96.7333 6.2126
96.7548 6.21265
96.7775 6.21294
96.8002 6.21332
96.8217 6.21366
96.8444 6.21408
96.8683 6.21482
96.891 6.21559
96.9125 6.21627
96.9352 6.21698
96.958 6.21774
96.9819 6.21877
97.0046 6.2198
97.0273 6.22095
97.0488 6.22183
97.0715 6.22285
97.0942 6.22387
97.1181 6.22514
97.1396 6.22612
97.1635 6.22735
97.1862 6.22856
97.2089 6.22974
97.2311 6.2309
97.2544 6.23216
97.2771 6.23339
97.2992 6.23459
97.3219 6.23564
97.3458 6.23694
97.3673 6.23807
97.39 6.23931
97.4127 6.2404
97.4354 6.2416
97.4581 6.24277
97.4809 6.24393
97.5036 6.24506
97.5263 6.2463
97.549 6.24752
97.5717 6.2487
97.5944 6.24999
97.6171 6.25124
97.6392 6.25246
97.6619 6.25353
97.6846 6.25471
97.7067 6.25575
97.7295 6.2569
97.7522 6.25804
97.7749 6.25916
97.7976 6.26027
97.8203 6.26148
97.843 6.26267
97.8657 6.26384
97.8884 6.26498
97.9111 6.26624
97.9338 6.26733
97.9565 6.26854
97.9793 6.26972
98.0032 6.27113
98.0253 6.27237
98.048 6.27357
98.0707 6.27487
98.0934 6.27614
98.1155 6.27737
98.1382 6.27858
98.1609 6.27975
98.1836 6.28091
98.2063 6.28217
98.2291 6.2834
98.2518 6.2846
98.2745 6.28577
98.2972 6.28705
98.3199 6.28817
98.3426 6.2894
98.3653 6.2906
98.388 6.2919
98.4107 6.29304
98.4334 6.29428
98.4561 6.2955
98.4782 6.29669
98.5004 6.29772
98.5231 6.29888
98.5446 6.29977
98.5697 6.30105
98.5912 6.30217
98.6139 6.30327
98.6366 6.30449
98.6593 6.30568
98.682 6.30697
98.7047 6.3081
98.7274 6.30934
98.7502 6.31054
98.7729 6.31173
98.7956 6.31288
98.8183 6.31415
98.841 6.31526
98.8637 6.31647
98.8864 6.31766
98.9091 6.31896
98.9318 6.32009
98.9539 6.3212
98.9766 6.3223
98.9994 6.32351
99.0221 6.3247
99.0448 6.32586
99.0675 6.327
99.0902 6.32825
99.1129 6.32935
99.1356 6.33055
99.1583 6.33173
99.181 6.33302
99.2037 6.33427
99.2264 6.33548
99.2486 6.33667
99.2713 6.33784
99.2934 6.33898
99.3161 6.34011
99.3388 6.34122
99.3603 6.34219
99.3842 6.34342
99.4069 6.34449
99.4296 6.34568
99.4523 6.34685
99.475 6.34811
99.4978 6.34923
99.5205 6.35045
99.5432 6.35164
99.5659 6.35281
99.5886 6.35396
99.6113 6.35521
99.634 6.35644
99.6567 6.35763
99.6794 6.3588
99.7033 6.3602
99.726 6.36168
99.7475 6.36284
99.7703 6.36411
99.793 6.36522
99.8157 6.36645
99.8384 6.36764
99.8623 6.36906
99.8838 6.37018
99.9065 6.37141
99.9292 6.3726
99.9519 6.37378
99.9746 6.37493
99.9979 6.37619
100.019 6.37729
100.042 6.37838
100.065 6.37946
100.087 6.38053
100.11 6.38158
100.132 6.38276
100.156 6.38404
100.178 6.38516
100.201 6.38627
100.223 6.38748
100.247 6.3888
100.269 6.38995
100.291 6.3912
100.315 6.39255
100.338 6.39386
100.359 6.395
100.382 6.39625
100.404 6.39735
100.427 6.39855
100.451 6.39973
100.473 6.40102
100.496 6.40214
100.518 6.40337
100.541 6.40458
100.564 6.40575
100.587 6.40691
100.609 6.40817
100.632 6.40927
100.654 6.41037
100.676 6.41144
100.699 6.41251
100.723 6.4137
100.746 6.41499
100.767 6.41611
100.79 6.41722
100.814 6.41845
100.835 6.41964
100.858 6.42081
100.881 6.42208
100.904 6.42332
100.927 6.42453
100.949 6.42584
100.972 6.42711
100.995 6.42835
101.017 6.42955
101.039 6.43061
101.062 6.43166
101.084 6.43283
101.108 6.4341
101.131 6.43534
101.154 6.43654
101.175 6.43773
101.199 6.43876
101.223 6.43967
101.246 6.44046
101.27 6.44102
101.294 6.44152
101.317 6.44196
101.34 6.44234
101.364 6.44267
101.388 6.44284
101.412 6.44311
101.436 6.44334
101.46 6.44355
101.482 6.44373
101.506 6.44389
101.53 6.4439
101.554 6.44417
101.577 6.44415
101.601 6.44425
101.625 6.44422
101.649 6.44432
101.671 6.44415
101.694 6.44388
101.718 6.44377
101.742 6.44368
101.764 6.44347
101.788 6.44328
101.812 6.44325
101.836 6.44322
101.86 6.44319
101.883 6.44304
101.907 6.44291
101.931 6.4428
101.954 6.44282
101.977 6.44272
102.001 6.44263
102.025 6.44243
102.048 6.44225
102.072 6.44222
102.096 6.44219
102.119 6.44204
102.143 6.44191
102.167 6.4418
102.189 6.44157
102.213 6.4415
102.237 6.44144
102.26 6.44113
102.284 6.44099
102.308 6.44087
102.332 6.44076
102.354 6.44066
102.379 6.44058
102.403 6.44051
102.427 6.44045
102.45 6.44051
102.473 6.44045
102.497 6.44039
102.521 6.44047
102.543 6.44016
102.568 6.44002
102.59 6.43976
102.614 6.43967
102.638 6.43958
102.662 6.43951
102.685 6.43932
102.709 6.43916
102.733 6.43914
102.756 6.43887
102.78 6.43876
102.804 6.43867
102.826 6.43846
102.85 6.4384
102.874 6.43835
102.898 6.43831
102.921 6.43814
102.946 6.43813
102.969 6.43798
102.993 6.43786
103.016 6.43788
103.039 6.43777
103.063 6.43767
103.087 6.43759
103.11 6.43739
103.134 6.43722
103.157 6.43706
103.181 6.43693
103.204 6.43681
103.228 6.43659
103.252 6.43651
103.276 6.43645
103.3 6.43639
103.323 6.43634
103.346 6.4363
103.37 6.43626
103.395 6.43623
103.418 6.43633
103.441 6.43616
103.464 6.43602
103.489 6.43601
103.512 6.43601
103.536 6.43589
103.559 6.43578
103.583 6.43568
103.607 6.43559
103.631 6.43552
103.655 6.43558
103.677 6.43551
103.701 6.43544
103.725 6.43551
103.748 6.43532
103.772 6.43516
103.796 6.43501
103.82 6.43501
103.842 6.43489
103.866 6.43477
103.89 6.4348
103.914 6.43483
103.938 6.43472
103.961 6.43451
103.985 6.43445
104.008 6.43439
104.032 6.43422
104.055 6.43419
104.079 6.43404
104.103 6.43391
104.127 6.43405
104.151 6.43417
104.175 6.43414
104.198 6.434
104.222 6.434
104.246 6.434
104.268 6.43388
104.292 6.43389
104.316 6.43391
104.34 6.43392
104.364 6.43393
104.387 6.43394
104.411 6.43382
104.435 6.43372
104.458 6.43375
104.482 6.43378
104.505 6.43369
104.529 6.4336
104.553 6.43352
104.577 6.43346
104.601 6.4334
104.623 6.43335
104.648 6.43343
104.671 6.43338
104.695 6.43346
104.719 6.4334
104.742 6.43322
104.766 6.43307
104.789 6.43306
104.813 6.43293
104.837 6.43294
104.86 6.43295
104.884 6.43283
104.908 6.43272
104.931 6.43263
104.955 6.43268
104.978 6.43259
105.002 6.43252
105.026 6.43258
105.049 6.43238
105.073 6.43221
105.097 6.43218
105.121 6.43216
105.144 6.43214
105.168 6.43212
105.191 6.43211
105.215 6.43197
105.239 6.43185
105.262 6.43174
105.285 6.43165
105.309 6.43157
105.333 6.43162
105.357 6.43167
105.38 6.43146
105.404 6.43128
105.428 6.43124
105.452 6.43121
105.474 6.43106
105.498 6.43105
105.522 6.43105
105.545 6.43079
105.569 6.43057
105.593 6.4305
105.617 6.43043
105.64 6.43038
105.665 6.43046
105.688 6.4304
105.712 6.43035
105.735 6.43043
105.758 6.43038
105.782 6.43033
105.806 6.43029
105.83 6.43025
105.854 6.43022
105.878 6.43019
105.9 6.43017
105.924 6.43015
105.948 6.43013
105.972 6.43011
105.996 6.43022
106.019 6.43007
106.043 6.42994
106.067 6.42995
106.09 6.42995
106.114 6.42996
106.137 6.42984
106.162 6.42998
106.185 6.42986
106.209 6.42975
106.233 6.42978
106.255 6.42969
106.281 6.42973
106.303 6.42976
106.327 6.42979
106.35 6.42957
106.375 6.4295
106.398 6.42943
106.422 6.42938
106.445 6.42933
106.469 6.42929
106.492 6.42925
106.516 6.4291
106.539 6.42896
106.564 6.42897
106.586 6.42884
106.61 6.42874
106.634 6.42877
106.658 6.4288
106.681 6.4287
106.705 6.42861
106.729 6.42854
106.753 6.42847
106.775 6.42829
106.799 6.42825
106.823 6.42822
106.847 6.42819
106.871 6.42817
106.894 6.42815
106.918 6.428
106.941 6.42788
106.965 6.42789
106.989 6.42791
107.013 6.42792
107.036 6.42793
107.06 6.42781
107.084 6.42771
107.108 6.42775
107.13 6.42765
107.154 6.42757
107.177 6.42738
107.202 6.42733
107.413 6.45079
109.535 6.45706
111.659 6.44856
113.607 6.40536
113.633 6.36782
113.657 6.33496
113.681 6.30634
113.705 6.28143
113.729 6.2595
113.754 6.24069
113.779 6.22435
113.804 6.21031
113.829 6.19814
113.854 6.18775
113.878 6.17866
113.905 6.17107
113.928 6.16431
113.952 6.15865
113.978 6.15394
114.001 6.14983
114.027 6.1466
114.052 6.1439
114.075 6.14141
114.1 6.13948
114.126 6.13817
114.15 6.13703
114.175 6.13627
114.2 6.13561
114.224 6.13529
114.249 6.13513
114.273 6.13511
114.298 6.13522
114.324 6.13557
114.347 6.136
114.373 6.1365
114.398 6.13719
114.422 6.13779
114.447 6.13856
114.47 6.13912
114.496 6.13998
114.521 6.14086
114.545 6.14175
114.571 6.14278
114.596 6.14406
114.618 6.1448
114.643 6.1457
114.668 6.14661
114.693 6.14766
114.717 6.1487
114.741 6.14974
114.766 6.15077
114.791 6.1518
114.815 6.15283
114.84 6.15385
114.865 6.15512
114.889 6.1561
114.913 6.15709
114.939 6.15833
114.964 6.15966
114.989 6.16095
115.013 6.16221
115.037 6.16331
115.062 6.16452
115.087 6.16571
115.112 6.16687
115.136 6.16813
115.161 6.16937
115.187 6.1707
115.21 6.17186
115.236 6.17313
115.259 6.17424
115.285 6.17558
115.31 6.17688
115.334 6.17815
115.358 6.17925
115.383 6.18047
115.408 6.18166
115.432 6.18283
115.456 6.18385
115.481 6.185
115.506 6.18625
115.531 6.18747
115.556 6.18878
115.58 6.18993
115.604 6.19107
115.631 6.19231
115.654 6.1934
115.678 6.19447
115.703 6.19566
115.727 6.1967
115.752 6.19787
115.778 6.19901
115.801 6.20013
115.827 6.20124
115.85 6.20234
115.874 6.20342
115.899 6.20449
115.925 6.20568
115.948 6.20672
115.975 6.208
115.999 6.20925
116.024 6.2106
116.049 6.2119
116.075 6.21329
116.098 6.2145
116.124 6.21581
116.149 6.21709
116.173 6.21833
116.198 6.21953
116.223 6.22084
116.247 6.22199
116.272 6.22324
116.296 6.22458
116.321 6.22576
116.346 6.22704
116.37 6.22816
116.395 6.22939
116.42 6.23059
116.444 6.23177
116.469 6.23292
116.493 6.23418
116.518 6.23528
116.542 6.23637
116.567 6.23745
116.592 6.23877
116.617 6.24005
116.641 6.24129
116.666 6.24263
116.691 6.24393
116.714 6.24494
116.739 6.24607
116.764 6.24731
116.789 6.24852
116.814 6.24983
116.838 6.25098
116.863 6.25223
116.887 6.25333
116.912 6.25454
116.937 6.25559
116.961 6.25677
116.988 6.25805
117.01 6.25917
117.035 6.2604
117.061 6.2616
117.086 6.2629
117.111 6.26416
117.135 6.26539
117.159 6.26647
117.184 6.26766
117.208 6.26883
117.234 6.2701
117.259 6.27134
117.282 6.27242
117.307 6.27349
117.332 6.27468
117.356 6.27572
117.381 6.27688
117.406 6.27814
117.43 6.27925
117.455 6.2806
117.48 6.28177
117.505 6.28317
117.529 6.2844
117.553 6.2856
117.578 6.28678
117.603 6.28805
117.627 6.28917
117.652 6.2904
117.677 6.29148
117.701 6.29267
117.726 6.29383
117.75 6.29498
117.775 6.29611
117.8 6.29734
117.824 6.29855
117.849 6.29973
117.873 6.30089
117.9 6.30215
117.922 6.30326
117.947 6.30435
117.973 6.30556
117.996 6.30661
118.022 6.30779
118.047 6.30894
118.071 6.31007
118.096 6.31119
118.121 6.31241
118.145 6.31349
118.17 6.31468
118.194 6.31584
118.219 6.31699
118.244 6.31824
118.268 6.31933
118.293 6.32054
118.318 6.32172
118.343 6.32313
118.368 6.32449
118.391 6.32568
118.417 6.32697
118.442 6.32835
118.465 6.32931
118.491 6.33052
118.515 6.3317
118.539 6.33286
118.565 6.33426
118.589 6.33547
118.613 6.33667
118.638 6.33783
118.662 6.33898
118.687 6.34011
118.712 6.34134
118.736 6.34242
118.762 6.34362
118.786 6.34479
118.812 6.34607
118.834 6.34706
118.86 6.34818
118.884 6.34928
118.91 6.3505
118.933 6.35156
118.959 6.35274
118.984 6.35402
119.009 6.35527
119.033 6.35661
119.058 6.35778
119.082 6.35894
119.107 6.36007
119.131 6.36131
119.156 6.3624
119.181 6.3636
119.205 6.36465
119.23 6.36582
119.255 6.36696
119.279 6.36809
119.304 6.36921
119.329 6.37056
119.354 6.37199
119.379 6.37336
119.403 6.37469
119.427 6.37586
119.452 6.37712
119.477 6.37836
119.501 6.37956
119.526 6.38074
119.55 6.3819
119.576 6.38316
119.6 6.38439
119.625 6.38559
119.649 6.38677
119.674 6.3878
119.698 6.38895
119.722 6.39008
119.747 6.39119
119.772 6.39242
119.798 6.39362
119.821 6.39479
119.847 6.39594
119.872 6.3972
119.896 6.3983
119.921 6.39951
119.946 6.4007
119.97 6.40186
119.994 6.40288
120.019 6.40402
122.421 6.41464
124.522 6.41056
126.452 6.37212
126.476 6.3386
126.501 6.3094
126.527 6.2841
126.551 6.26209
126.576 6.24295
126.599 6.22621
126.625 6.21181
126.65 6.19933
126.675 6.18866
126.699 6.17946
126.724 6.17152
126.748 6.16471
126.773 6.159
126.797 6.154
126.822 6.14987
126.847 6.14651
126.871 6.14357
126.896 6.14125
126.922 6.13947
126.946 6.13804
126.971 6.13691
126.996 6.13604
127.02 6.13541
127.045 6.13511
127.069 6.13485
127.093 6.13474
127.118 6.13477
127.142 6.13493
127.167 6.13519
127.192 6.13566
127.216 6.13621
127.241 6.1368
127.266 6.13745
127.29 6.13815
127.315 6.139
127.339 6.13975
127.364 6.14066
127.389 6.14158
127.415 6.14263
127.44 6.14368
127.464 6.14472
127.487 6.14563
127.513 6.14667
127.538 6.14771
127.563 6.14888
127.588 6.15014
127.612 6.15125
127.637 6.15247
127.662 6.15366
127.686 6.15483
127.711 6.15597
127.736 6.15723
127.76 6.15845
127.785 6.15977
127.809 6.16092
127.834 6.16218
127.859 6.16341
127.883 6.16461
127.907 6.16566
127.932 6.16682
127.956 6.16797
127.981 6.1691
128.007 6.17034
128.031 6.17155
128.056 6.17285
128.08 6.174
128.105 6.17525
128.131 6.17647
128.154 6.17766
128.18 6.17883
128.205 6.1801
128.227 6.18108
128.252 6.1822
128.276 6.18317
128.301 6.18428
128.327 6.18537
128.352 6.18657
128.376 6.18775
128.399 6.18878
128.424 6.18981
128.45 6.19108
128.475 6.19245
128.498 6.19352
128.523 6.1947
128.548 6.19586
128.573 6.19713
128.598 6.19836
128.622 6.19957
128.647 6.20075
128.673 6.20203
128.696 6.20315
128.722 6.20438
128.747 6.20571
128.771 6.20687
128.796 6.20814
128.82 6.20937
128.846 6.2107
128.87 6.21186
128.895 6.21313
128.919 6.21424
128.944 6.21546
128.968 6.21653
128.993 6.21771
129.017 6.21887
129.041 6.21989
129.066 6.2209
129.092 6.22229
129.117 6.22375
129.141 6.22503
129.165 6.22615
129.19 6.22739
129.215 6.22871
129.238 6.22962
129.263 6.23067
129.289 6.23184
129.314 6.23323
129.338 6.23445
129.362 6.23565
129.387 6.23682
129.412 6.23809
129.436 6.2392
129.461 6.24043
129.486 6.24162
129.51 6.2428
129.535 6.24407
129.56 6.24519
129.584 6.24641
129.61 6.24761
129.633 6.24879
129.659 6.24994
129.684 6.2512
129.708 6.2523
129.733 6.25351
129.758 6.2547
129.782 6.25586
129.807 6.257
129.831 6.25825
129.856 6.25934
129.881 6.26055
129.905 6.26173
129.93 6.26289
129.955 6.26415
129.979 6.26526
130.004 6.26648
130.029 6.26779
130.053 6.26894
130.078 6.2702
130.103 6.27143
130.127 6.27262
130.152 6.27392
130.176 6.27505
130.201 6.2763
130.226 6.27751
130.25 6.2787
130.275 6.27998
130.3 6.28124
130.324 6.28246
130.349 6.28365
130.374 6.28482
130.398 6.28597
130.424 6.28722
130.447 6.28832
130.473 6.28953
130.498 6.29071
130.522 6.29187
130.547 6.29301
130.572 6.29426
130.596 6.29535
130.62 6.29644
130.645 6.29763
130.67 6.2988
130.694 6.29995
130.719 6.30108
130.743 6.3022
130.768 6.3033
130.793 6.30451
130.817 6.30557
130.842 6.30675
130.867 6.30791
130.891 6.30904
130.916 6.31016
130.941 6.31152
130.965 6.31258
130.99 6.31388
131.015 6.31502
131.039 6.31627
131.064 6.31761
131.087 6.31853
131.113 6.31984
131.138 6.32111
131.162 6.32235
131.187 6.32355
131.212 6.32486
131.236 6.326
131.26 6.32713
131.286 6.32824
131.309 6.32933
131.334 6.33042
131.359 6.33161
131.384 6.33279
131.408 6.33394
131.433 6.3352
131.457 6.3363
131.482 6.33751
131.508 6.3387
131.531 6.33986
131.555 6.34088
131.58 6.34202
131.606 6.34314
131.631 6.34437
131.656 6.34558
131.68 6.34688
131.705 6.34814
131.729 6.34938
131.754 6.35058
131.779 6.35188
131.802 6.35302
131.828 6.35427
131.854 6.35561
131.877 6.35678
131.903 6.35806
131.927 6.3593
131.952 6.36052
131.977 6.3617
132.001 6.36286
132.026 6.36401
132.051 6.36525
132.075 6.36635
132.1 6.36755
132.125 6.36874
132.148 6.36977
132.173 6.3708
132.198 6.37195
132.223 6.3732
132.248 6.37443
132.272 6.37563
132.297 6.3768
132.322 6.3782
132.345 6.37917
132.37 6.38028
132.396 6.38162
132.42 6.38291
132.445 6.38418
132.469 6.3854
132.494 6.3866
132.519 6.3879
132.543 6.38904
132.568 6.39028
132.593 6.39162
132.617 6.3928
132.642 6.39407
132.667 6.39531
132.691 6.39652
132.716 6.39771
132.741 6.39887
132.765 6.40001
132.791 6.40126
132.814 6.40235
132.84 6.40356
132.863 6.40461
135.187 6.41566
137.289 6.41208
139.215 6.37344
139.24 6.33989
139.264 6.31065
139.289 6.2852
139.314 6.26305
139.338 6.24379
139.363 6.22707
139.388 6.21281
139.412 6.20021
139.437 6.18956
139.462 6.18036
139.486 6.17244
139.511 6.16564
139.536 6.15981
139.56 6.15483
139.584 6.1506
139.608 6.14703
139.633 6.14402
139.658 6.14165
139.681 6.13931
139.706 6.13765
139.731 6.13632
139.756 6.1354
139.781 6.13473
139.806 6.13426
139.83 6.13398
139.855 6.13398
139.881 6.13411
139.906 6.13447
139.931 6.13491
139.955 6.13542
139.98 6.136
140.005 6.13675
140.029 6.13753
140.054 6.13834
140.078 6.13929
140.103 6.14013
140.128 6.14112
140.152 6.14198
140.177 6.14298
140.202 6.14411
140.226 6.14509
140.251 6.14621
140.276 6.14743
140.3 6.1485
140.325 6.14969
140.35 6.15073
140.374 6.15189
140.399 6.15315
140.422 6.15401
140.448 6.15526
140.473 6.15647
140.497 6.15767
140.522 6.15883
140.547 6.1601
140.571 6.16122
140.596 6.16244
140.621 6.16351
140.645 6.16469
140.671 6.16586
140.694 6.167
140.72 6.16813
140.745 6.16936
140.769 6.17056
140.794 6.17174
140.819 6.17303
140.843 6.17415
140.868 6.17538
140.891 6.17646
140.916 6.17752
140.942 6.17871
140.966 6.17987
140.991 6.18101
141.016 6.18226
141.04 6.18335
141.065 6.18456
141.089 6.18574
141.113 6.18677
141.138 6.18793
141.163 6.18906
141.187 6.19018
141.212 6.19128
141.236 6.19237
141.261 6.19345
141.286 6.19477
141.31 6.1958
141.335 6.19707
141.36 6.19831
141.384 6.19952
141.409 6.20071
141.433 6.20187
141.458 6.20301
141.483 6.20426
141.507 6.20535
141.532 6.20656
141.557 6.20786
141.581 6.20901
141.606 6.21025
141.631 6.21135
141.655 6.21255
141.68 6.21374
141.704 6.21489
141.729 6.21603
141.755 6.21728
141.778 6.21837
141.804 6.21957
141.829 6.22088
141.853 6.22214
141.878 6.22337
141.903 6.22458
141.927 6.22588
141.952 6.22714
141.976 6.22838
142.001 6.22958
142.026 6.23088
142.05 6.23202
142.075 6.23327
142.101 6.23449
142.124 6.23567
142.15 6.23684
142.174 6.23811
142.199 6.23922
142.224 6.24044
142.248 6.24151
142.273 6.2427
142.298 6.24399
142.322 6.24511
142.347 6.24635
142.372 6.24756
142.396 6.24874
142.421 6.24989
142.445 6.25116
142.47 6.25226
142.495 6.2536
142.519 6.25465
142.544 6.25595
142.569 6.2572
142.593 6.25843
142.618 6.25962
142.643 6.26092
142.667 6.26206
142.692 6.2633
142.717 6.26451
142.741 6.2657
142.766 6.26699
142.79 6.26811
142.815 6.26935
142.84 6.27055
142.864 6.27174
142.889 6.27289
142.914 6.27403
142.938 6.27515
142.964 6.27638
142.987 6.27746
143.013 6.27865
143.038 6.27982
143.062 6.28097
143.087 6.28222
143.112 6.28344
143.136 6.28464
143.161 6.28581
143.185 6.28708
143.21 6.2882
143.235 6.28942
143.259 6.2905
143.284 6.29168
143.309 6.29285
143.333 6.29399
143.358 6.29512
143.383 6.29648
143.407 6.29754
143.431 6.2986
143.456 6.29978
143.481 6.30105
143.505 6.30217
143.53 6.3034
143.555 6.30473
143.579 6.30588
143.604 6.30715
143.629 6.30826
143.653 6.30947
143.678 6.31066
143.702 6.31183
143.727 6.31298
143.752 6.31423
143.776 6.31533
143.801 6.31654
143.826 6.31759
143.85 6.31877
143.875 6.32005
143.899 6.32117
143.924 6.3224
143.95 6.3236
143.973 6.32477
143.999 6.32593
144.024 6.32718
144.048 6.32829
144.073 6.3295
144.097 6.33069
144.122 6.33185
144.147 6.333
144.171 6.33412
144.196 6.33523
144.221 6.33645
144.245 6.33765
144.27 6.33881
144.295 6.34009
144.319 6.3412
144.344 6.34243
144.368 6.34362
144.393 6.3448
144.418 6.34607
144.442 6.34719
144.467 6.34841
144.492 6.34974
144.516 6.35089
144.541 6.35203
144.565 6.35315
144.59 6.35438
144.614 6.35559
144.639 6.35676
144.664 6.35804
144.688 6.35916
144.713 6.36039
144.738 6.36159
144.763 6.36277
144.788 6.36392
144.812 6.36518
144.837 6.36628
144.862 6.36762
144.886 6.36867
144.911 6.36996
144.936 6.37122
144.96 6.37244
144.985 6.37376
145.01 6.37491
145.034 6.37618
145.059 6.3774
145.083 6.3786
145.108 6.37978
145.133 6.38106
145.157 6.38217
145.182 6.3834
145.208 6.3846
145.231 6.38578
145.257 6.38693
145.281 6.38819
145.306 6.38929
145.331 6.3905
145.355 6.39157
145.38 6.39274
145.405 6.39403
145.429 6.39515
145.454 6.39638
145.479 6.39758
145.503 6.39876
145.528 6.39991
145.552 6.40118
145.577 6.40228
145.602 6.40349
145.625 6.40443
147.941 6.41538
150.044 6.41183
151.969 6.37335
151.993 6.33968
152.018 6.31047
152.043 6.28504
152.067 6.26291
152.092 6.24367
152.117 6.22709
152.141 6.21258
152.166 6.20013
152.19 6.18936
152.215 6.18007
152.24 6.17218
152.264 6.16529
152.289 6.15963
152.314 6.1548
152.338 6.1507
152.363 6.14724
152.388 6.14446
152.412 6.14202
152.437 6.14015
152.462 6.1385
152.486 6.13731
152.51 6.13628
152.534 6.13549
152.559 6.13493
152.584 6.13469
152.608 6.13448
152.633 6.13454
152.658 6.13485
152.683 6.13512
152.708 6.1356
152.733 6.13628
152.758 6.13699
152.783 6.13774
152.807 6.13853
152.832 6.13934
152.857 6.14029
152.881 6.14113
152.906 6.14212
152.931 6.1431
152.955 6.14409
152.98 6.14508
153.004 6.14619
153.029 6.14717
153.054 6.14827
153.078 6.14936
153.103 6.15044
153.128 6.15176
153.152 6.15279
153.177 6.15407
153.202 6.15518
153.226 6.15641
153.251 6.15761
153.276 6.15878
153.3 6.15994
153.325 6.16119
153.349 6.16229
153.374 6.16351
153.399 6.16469
153.423 6.16586
153.448 6.16713
153.473 6.16823
153.497 6.16946
153.522 6.17065
153.546 6.17182
153.571 6.17297
153.597 6.17422
153.621 6.17532
153.646 6.17653
153.671 6.17771
153.695 6.17887
153.72 6.18001
153.744 6.18126
153.769 6.18235
153.794 6.18356
153.818 6.18474
153.843 6.1859
153.868 6.18716
153.892 6.18827
153.917 6.18948
153.941 6.19055
153.966 6.19173
153.99 6.19276
154.015 6.19392
154.04 6.19518
154.064 6.19628
154.089 6.1975
154.113 6.19856
154.138 6.19974
154.163 6.20102
154.188 6.20227
154.212 6.20348
154.237 6.2048
154.261 6.20595
154.286 6.20721
154.311 6.20843
154.336 6.20975
154.36 6.21091
154.385 6.21204
154.411 6.21329
154.433 6.21438
154.458 6.21546
154.483 6.21665
154.509 6.21782
154.532 6.21897
154.557 6.21997
154.581 6.2211
154.607 6.22234
154.632 6.22354
154.656 6.22485
154.682 6.22612
154.705 6.22723
154.73 6.22833
154.755 6.22954
154.78 6.23072
154.804 6.23188
154.829 6.23314
154.854 6.23438
154.878 6.23545
154.903 6.23665
154.927 6.23782
154.953 6.23921
154.977 6.24056
155.001 6.24162
155.026 6.24291
155.051 6.24418
155.075 6.2454
155.1 6.2466
155.125 6.2479
155.149 6.24904
155.174 6.25028
155.199 6.25137
155.223 6.25258
155.247 6.25363
155.273 6.25493
155.297 6.25594
155.322 6.25719
155.346 6.25842
155.371 6.25962
155.397 6.26091
155.422 6.26218
155.446 6.2634
155.47 6.2646
155.495 6.26578
155.52 6.26693
155.544 6.26806
155.569 6.26931
155.594 6.27052
155.618 6.27158
155.643 6.27276
155.667 6.27379
155.692 6.27494
155.716 6.27595
155.741 6.2772
155.766 6.27843
155.791 6.27962
155.815 6.2808
155.839 6.28195
155.865 6.28333
155.889 6.28441
155.914 6.28574
155.938 6.28677
155.963 6.28805
155.988 6.28929
156.013 6.29051
156.037 6.29169
156.062 6.29298
156.086 6.29411
156.111 6.29534
156.136 6.29668
156.16 6.29784
156.184 6.29899
156.209 6.30011
156.234 6.30135
156.258 6.30243
156.283 6.30363
156.307 6.30467
156.332 6.30584
156.358 6.30698
156.383 6.30824
156.408 6.30946
156.432 6.31065
156.456 6.31169
156.481 6.31286
156.506 6.31412
156.53 6.31523
156.555 6.31645
156.579 6.31752
156.604 6.31871
156.629 6.31987
156.654 6.32114
156.678 6.32224
156.703 6.32346
156.727 6.32453
156.752 6.32571
156.777 6.327
156.801 6.32812
156.825 6.32911
156.851 6.33047
156.875 6.33166
156.899 6.3327
156.925 6.33399
156.949 6.33524
156.974 6.33659
156.998 6.33776
157.023 6.33904
157.048 6.34029
157.072 6.3415
157.097 6.34269
157.122 6.34385
157.148 6.34512
157.17 6.34623
157.195 6.34733
157.22 6.34854
157.246 6.34972
157.269 6.35088
157.295 6.35214
157.32 6.35338
157.344 6.35458
157.369 6.35576
157.393 6.35704
157.418 6.35816
157.442 6.35926
157.465 6.36023
157.491 6.36133
157.516 6.36241
157.541 6.36361
157.565 6.36478
157.59 6.36594
157.615 6.36707
157.639 6.36818
157.664 6.36941
157.689 6.37061
157.713 6.37178
157.738 6.37294
157.763 6.37432
157.787 6.3754
157.812 6.37673
157.837 6.37789
157.862 6.37915
157.886 6.38026
157.911 6.38148
157.935 6.38267
157.96 6.38383
157.985 6.38498
158.009 6.38611
158.034 6.38734
158.059 6.38868
158.083 6.38997
158.108 6.39122
158.134 6.39257
158.157 6.39375
158.183 6.39503
158.207 6.39627
158.232 6.39749
158.257 6.39868
158.281 6.39984
158.306 6.40099
158.331 6.40224
158.355 6.40334
158.379 6.40442
160.688 6.41562
162.789 6.41204
164.714 6.37353
164.739 6.33984
164.763 6.31061
164.788 6.28529
164.812 6.26312
164.837 6.24398
164.863 6.22736
164.886 6.21294
164.912 6.20045
164.937 6.18977
164.961 6.18042
164.986 6.17249
165.01 6.16556
165.035 6.15974
165.06 6.15477
165.084 6.15055
165.109 6.14698
165.134 6.14411
165.158 6.14172
165.183 6.13975
165.207 6.13829
165.232 6.137
165.257 6.13612
165.281 6.13548
165.306 6.13505
165.331 6.13492
165.355 6.1348
165.38 6.13495
165.405 6.13533
165.429 6.13567
165.454 6.13621
165.479 6.13668
165.503 6.13735
165.528 6.13818
165.553 6.13903
165.577 6.1399
165.601 6.14066
165.626 6.14158
165.651 6.14238
165.675 6.14334
165.699 6.14417
165.724 6.14515
165.749 6.146
165.773 6.147
165.798 6.148
165.822 6.149
165.847 6.15
165.873 6.15125
165.897 6.15222
165.923 6.15344
165.948 6.15476
165.972 6.15592
165.997 6.15718
166.021 6.15841
166.046 6.1596
166.071 6.16078
166.095 6.16193
166.12 6.16307
166.145 6.16431
166.169 6.16539
166.194 6.16659
166.219 6.1679
166.243 6.16903
166.268 6.17028
166.293 6.17149
166.317 6.17281
166.342 6.17408
166.366 6.17532
166.391 6.17653
166.416 6.17784
166.44 6.17898
166.465 6.18024
166.49 6.18146
166.514 6.18265
166.539 6.18382
166.564 6.18497
166.588 6.1861
166.613 6.18733
166.637 6.18842
166.663 6.18961
166.686 6.19079
166.712 6.19194
166.735 6.19307
166.761 6.19419
166.786 6.19541
166.81 6.19649
166.835 6.19768
166.86 6.19884
166.884 6.19999
166.909 6.20111
166.933 6.20235
166.958 6.20343
166.983 6.20463
167.007 6.20567
167.032 6.20684
167.057 6.20811
167.081 6.20922
167.106 6.21044
167.131 6.21176
167.155 6.21292
167.18 6.21418
167.205 6.21541
167.229 6.2166
167.254 6.2179
167.277 6.21879
167.303 6.22007
167.328 6.22131
167.352 6.22252
167.377 6.22371
167.402 6.22499
167.426 6.22612
167.451 6.22735
167.476 6.22856
167.5 6.22974
167.525 6.23102
167.549 6.23214
167.574 6.23338
167.6 6.23458
167.623 6.23576
167.649 6.23691
167.674 6.23817
167.698 6.23928
167.723 6.24049
167.747 6.24168
167.772 6.24285
167.797 6.24399
167.821 6.24512
167.846 6.24635
167.871 6.24756
167.895 6.24874
167.92 6.2499
167.945 6.25116
167.969 6.25226
167.994 6.25348
168.018 6.25467
168.043 6.25584
168.068 6.25711
168.092 6.25822
168.117 6.25944
168.142 6.26076
168.166 6.26192
168.191 6.26318
168.216 6.2644
168.24 6.2656
168.265 6.2669
168.289 6.26804
168.314 6.26929
168.339 6.2705
168.363 6.27169
168.388 6.27285
168.413 6.27412
168.437 6.27523
168.462 6.27645
168.487 6.27752
168.511 6.2787
168.537 6.27987
168.56 6.28101
168.586 6.28213
168.611 6.28337
168.635 6.28457
168.66 6.28575
168.685 6.28703
168.709 6.28815
168.734 6.28938
168.758 6.29046
168.783 6.29165
168.808 6.29282
168.831 6.29384
168.857 6.29499
168.882 6.29624
168.906 6.29733
168.93 6.29854
168.955 6.2996
168.98 6.30077
169.004 6.30193
169.028 6.30294
169.054 6.30432
169.078 6.3054
169.103 6.30673
171.497 6.32951
173.599 6.33607
175.531 6.30719
175.557 6.28204
175.585 6.26016
175.612 6.24114
175.638 6.22475
175.666 6.21053
175.692 6.19821
175.72 6.18756
175.746 6.17837
175.773 6.17045
175.801 6.16377
175.827 6.15804
175.855 6.15316
175.881 6.14902
175.909 6.14552
175.936 6.14283
175.962 6.14047
175.99 6.13854
176.016 6.13697
176.044 6.13573
176.071 6.13501
176.097 6.13438
176.125 6.13396
176.151 6.13372
176.179 6.13363
176.206 6.13392
176.232 6.13418
176.26 6.13453
176.286 6.13497
176.314 6.13547
176.341 6.13604
176.368 6.13678
176.395 6.13769
176.421 6.13847
176.449 6.13929
176.476 6.14013
176.503 6.14111
176.53 6.14222
176.556 6.1432
176.584 6.14417
176.611 6.14515
176.638 6.14626
176.665 6.14747
176.691 6.14854
176.719 6.1496
176.745 6.15065
176.773 6.15182
176.8 6.15309
176.826 6.1542
176.852 6.15505
176.879 6.15605
176.907 6.15704
176.934 6.15829
176.962 6.1595
176.988 6.16056
177.015 6.16174
177.043 6.1629
177.07 6.16416
177.097 6.16552
177.123 6.1667
177.151 6.16786
177.178 6.16901
177.205 6.17026
177.232 6.1716
177.259 6.17277
177.285 6.1738
177.312 6.17495
177.339 6.17621
177.366 6.17743
177.394 6.17863
177.42 6.17967
177.447 6.18084
177.474 6.18199
177.501 6.18324
177.527 6.18433
177.555 6.18542
177.581 6.18649
177.609 6.18755
177.636 6.18886
177.663 6.19
177.691 6.19125
177.717 6.19234
177.744 6.19355
177.771 6.19486
177.798 6.19613
177.824 6.19723
177.852 6.19833
177.879 6.19954
177.906 6.20085
177.933 6.20212
177.961 6.20335
177.987 6.20456
178.014 6.20574
178.041 6.2069
178.068 6.20816
178.096 6.20939
178.122 6.21059
178.15 6.21177
178.176 6.21292
178.203 6.21418
178.231 6.21541
178.257 6.21661
178.285 6.21778
178.311 6.21881
178.338 6.22008
178.366 6.22132
178.392 6.22253
178.42 6.22372
178.446 6.22475
178.473 6.22603
178.501 6.22728
178.527 6.22849
178.554 6.22956
178.581 6.23074
178.608 6.23177
178.635 6.23292
178.662 6.23418
178.689 6.23529
178.716 6.2365
178.742 6.23756
178.77 6.23874
178.797 6.24002
178.824 6.24115
178.851 6.24238
178.877 6.24346
178.905 6.24465
178.932 6.24594
178.959 6.24707
178.987 6.24844
179.012 6.24951
179.04 6.2507
179.067 6.25198
179.094 6.25311
179.121 6.25435
179.148 6.25543
179.174 6.25638
179.202 6.25758
179.229 6.25876
179.256 6.25991
179.284 6.2613
179.309 6.26239
179.337 6.26359
179.364 6.26489
179.392 6.26615
179.418 6.26738
179.446 6.26859
179.473 6.26989
179.5 6.27115
179.527 6.27251
179.553 6.27369
179.581 6.27486
179.607 6.27613
179.635 6.27736
179.662 6.27869
179.687 6.27973
179.715 6.28076
179.742 6.28192
179.769 6.28318
179.796 6.28428
179.822 6.28537
179.85 6.28645
179.877 6.28764
179.904 6.28894
179.931 6.29007
179.957 6.29119
179.985 6.29229
180.012 6.2935
180.039 6.29481
180.066 6.29609
180.094 6.29733
180.12 6.29841
180.147 6.29961
180.174 6.30066
180.201 6.30195
180.229 6.30321
180.255 6.30431
180.282 6.30552
180.31 6.3067
180.337 6.30799
180.364 6.30924
180.39 6.31034
180.416 6.31142
180.445 6.31262
180.472 6.31391
180.499 6.31518
180.525 6.3164
180.552 6.3176
180.579 6.31865
180.606 6.31995
180.634 6.3212
180.66 6.32243
180.688 6.32362
180.714 6.32467
180.741 6.32584
180.768 6.32698
180.795 6.32823
180.823 6.32946
180.849 6.33052
180.876 6.33171
180.903 6.33299
180.931 6.33437
180.958 6.33557
180.984 6.33663
181.011 6.3378
181.038 6.33907
181.065 6.34031
181.093 6.34153
181.119 6.34271
181.147 6.34387
181.173 6.34501
181.2 6.34626
181.228 6.34748
181.254 6.34867
181.282 6.34983
181.308 6.35086
181.335 6.35212
181.362 6.35323
181.389 6.35445
181.415 6.35552
181.443 6.35658
181.47 6.35776
181.497 6.35891
181.524 6.36017
181.551 6.3614
181.579 6.3626
181.605 6.3639
181.632 6.36516
181.66 6.36639
181.686 6.36759
181.714 6.36877
181.74 6.36992
181.767 6.37118
181.795 6.37241
181.821 6.37361
181.849 6.37478
181.875 6.37581
181.902 6.37696
181.928 6.37796
181.954 6.37884
181.979 6.37949
182.005 6.38018
182.031 6.38078
182.057 6.38131
182.083 6.38177
182.108 6.38217
182.134 6.38253
182.161 6.38296
182.186 6.38334
182.212 6.38367
182.238 6.38396
182.263 6.38409
182.29 6.38433
182.315 6.38454
182.341 6.38472
182.367 6.38488
182.393 6.3849
182.419 6.38491
182.445 6.38517
182.471 6.3854
182.496 6.38547
182.523 6.38554
182.548 6.38547
182.574 6.38566
182.6 6.38571
182.626 6.38574
182.652 6.38577
182.677 6.38568
182.703 6.38584
182.729 6.38586
182.756 6.386
182.781 6.386
182.807 6.38613
182.832 6.38624
182.859 6.38633
182.885 6.38642
182.91 6.38649
182.936 6.38655
182.961 6.38648
182.988 6.38655
183.014 6.38673
183.04 6.38689
183.065 6.3869
183.092 6.38691
183.117 6.38693
183.143 6.38706
183.169 6.38718
183.194 6.38716
183.221 6.38714
183.247 6.38737
183.272 6.38745
183.298 6.38752
183.324 6.38745
183.35 6.3874
183.376 6.3876
183.401 6.38765
183.428 6.38769
183.453 6.3876
183.479 6.38753
183.504 6.38746
183.53 6.38753
183.556 6.38759
183.582 6.38752
183.609 6.38758
183.635 6.38763
183.66 6.3878
183.686 6.38795
183.713 6.38808
183.738 6.38807
183.764 6.38806
183.789 6.38818
183.815 6.38828
183.842 6.38837
183.867 6.38833
183.893 6.38841
183.918 6.38848
183.945 6.38867
183.971 6.38871
183.997 6.38887
184.022 6.38889
184.047 6.38878
184.074 6.38881
184.099 6.38883
184.125 6.38873
184.151 6.38876
184.176 6.38867
184.203 6.38871
184.23 6.38887
184.255 6.38901
184.28 6.38901
184.307 6.38901
184.332 6.38901
184.358 6.38913
184.384 6.38924
184.409 6.38921
184.436 6.38918
184.461 6.38916
184.487 6.38927
184.513 6.38936
184.54 6.38956
184.565 6.38962
184.592 6.38967
184.617 6.38971
184.643 6.38987
184.669 6.39001
184.694 6.39001
184.721 6.39001
184.746 6.39001
184.772 6.39013
184.798 6.39024
184.825 6.39033
184.85 6.39029
184.876 6.39051
184.902 6.39057
184.928 6.39062
184.954 6.39067
184.979 6.39059
185.005 6.39076
185.03 6.39079
185.057 6.39082
185.083 6.39084
185.109 6.39099
185.134 6.39099
185.161 6.39111
185.186 6.39122
185.212 6.3912
185.238 6.3913
185.263 6.39126
185.29 6.39135
185.315 6.39143
185.341 6.3915
185.367 6.39157
185.392 6.3915
185.419 6.39156
185.445 6.39174
185.471 6.39177
185.496 6.3918
185.523 6.39182
185.548 6.39185
185.574 6.39199
185.599 6.39199
185.626 6.39199
185.652 6.39199
185.678 6.39212
185.703 6.39223
185.729 6.39233
185.755 6.39229
185.781 6.39225
185.806 6.39209
185.832 6.39221
185.859 6.39231
185.884 6.39227
185.911 6.39248
185.935 6.39242
185.961 6.3925
185.988 6.39256
186.013 6.39261
186.039 6.39266
186.067 6.39283
186.09 6.39285
186.116 6.39274
186.142 6.39278
186.169 6.39293
186.194 6.39294
186.22 6.39282
186.246 6.39284
186.272 6.39299
186.298 6.39311
186.325 6.39323
186.35 6.3932
186.375 6.39317
186.401 6.39328
186.427 6.39337
186.453 6.39332
186.479 6.39328
186.504 6.39325
186.53 6.39334
186.557 6.39342
186.583 6.39349
186.608 6.39343
186.633 6.39338
186.659 6.39346
186.686 6.39352
186.712 6.39358
186.738 6.39376
186.763 6.39379
186.788 6.39382
186.816 6.39396
186.84 6.39397
186.867 6.3941
186.894 6.39421
186.919 6.39431
186.945 6.39452
186.971 6.39471
186.998 6.39487
187.022 6.39476
187.049 6.39491
187.074 6.39505
187.099 6.39504
187.127 6.39516
187.152 6.39514
187.178 6.39525
187.203 6.39534
187.229 6.3953
187.255 6.39526
187.281 6.39523
187.306 6.39508
187.332 6.39519
187.357 6.39517
187.384 6.39515
187.41 6.39513
187.435 6.39511
187.461 6.39522
187.489 6.39545
187.514 6.39551
187.539 6.39558
187.565 6.39563
187.59 6.39567
187.617 6.39572
187.642 6.39575
187.668 6.39578
187.694 6.39581
187.721 6.39583
187.746 6.39585
187.772 6.396
187.798 6.39612
187.823 6.39611
187.85 6.39609
187.876 6.39633
187.901 6.39642
187.927 6.39649
187.954 6.39655
187.978 6.39636
188.004 6.39631
188.03 6.3964
188.057 6.39647
188.082 6.39642
188.109 6.39661
188.134 6.39679
188.159 6.39681
188.185 6.39684
188.211 6.39673
188.237 6.39677
188.262 6.39667
188.29 6.39684
188.314 6.39686
188.34 6.39687
188.368 6.39702
188.392 6.39689
188.419 6.39715
188.443 6.39713
188.469 6.39712
188.496 6.3971
188.521 6.39696
188.547 6.39709
188.572 6.39708
188.599 6.39707
188.625 6.39706
188.65 6.39693
188.676 6.39706
188.701 6.39706
188.728 6.39705
188.754 6.39704
188.779 6.39704
188.805 6.39703
188.83 6.39703
188.857 6.39703
188.882 6.39702
188.908 6.39702
188.934 6.39702
188.96 6.39701
188.986 6.39701
189.012 6.39701
189.037 6.39701
189.064 6.39701
189.089 6.39701
189.115 6.39701
189.141 6.39713
189.167 6.39711
189.193 6.39723
189.218 6.39732
189.245 6.39741
189.271 6.39748
189.296 6.39742
189.322 6.39749
189.347 6.39743
189.374 6.3975
189.4 6.39756
189.426 6.39762
189.451 6.39767
189.478 6.39771
189.503 6.39774
189.529 6.3979
189.555 6.39791
189.58 6.39792
189.607 6.39793
189.632 6.39794
189.658 6.39807
189.683 6.39807
189.71 6.39806
189.736 6.39805
189.761 6.39804
189.787 6.39816
189.812 6.39814
189.839 6.39812
189.865 6.39811
189.89 6.39797
189.916 6.3981
189.941 6.39809
189.968 6.39808
189.993 6.39794
190.019 6.39795
190.044 6.39796
190.07 6.39796
190.096 6.39797
190.122 6.39785
190.148 6.39786
190.173 6.39788
190.2 6.39802
190.225 6.39802
190.252 6.39802
190.278 6.39801
190.303 6.39801
190.329 6.39814
190.354 6.39812
190.381 6.3981
190.407 6.39809
190.432 6.39808
190.458 6.39819
190.483 6.39817
190.51 6.39815
190.536 6.39813
190.561 6.39811
190.587 6.39822
190.612 6.3982
190.639 6.39817
190.664 6.39815
190.69 6.39813
190.716 6.39824
190.742 6.39821
190.768 6.39818
190.794 6.39816
190.819 6.39814
190.846 6.39825
190.871 6.39822
190.896 6.39807
190.922 6.39806
190.948 6.39805
190.973 6.39792
191 6.39793
191.025 6.39781
191.051 6.39784
191.077 6.39773
191.103 6.39777
191.129 6.39792
191.155 6.39793
191.181 6.39794
191.206 6.39795
191.232 6.39795
191.258 6.39808
191.284 6.39807
191.31 6.39806
191.336 6.39806
191.361 6.39805
191.388 6.39817
191.413 6.39815
191.439 6.39813
191.465 6.39811
191.49 6.3981
191.517 6.39809
191.542 6.39808
191.568 6.39819
191.593 6.39817
191.619 6.39815
191.646 6.39813
191.671 6.39811
191.697 6.39822
191.722 6.3982
191.749 6.39817
191.775 6.39815
191.8 6.39813
191.826 6.39824
191.851 6.39821
191.878 6.39818
191.904 6.39816
191.929 6.39814
191.955 6.39825
191.98 6.39822
192.007 6.39819
192.032 6.39817
192.059 6.39827
192.084 6.39836
192.109 6.39832
192.136 6.39828
192.161 6.39824
192.187 6.39821
192.212 6.39819
192.239 6.39816
192.265 6.39814
192.29 6.398
192.316 6.398
192.343 6.39812
192.368 6.39811
192.393 6.39797
192.42 6.3981
192.445 6.39809
192.47 6.39808
192.497 6.39807
192.523 6.39818
192.548 6.39816
192.574 6.39814
192.601 6.39812
192.627 6.39823
192.652 6.39833
192.677 6.39829
192.703 6.39825
192.73 6.39822
192.755 6.39819
192.781 6.39829
192.806 6.39826
192.833 6.39822
192.858 6.39807
192.884 6.39806
192.91 6.39818
192.935 6.39816
192.962 6.39814
192.987 6.39812
193.013 6.39811
193.039 6.39822
193.064 6.39819
193.091 6.39817
193.116 6.39815
193.142 6.39813
193.168 6.39824
193.194 6.39821
193.22 6.39818
193.245 6.39816
193.271 6.39814
193.297 6.39825
193.323 6.39822
193.349 6.39819
193.375 6.39816
193.4 6.39802
193.427 6.39814
193.453 6.39825
193.478 6.39822
193.503 6.39819
193.529 6.39817
193.556 6.39815
193.581 6.39813
193.607 6.39824
193.632 6.39821
193.846 6.42156
195.966 6.42924
198.085 6.42321
200.032 6.38343
200.058 6.34875
200.086 6.31853
