0.0 0
0.0400195 1440
0.0400195 1440
0.08028 2880
0.120779 4320
0.161278 5760
0.201538 7200
0.202016 8640
0.242037 10080
0.242515 11520
0.242994 12960
0.282536 14400
0.283015 15840
0.283493 17280
0.283971 18720
0.322797 20160
0.323275 21600
0.323753 23040
0.324231 24480
0.324709 25920
0.325187 27360
0.363057 28800
0.363535 30240
0.364013 31680
0.364491 33120
0.364969 34560
0.365447 36000
0.365925 37440
0.366403 38880
0.366881 40320
0.403317 41760
0.403795 43200
0.404273 44640
0.404751 46080
0.405229 47520
0.405707 48960
0.406185 50400
0.406663 51840
0.407141 53280
0.407619 54720
0.408097 56160
0.408575 57600
0.409054 59040
0.409532 60480
0.443816 61920
0.444294 63360
0.444772 64800
0.44525 66240
0.445728 67680
0.446206 69120
0.446684 70560
0.447162 72000
0.44764 73440
0.448118 74880
0.448597 76320
0.449075 77760
0.449553 79200
0.450031 80640
0.450509 82080
0.450987 83520
0.451465 84960
0.451943 86400
0.452421 87840
0.452899 89280
0.453377 90720
0.484315 92160
0.484793 93600
0.485271 95040
0.485749 96480
0.486227 97920
0.486705 99360
0.487183 100800
0.487661 102240
0.488139 103680
0.488618 105120
0.489096 106560
0.489574 108000
0.490052 109440
0.49053 110880
0.491008 112320
0.491486 113760
0.491964 115200
0.492442 116640
0.49292 118080
0.493398 119520
0.493876 120960
0.494354 122400
0.494833 123840
0.495311 125280
0.495789 126720
0.496267 128160
0.496745 129600
0.497223 131040
0.497701 132480
0.498179 133920
0.498657 135360
0.524575 136800
0.525053 138240
0.525531 139680
0.526009 141120
0.526487 142560
0.526965 144000
0.527443 145440
0.527921 146880
0.5284 148320
0.528878 149760
0.529356 151200
0.529834 152640
0.530312 154080
0.53079 155520
0.531268 156960
0.531746 158400
0.532224 159840
0.532702 161280
0.53318 162720
0.533658 164160
0.534136 165600
0.534615 167040
0.535093 168480
0.535571 169920
0.536049 171360
0.536527 172800
0.537005 174240
0.537483 175680
0.537961 177120
0.538439 178560
0.538917 180000
0.539395 181440
0.539873 182880
0.540351 184320
0.54083 185760
0.541308 187200
0.541786 188640
0.542264 190080
0.542742 191520
0.54322 192960
0.543698 194400
0.544176 195840
0.544654 197280
0.545132 198720
0.54561 200160
0.546088 201600
0.546566 203040
0.565074 204480
0.565552 205920
0.56603 207360
0.566508 208800
0.566986 210240
0.567464 211680
0.567942 213120
0.568421 214560
0.568899 216000
0.569377 217440
0.569855 218880
0.570333 220320
0.570811 221760
0.571289 223200
0.571767 224640
0.572245 226080
0.572723 227520
0.573201 228960
0.573679 230400
0.574157 231840
0.574636 233280
0.575114 234720
0.575592 236160
0.57607 237600
0.576548 239040
0.577026 240480
0.577504 241920
0.577982 243360
0.57846 244800
0.578938 246240
0.579416 247680
0.579894 249120
0.580373 250560
0.580851 252000
0.581329 253440
0.581807 254880
0.582285 256320
0.582763 257760
0.583241 259200
0.583719 260640
0.584197 262080
0.584675 263520
0.585153 264960
0.585631 266400
0.586109 267840
0.586588 269280
0.587066 270720
0.587544 272160
0.588022 273600
0.5885 275040
0.588978 276480
0.589456 277920
0.589934 279360
0.590412 280800
0.59089 282240
0.591368 283680
0.591846 285120
0.592324 286560
0.592803 288000
0.593281 289440
0.593759 290880
0.594237 292320
0.594715 293760
0.595193 295200
0.595671 296640
0.596149 298080
0.596627 299520
0.597105 300960
0.597583 302400
0.598061 303840
0.605334 305280
0.605812 306720
0.60629 308160
0.606768 309600
0.607246 311040
0.607724 312480
0.608203 313920
0.608681 315360
0.609159 316800
0.609637 318240
0.610115 319680
0.610593 321120
0.611071 322560
0.611549 324000
0.612027 325440
0.612505 326880
0.612983 328320
0.613461 329760
0.613939 331200
0.614418 332640
0.614896 334080
0.615374 335520
0.615852 336960
0.61633 338400
0.616808 339840
0.617286 341280
0.617764 342720
0.618242 344160
0.61872 345600
0.619198 347040
0.619676 348480
0.620154 349920
0.620633 351360
0.621111 352800
0.621589 354240
0.622067 355680
0.622545 357120
0.623023 358560
0.623501 360000
0.623979 361440
0.624457 362880
0.624935 364320
0.625413 365760
0.625891 367200
0.62637 368640
0.626848 370080
0.627326 371520
0.627804 372960
0.628282 374400
0.62876 375840
0.629238 377280
0.629716 378720
0.630194 380160
0.630672 381600
0.63115 383040
0.631628 384480
0.632106 385920
0.632585 387360
0.633063 388800
0.633541 390240
0.634019 391680
0.634497 393120
0.634975 394560
0.635453 396000
0.635931 397440
0.636409 398880
0.636887 400320
0.637365 401760
0.637843 403200
0.638321 404640
0.6388 406080
0.639278 407520
0.639756 408960
0.640234 410400
0.640712 411840
0.64119 413280
0.641668 414720
0.642146 416160
0.642624 417600
0.643102 419040
0.64358 420480
0.644058 421920
0.644536 423360
0.645015 424800
0.645493 426240
0.645971 427680
0.646449 429120
0.646927 430560
0.647405 432000
0.647883 433440
0.648361 434880
0.648839 436320
0.649317 437760
0.649795 439200
0.650273 440640
0.650751 442080
0.65123 443520
0.651708 444960
0.652186 446400
0.652664 447840
0.653142 449280
0.65362 450720
0.654098 452160
0.654576 453600
0.655054 455040
0.655532 456480
0.65601 457920
0.656488 459360
0.656966 460800
0.657445 462240
0.657923 463680
0.658401 465120
0.658879 466560
0.659357 468000
0.659835 469440
0.660313 470880
0.660791 472320
0.661269 473760
0.661747 475200
0.662225 476640
0.662703 478080
0.663182 479520
0.66366 480960
0.664138 482400
0.664616 483840
0.665094 485280
0.665572 486720
0.66605 488160
0.666528 489600
0.667006 491040
0.667484 492480
0.667962 493920
0.66844 495360
0.668918 496800
0.669397 498240
0.669875 499680
0.670353 501120
0.670831 502560
0.671309 504000
0.671787 505440
0.672265 506880
0.672743 508320
0.673221 509760
0.673699 511200
0.674177 512640
0.674655 514080
0.675133 515520
0.675612 516960
0.67609 518400
0.676568 519840
0.677046 521280
0.677524 522720
0.678002 524160
0.67848 525600
0.678958 527040
0.679436 528480
0.679914 529920
0.680392 531360
0.68087 532800
0.681348 534240
0.681827 535680
0.682305 537120
0.682783 538560
0.683261 540000
0.683739 541440
0.684217 542880
0.684695 544320
0.685173 545760
0.685651 547200
0.686129 548640
0.686607 550080
0.687085 551520
0.687563 552960
0.688042 554400
0.68852 555840
0.688998 557280
0.689476 558720
0.689954 560160
0.690432 561600
0.69091 563040
0.691388 564480
0.691866 565920
0.692344 567360
0.692822 568800
0.6933 570240
0.693779 571680
0.694257 573120
0.694735 574560
0.695213 576000
0.695691 577440
0.696169 578880
0.696647 580320
0.697125 581760
0.697603 583200
0.698081 584640
0.698559 586080
0.699037 587520
0.699515 588960
0.699994 590400
0.700472 591840
0.70095 593280
0.701428 594720
0.701906 596160
0.702384 597600
0.702862 599040
0.70334 600480
0.703818 601920
0.704538 601920
0.704538 377280
0.856325 380160
0.857045 380160
0.857045 234720
0.948327 236160
0.974621 237600
1.00092 237600
1.00092 139680
1.05911 141120
1.06293 142560
1.07488 144000
1.10606 145440
1.11802 146880
1.14656 148320
1.15899 149760
1.18754 151200
1.19997 152640
1.22852 154080
1.24143 155520
1.2695 156960
1.2824 158400
1.30999 159840
1.32338 161280
1.35097 162720
1.36436 164160
1.39195 165600
1.40581 167040
1.43293 168480
1.44679 169920
1.47343 171360
1.48299 172800
1.50365 174240
1.5144 175680
1.52444 177120
1.54486 178560
1.55562 180000
1.56566 181440
1.58632 182880
1.5966 184320
1.60664 185760
1.62729 187200
1.63733 188640
1.64785 190080
1.66803 191520
1.67855 192960
1.68955 194400
1.70901 195840
1.72001 197280
1.731 198720
1.75023 200160
1.76122 201600
1.77222 203040
1.7912 204480
1.8022 205920
1.81367 207360
1.83194 208800
1.84342 210240
1.85537 211680
1.87292 213120
1.88487 214560
1.89682 216000
1.91413 217440
1.92609 218880
1.93804 220320
1.95511 221760
1.96706 223200
1.97949 224640
1.99585 226080
2.00828 227520
2.02119 228960
2.03683 230400
2.04974 231840
2.06264 233280
2.07804 234720
2.09095 236160
2.10386 237600
2.11902 239040
2.13193 240480
2.14531 241920
2.15976 243360
2.17314 244800
2.18701 246240
2.20074 247680
2.2146 249120
2.22846 250560
2.24233 252000
2.25619 253440
2.27006 254880
2.2844 256320
2.29826 257760
2.31261 259200
2.32695 260640
2.34129 262080
2.35611 263520
2.37045 264960
2.38527 266400
2.40009 267840
2.41491 269280
2.42974 270720
2.44456 272160
2.45985 273600
2.47467 275040
2.48997 276480
2.50527 277920
2.52057 279360
2.53635 280800
2.55165 282240
2.56742 283680
2.5832 285120
2.59897 286560
2.61475 288000
2.63053 289440
2.64678 290880
2.66256 292320
2.67881 293760
2.69507 295200
2.71132 296640
2.72806 298080
2.74431 299520
2.76104 300960
2.77778 302400
2.79451 303840
2.81124 305280
2.82797 306720
2.84518 308160
2.86192 309600
2.87913 311040
2.89634 312480
2.91355 313920
2.93124 315360
2.94845 316800
2.96614 318240
2.98383 319680
2.99721 321120
3.0106 322560
3.02399 324000
3.03737 325440
3.05076 326880
3.06414 328320
3.07801 329760
3.0914 331200
3.10526 332640
3.11912 334080
3.13299 335520
3.14685 336960
3.16072 338400
3.17506 339840
3.18892 341280
3.20327 342720
3.21761 344160
3.23195 345600
3.24629 347040
3.26063 348480
3.27498 349920
3.28932 351360
3.30414 352800
3.31848 354240
3.3333 355680
3.34812 357120
3.36294 358560
3.37776 360000
3.39258 361440
3.40788 362880
3.4227 364320
3.438 365760
3.4533 367200
3.4686 368640
3.4839 370080
3.4992 371520
3.51449 372960
3.52979 374400
3.54557 375840
3.56087 377280
3.57664 378720
3.59242 380160
3.6082 381600
3.62397 383040
3.63975 384480
3.65601 385920
3.67178 387360
3.68804 388800
3.70429 390240
3.72055 391680
3.7368 393120
3.75306 394560
3.76931 396000
3.78556 397440
3.8023 398880
3.81855 400320
3.83528 401760
3.85202 403200
3.86875 404640
3.88548 406080
3.90246 406080
3.90246 249120
3.99377 253440
4.00381 254880
4.01839 256320
4.03249 257760
4.04683 259200
4.06118 260640
4.07552 262080
4.09034 263520
4.10468 264960
4.1195 266400
4.13432 267840
4.14914 269280
4.16396 270720
4.17878 272160
4.19408 273600
4.2089 275040
4.2242 276480
4.2395 277920
4.2548 279360
4.27057 280800
4.28587 282240
4.30165 283680
4.31743 285120
4.3332 286560
4.34898 288000
4.36476 289440
4.38101 290880
4.39679 292320
4.41304 293760
4.4293 295200
4.44555 296640
4.46228 298080
4.47854 299520
4.49527 300960
4.512 302400
4.52874 303840
4.54547 305280
4.5622 306720
4.57941 308160
4.59615 309600
4.61336 311040
4.63057 312480
4.64778 313920
4.66547 315360
4.68268 316800
4.70037 318240
4.71806 319680
4.73144 321120
4.74435 322560
4.75774 324000
4.7716 325440
4.78499 326880
4.79837 328320
4.81224 329760
4.82562 331200
4.83949 332640
4.85335 334080
4.86722 335520
4.88108 336960
4.89494 338400
4.90929 339840
4.92315 341280
4.93749 342720
4.95184 344160
4.9657 345600
4.98004 347040
4.99486 348480
5.00921 349920
5.02355 351360
5.03837 352800
5.05271 354240
5.06753 355680
5.08235 357120
5.09717 358560
5.11199 360000
5.12681 361440
5.14211 362880
5.15693 364320
5.17223 365760
5.18753 367200
5.20235 368640
5.21765 370080
5.23342 371520
5.24872 372960
5.26402 374400
5.2798 375840
5.2951 377280
5.31087 378720
5.32665 380160
5.34243 381600
5.3582 383040
5.37398 384480
5.39023 385920
5.40601 387360
5.42226 388800
5.43852 390240
5.4543 391680
5.47055 393120
5.48728 394560
5.50354 396000
5.51979 397440
5.53653 398880
5.55278 400320
5.56951 401760
5.58625 403200
5.60298 404640
5.61971 406080
5.63668 249120
5.728 253440
5.73756 254880
5.75214 256320
5.76672 257760
5.78106 259200
5.7954 260640
5.80975 262080
5.82409 263520
5.83891 264960
5.85373 266400
5.86807 267840
5.88289 269280
5.89819 270720
5.91301 272160
5.92783 273600
5.94313 275040
5.95843 276480
5.97373 277920
5.98903 279360
6.00432 280800
6.0201 282240
6.03588 283680
6.05118 285120
6.06695 286560
6.08321 288000
6.09898 289440
6.11476 290880
6.13102 292320
6.14727 293760
6.16352 295200
6.17978 296640
6.19603 298080
6.21277 299520
6.2295 300960
6.24575 302400
6.26249 303840
6.2797 305280
6.29643 306720
6.31316 308160
6.33037 309600
6.34758 311040
6.3648 312480
6.38201 313920
6.39922 315360
6.41691 316800
6.43459 318240
6.45181 319680
6.46519 321120
6.47858 322560
6.49196 324000
6.50535 325440
6.51874 326880
6.5326 328320
6.54599 329760
6.55985 331200
6.57372 332640
6.58758 334080
6.60144 335520
6.61531 336960
6.62917 338400
6.64304 339840
6.65738 341280
6.67124 342720
6.68559 344160
6.69993 345600
6.71427 347040
6.72861 348480
6.74295 349920
6.75778 351360
6.77212 352800
6.78694 354240
6.80176 355680
6.81658 357120
6.8314 358560
6.84622 360000
6.86104 361440
6.87586 362880
6.89116 364320
6.90598 365760
6.92128 367200
6.93658 368640
6.95187 370080
6.96717 371520
6.98247 372960
6.99825 374400
7.01355 375840
7.02932 377280
7.0451 378720
7.06088 380160
7.07665 381600
7.09243 383040
7.10821 384480
7.12398 385920
7.14024 387360
7.15601 388800
7.17227 390240
7.18852 391680
7.20478 393120
7.22103 394560
7.23729 396000
7.25402 397440
7.27027 398880
7.28701 400320
7.30374 401760
7.32047 403200
7.33721 404640
7.35394 406080
7.37091 249120
7.46222 253440
7.47178 254880
7.48637 256320
7.50095 257760
7.51481 259200
7.52915 260640
7.54397 262080
7.55832 263520
7.57266 264960
7.58748 266400
7.6023 267840
7.61712 269280
7.63194 270720
7.64676 272160
7.66206 273600
7.67736 275040
7.69218 276480
7.70748 277920
7.72325 279360
7.73855 280800
7.75385 282240
7.76963 283680
7.7854 285120
7.80118 286560
7.81696 288000
7.83273 289440
7.84899 290880
7.86524 292320
7.88102 293760
7.89727 295200
7.91401 296640
7.93026 298080
7.94652 299520
7.96325 300960
7.97998 302400
7.99671 303840
8.01345 305280
8.03018 306720
8.04739 308160
8.0646 309600
8.08133 311040
8.09855 312480
8.11623 313920
8.13344 315360
8.15066 316800
8.16834 318240
8.18603 319680
8.19942 321120
8.21281 322560
8.22619 324000
8.23958 325440
8.25296 326880
8.26635 328320
8.28021 329760
8.29408 331200
8.30747 332640
8.32133 334080
8.33519 335520
8.34906 336960
8.3634 338400
8.37726 339840
8.39113 341280
8.40547 342720
8.41981 344160
8.43416 345600
8.4485 347040
8.46284 348480
8.47718 349920
8.49153 351360
8.50635 352800
8.52117 354240
8.53551 355680
8.55033 357120
8.56515 358560
8.57997 360000
8.59527 361440
8.61009 362880
8.62491 364320
8.64021 365760
8.65551 367200
8.6708 368640
8.6861 370080
8.7014 371520
8.7167 372960
8.732 374400
8.74777 375840
8.76355 377280
8.77885 378720
8.79463 380160
8.8104 381600
8.82618 383040
8.84243 384480
8.85821 385920
8.87399 387360
8.89024 388800
8.9065 390240
8.92275 391680
8.93901 393120
8.95526 394560
8.97152 396000
8.98777 397440
9.0045 398880
9.02124 400320
9.03749 401760
9.05422 403200
9.07096 404640
9.08769 406080
9.10466 249120
9.19597 253440
9.20601 254880
9.22059 256320
9.2347 257760
9.24904 259200
9.26338 260640
9.27772 262080
9.29254 263520
9.30689 264960
9.32171 266400
9.33653 267840
9.35135 269280
9.36617 270720
9.38099 272160
9.39629 273600
9.41111 275040
9.42641 276480
9.44171 277920
9.457 279360
9.47278 280800
9.48808 282240
9.50386 283680
9.51963 285120
9.53541 286560
9.55119 288000
9.56696 289440
9.58322 290880
9.59899 292320
9.61525 293760
9.6315 295200
9.64776 296640
9.66449 298080
9.68074 299520
9.69748 300960
9.71421 302400
9.73094 303840
9.74768 305280
9.76441 306720
9.78162 308160
9.79835 309600
9.81556 311040
9.83277 312480
9.84998 313920
9.86767 315360
9.88488 316800
9.90257 318240
9.92026 319680
9.93365 321120
9.94703 322560
9.96042 324000
9.97381 325440
9.98719 326880
10.0006 328320
10.0144 329760
10.0278 331200
10.0417 332640
10.0556 334080
10.0694 335520
10.0833 336960
10.0972 338400
10.1115 339840
10.1254 341280
10.1397 342720
10.154 344160
10.1684 345600
10.1827 347040
10.1971 348480
10.2114 349920
10.2258 351360
10.2406 352800
10.2549 354240
10.2697 355680
10.2846 357120
10.2994 358560
10.3142 360000
10.329 361440
10.3443 362880
10.3591 364320
10.3744 365760
10.3897 367200
10.405 368640
10.4203 370080
10.4356 371520
10.4509 372960
10.4662 374400
10.482 375840
10.4973 377280
10.5131 378720
10.5289 380160
10.5446 381600
10.5604 383040
10.5762 384480
10.5924 385920
10.6082 387360
10.6245 388800
10.6407 390240
10.657 391680
10.6732 393120
10.6895 394560
10.7057 396000
10.722 397440
10.7387 398880
10.755 400320
10.7717 401760
10.7885 403200
10.8052 404640
10.8219 406080
10.8389 249120
10.9302 253440
10.9402 254880
10.9548 256320
10.9689 257760
10.9833 259200
10.9976 260640
11.012 262080
11.0268 263520
11.0411 264960
11.0559 266400
11.0708 267840
11.0856 269280
11.1004 270720
11.1152 272160
11.1305 273600
11.1453 275040
11.1606 276480
11.1759 277920
11.1912 279360
11.207 280800
11.2223 282240
11.2381 283680
11.2539 285120
11.2696 286560
11.2854 288000
11.3012 289440
11.3174 290880
11.3332 292320
11.3495 293760
11.3657 295200
11.382 296640
11.3987 298080
11.415 299520
11.4317 300960
11.4484 302400
11.4652 303840
11.4819 305280
11.4986 306720
11.5158 308160
11.5326 309600
11.5498 311040
11.567 312480
11.5842 313920
11.6019 315360
11.6191 316800
11.6368 318240
11.6545 319680
11.6679 321120
11.6808 322560
11.6942 324000
11.708 325440
11.7214 326880
11.7348 328320
11.7487 329760
11.7621 331200
11.7759 332640
11.7898 334080
11.8036 335520
11.8175 336960
11.8314 338400
11.8457 339840
11.8596 341280
11.8739 342720
11.8883 344160
11.9021 345600
11.9165 347040
11.9313 348480
11.9456 349920
11.96 351360
11.9748 352800
11.9891 354240
12.004 355680
12.0188 357120
12.0336 358560
12.0484 360000
12.0632 361440
12.0785 362880
12.0934 364320
12.1087 365760
12.124 367200
12.1388 368640
12.1541 370080
12.1699 371520
12.1852 372960
12.2005 374400
12.2162 375840
12.2315 377280
12.2473 378720
12.2631 380160
12.2789 381600
12.2946 383040
12.3104 384480
12.3267 385920
12.3424 387360
12.3587 388800
12.375 390240
12.3907 391680
12.407 393120
12.4237 394560
12.44 396000
12.4562 397440
12.473 398880
12.4892 400320
12.5059 401760
12.5227 403200
12.5394 404640
12.5561 406080
12.5731 249120
12.6644 253440
12.674 254880
12.6886 256320
12.7032 257760
12.7175 259200
12.7318 260640
12.7462 262080
12.7605 263520
12.7753 264960
12.7902 266400
12.8045 267840
12.8193 269280
12.8346 270720
12.8494 272160
12.8643 273600
12.8796 275040
12.8949 276480
12.9102 277920
12.9255 279360
12.9408 280800
12.9565 282240
12.9723 283680
12.9876 285120
13.0034 286560
13.0196 288000
13.0354 289440
13.0512 290880
13.0674 292320
13.0837 293760
13.1 295200
13.1162 296640
13.1325 298080
13.1492 299520
13.1659 300960
13.1822 302400
13.1989 303840
13.2161 305280
13.2329 306720
13.2496 308160
13.2668 309600
13.284 311040
13.3012 312480
13.3184 313920
13.3357 315360
13.3533 316800
13.371 318240
13.3882 319680
13.4016 321120
13.415 322560
13.4284 324000
13.4418 325440
13.4552 326880
13.469 328320
13.4824 329760
13.4963 331200
13.5101 332640
13.524 334080
13.5379 335520
13.5517 336960
13.5656 338400
13.5795 339840
13.5938 341280
13.6077 342720
13.622 344160
13.6364 345600
13.6507 347040
13.665 348480
13.6794 349920
13.6942 351360
13.7086 352800
13.7234 354240
13.7382 355680
13.753 357120
13.7678 358560
13.7827 360000
13.7975 361440
13.8123 362880
13.8276 364320
13.8424 365760
13.8577 367200
13.873 368640
13.8883 370080
13.9036 371520
13.9189 372960
13.9347 374400
13.95 375840
13.9658 377280
13.9815 378720
13.9973 380160
14.0131 381600
14.0289 383040
14.0446 384480
14.0604 385920
14.0767 387360
14.0924 388800
14.1087 390240
14.125 391680
14.1412 393120
14.1575 394560
14.1737 396000
14.1905 397440
14.2067 398880
14.2234 400320
14.2402 401760
14.2569 403200
14.2736 404640
14.2904 406080
14.3073 249120
14.3987 253440
14.4082 254880
14.4228 256320
14.4374 257760
14.4512 259200
14.4656 260640
14.4804 262080
14.4948 263520
14.5091 264960
14.5239 266400
14.5387 267840
14.5536 269280
14.5684 270720
14.5832 272160
14.5985 273600
14.6138 275040
14.6286 276480
14.6439 277920
14.6597 279360
14.675 280800
14.6903 282240
14.7061 283680
14.7218 285120
14.7376 286560
14.7534 288000
14.7692 289440
14.7854 290880
14.8017 292320
14.8175 293760
14.8337 295200
14.8504 296640
14.8667 298080
14.8829 299520
14.8997 300960
14.9164 302400
14.9331 303840
14.9499 305280
14.9666 306720
14.9838 308160
15.001 309600
15.0178 311040
15.035 312480
15.0527 313920
15.0699 315360
15.0871 316800
15.1048 318240
15.1225 319680
15.1359 321120
15.1492 322560
15.1626 324000
15.176 325440
15.1894 326880
15.2028 328320
15.2166 329760
15.2305 331200
15.2439 332640
15.2578 334080
15.2716 335520
15.2855 336960
15.2998 338400
15.3137 339840
15.3276 341280
15.3419 342720
15.3562 344160
15.3706 345600
15.3849 347040
15.3993 348480
15.4136 349920
15.428 351360
15.4428 352800
15.4576 354240
15.4719 355680
15.4868 357120
15.5016 358560
15.5164 360000
15.5317 361440
15.5465 362880
15.5613 364320
15.5766 365760
15.5919 367200
15.6072 368640
15.6225 370080
15.6378 371520
15.6531 372960
15.6684 374400
15.6842 375840
15.7 377280
15.7153 378720
15.7311 380160
15.7468 381600
15.7626 383040
15.7789 384480
15.7946 385920
15.8104 387360
15.8267 388800
15.8429 390240
15.8592 391680
15.8754 393120
15.8917 394560
15.9079 396000
15.9242 397440
15.9409 398880
15.9577 400320
15.9739 401760
15.9907 403200
16.0074 404640
16.0241 406080
16.0411 249120
16.1324 253440
16.1424 254880
16.157 256320
16.1711 257760
16.1855 259200
16.1998 260640
16.2142 262080
16.229 263520
16.2433 264960
16.2581 266400
16.273 267840
16.2878 269280
16.3026 270720
16.3174 272160
16.3327 273600
16.3475 275040
16.3628 276480
16.3781 277920
16.3934 279360
16.4092 280800
16.4245 282240
16.4403 283680
16.4561 285120
16.4718 286560
16.4876 288000
16.5034 289440
16.5196 290880
16.5354 292320
16.5517 293760
16.5679 295200
16.5842 296640
16.6009 298080
16.6172 299520
16.6339 300960
16.6506 302400
16.6674 303840
16.6841 305280
16.7008 306720
16.7181 308160
16.7348 309600
16.752 311040
16.7692 312480
16.7864 313920
16.8041 315360
16.8213 316800
16.839 318240
16.8567 319680
16.8701 321120
16.8835 322560
16.8969 324000
16.9102 325440
16.9236 326880
16.937 328320
16.9509 329760
16.9643 331200
16.9781 332640
16.992 334080
17.0059 335520
17.0197 336960
17.0336 338400
17.0479 339840
17.0618 341280
17.0761 342720
17.0905 344160
17.1048 345600
17.1192 347040
17.1335 348480
17.1478 349920
17.1622 351360
17.177 352800
17.1913 354240
17.2062 355680
17.221 357120
17.2358 358560
17.2506 360000
17.2655 361440
17.2808 362880
17.2956 364320
17.3109 365760
17.3262 367200
17.3415 368640
17.3568 370080
17.3721 371520
17.3874 372960
17.4027 374400
17.4184 375840
17.4337 377280
17.4495 378720
17.4653 380160
17.4811 381600
17.4968 383040
17.5126 384480
17.5289 385920
17.5446 387360
17.5609 388800
17.5772 390240
17.5934 391680
17.6097 393120
17.6259 394560
17.6422 396000
17.6584 397440
17.6752 398880
17.6914 400320
17.7082 401760
17.7249 403200
17.7416 404640
17.7584 406080
17.7753 249120
17.8666 253440
17.8767 254880
17.8913 256320
17.9054 257760
17.9197 259200
17.934 260640
17.9484 262080
17.9632 263520
17.9775 264960
17.9924 266400
18.0072 267840
18.022 269280
18.0368 270720
18.0517 272160
18.0669 273600
18.0818 275040
18.0971 276480
18.1124 277920
18.1277 279360
18.1434 280800
18.1587 282240
18.1745 283680
18.1903 285120
18.2061 286560
18.2218 288000
18.2376 289440
18.2539 290880
18.2697 292320
18.2859 293760
18.3022 295200
18.3184 296640
18.3352 298080
18.3514 299520
18.3681 300960
18.3849 302400
18.4016 303840
18.4183 305280
18.4351 306720
18.4523 308160
18.469 309600
18.4862 311040
18.5034 312480
18.5206 313920
18.5383 315360
18.5555 316800
18.5732 318240
18.5909 319680
18.6043 321120
18.6172 322560
18.6306 324000
18.6445 325440
18.6579 326880
18.6712 328320
18.6851 329760
18.6985 331200
18.7124 332640
18.7262 334080
18.7401 335520
18.7539 336960
18.7678 338400
18.7822 339840
18.796 341280
18.8104 342720
18.8247 344160
18.8386 345600
18.8529 347040
18.8677 348480
18.8821 349920
18.8964 351360
18.9112 352800
18.9256 354240
18.9404 355680
18.9552 357120
18.97 358560
18.9849 360000
18.9997 361440
19.015 362880
19.0298 364320
19.0451 365760
19.0604 367200
19.0752 368640
19.0905 370080
19.1063 371520
19.1216 372960
19.1369 374400
19.1527 375840
19.168 377280
19.1837 378720
19.1995 380160
19.2153 381600
19.2311 383040
19.2468 384480
19.2631 385920
19.2789 387360
19.2951 388800
19.3114 390240
19.3272 391680
19.3434 393120
19.3602 394560
19.3764 396000
19.3927 397440
19.4094 398880
19.4256 400320
19.4424 401760
19.4591 403200
19.4758 404640
19.4926 406080
19.5096 249120
19.6009 253440
19.6104 254880
19.625 256320
19.6396 257760
19.6539 259200
19.6683 260640
19.6826 262080
19.697 263520
19.7118 264960
19.7266 266400
19.7409 267840
19.7558 269280
19.7711 270720
19.7859 272160
19.8007 273600
19.816 275040
19.8313 276480
19.8466 277920
19.8619 279360
19.8772 280800
19.893 282240
19.9087 283680
19.924 285120
19.9398 286560
19.9561 288000
19.9719 289440
19.9876 290880
20.0039 292320
20.0201 293760
20.0364 295200
20.0526 296640
20.0689 298080
20.0856 299520
20.1024 300960
20.1186 302400
20.1354 303840
20.1526 305280
20.1693 306720
20.186 308160
20.2032 309600
20.2205 311040
20.2377 312480
20.2549 313920
20.2721 315360
20.2898 316800
20.3075 318240
20.3247 319680
20.3381 321120
20.3514 322560
20.3648 324000
20.3782 325440
20.3916 326880
20.4055 328320
20.4189 329760
20.4327 331200
20.4466 332640
20.4604 334080
20.4743 335520
20.4882 336960
20.502 338400
20.5159 339840
20.5302 341280
20.5441 342720
20.5585 344160
20.5728 345600
20.5871 347040
20.6015 348480
20.6158 349920
20.6306 351360
20.645 352800
20.6598 354240
20.6746 355680
20.6894 357120
20.7043 358560
20.7191 360000
20.7339 361440
20.7487 362880
20.764 364320
20.7788 365760
20.7941 367200
20.8094 368640
20.8247 370080
20.84 371520
20.8553 372960
20.8711 374400
20.8864 375840
20.9022 377280
20.918 378720
20.9337 380160
20.9495 381600
20.9653 383040
20.9811 384480
20.9969 385920
21.0131 387360
21.0289 388800
21.0451 390240
21.0614 391680
21.0776 393120
21.0939 394560
21.1102 396000
21.1269 397440
21.1431 398880
21.1599 400320
21.1766 401760
21.1933 403200
21.2101 404640
21.2268 406080
21.2438 249120
21.3351 253440
21.3447 254880
21.3592 256320
21.3738 257760
21.3877 259200
21.402 260640
21.4168 262080
21.4312 263520
21.4455 264960
21.4603 266400
21.4752 267840
21.49 269280
21.5048 270720
21.5196 272160
21.5349 273600
21.5502 275040
21.565 276480
21.5803 277920
21.5961 279360
21.6114 280800
21.6267 282240
21.6425 283680
21.6583 285120
21.674 286560
21.6898 288000
21.7056 289440
21.7219 290880
21.7381 292320
21.7539 293760
21.7701 295200
21.7869 296640
21.8031 298080
21.8194 299520
21.8361 300960
21.8528 302400
21.8696 303840
21.8863 305280
21.903 306720
21.9203 308160
21.9375 309600
21.9542 311040
21.9714 312480
21.9891 313920
22.0063 315360
22.0235 316800
22.0412 318240
22.0589 319680
22.0723 321120
22.0857 322560
22.0991 324000
22.1124 325440
22.1258 326880
22.1392 328320
22.1531 329760
22.1669 331200
22.1803 332640
22.1942 334080
22.2081 335520
22.2219 336960
22.2363 338400
22.2501 339840
22.264 341280
22.2783 342720
22.2927 344160
22.307 345600
22.3214 347040
22.3357 348480
22.3501 349920
22.3644 351360
22.3792 352800
22.394 354240
22.4084 355680
22.4232 357120
22.438 358560
22.4528 360000
22.4681 361440
22.483 362880
22.4978 364320
22.5131 365760
22.5284 367200
22.5437 368640
22.559 370080
22.5743 371520
22.5896 372960
22.6049 374400
22.6206 375840
22.6364 377280
22.6517 378720
22.6675 380160
22.6833 381600
22.699 383040
22.7153 384480
22.7311 385920
22.7469 387360
22.7631 388800
22.7794 390240
22.7956 391680
22.8119 393120
22.8281 394560
22.8444 396000
22.8606 397440
22.8774 398880
22.8941 400320
22.9104 401760
22.9271 403200
22.9438 404640
22.9606 406080
22.9775 249120
23.0688 253440
23.0789 254880
23.0935 256320
23.1076 257760
23.1219 259200
23.1362 260640
23.1506 262080
23.1654 263520
23.1798 264960
23.1946 266400
23.2094 267840
23.2242 269280
23.239 270720
23.2539 272160
23.2692 273600
23.284 275040
23.2993 276480
23.3146 277920
23.3299 279360
23.3456 280800
23.3609 282240
23.3767 283680
23.3925 285120
23.4083 286560
23.4241 288000
23.4398 289440
23.4561 290880
23.4719 292320
23.4881 293760
23.5044 295200
23.5206 296640
23.5374 298080
23.5536 299520
23.5703 300960
23.5871 302400
23.6038 303840
23.6205 305280
23.6373 306720
23.6545 308160
23.6712 309600
23.6884 311040
23.7056 312480
23.7229 313920
23.7405 315360
23.7578 316800
23.7754 318240
23.7931 319680
23.8065 321120
23.8199 322560
23.8333 324000
23.8467 325440
23.8601 326880
23.8734 328320
23.8873 329760
23.9007 331200
23.9146 332640
23.9284 334080
23.9423 335520
23.9562 336960
23.97 338400
23.9844 339840
23.9982 341280
24.0126 342720
24.0269 344160
24.0413 345600
24.0556 347040
24.0699 348480
24.0843 349920
24.0986 351360
24.1134 352800
24.1278 354240
24.1426 355680
24.1574 357120
24.1722 358560
24.1871 360000
24.2019 361440
24.2172 362880
24.232 364320
24.2473 365760
24.2626 367200
24.2779 368640
24.2932 370080
24.3085 371520
24.3238 372960
24.3391 374400
24.3549 375840
24.3702 377280
24.3859 378720
24.4017 380160
24.4175 381600
24.4333 383040
24.4491 384480
24.4653 385920
24.4811 387360
24.4973 388800
24.5136 390240
24.5298 391680
24.5461 393120
24.5624 394560
24.5786 396000
24.5949 397440
24.6116 398880
24.6279 400320
24.6446 401760
24.6613 403200
24.6781 404640
24.6948 406080
24.7118 249120
24.8031 253440
24.8131 254880
24.8277 256320
24.8418 257760
24.8561 259200
24.8705 260640
24.8848 262080
24.8996 263520
24.914 264960
24.9288 266400
24.9436 267840
24.9584 269280
24.9733 270720
24.9881 272160
25.0034 273600
25.0182 275040
25.0335 276480
25.0488 277920
25.0641 279360
25.0799 280800
25.0952 282240
25.111 283680
25.1267 285120
25.1425 286560
25.1583 288000
25.1741 289440
25.1903 290880
25.2061 292320
25.2223 293760
25.2386 295200
25.2549 296640
25.2716 298080
25.2878 299520
25.3046 300960
25.3213 302400
25.338 303840
25.3548 305280
25.3715 306720
25.3887 308160
25.4054 309600
25.4227 311040
25.4399 312480
25.4571 313920
25.4748 315360
25.492 316800
25.5097 318240
25.5274 319680
25.5407 321120
25.5537 322560
25.567 324000
25.5809 325440
25.5943 326880
25.6077 328320
25.6215 329760
25.6349 331200
25.6488 332640
25.6627 334080
25.6765 335520
25.6904 336960
25.7042 338400
25.7186 339840
25.7325 341280
25.7468 342720
25.7611 344160
25.775 345600
25.7893 347040
25.8042 348480
25.8185 349920
25.8328 351360
25.8477 352800
25.862 354240
25.8768 355680
25.8917 357120
25.9065 358560
25.9213 360000
25.9361 361440
25.9514 362880
25.9662 364320
25.9815 365760
25.9968 367200
26.0116 368640
26.0269 370080
26.0427 371520
26.058 372960
26.0733 374400
26.0891 375840
26.1044 377280
26.1202 378720
26.1359 380160
26.1517 381600
26.1675 383040
26.1833 384480
26.1995 385920
26.2153 387360
26.2316 388800
26.2478 390240
26.2636 391680
26.2799 393120
26.2966 394560
26.3128 396000
26.3291 397440
26.3458 398880
26.3621 400320
26.3788 401760
26.3955 403200
26.4123 404640
26.429 406080
26.446 249120
26.5373 253440
26.5469 254880
26.5614 256320
26.576 257760
26.5904 259200
26.6047 260640
26.619 262080
26.6334 263520
26.6482 264960
26.663 266400
26.6774 267840
26.6922 269280
26.7075 270720
26.7223 272160
26.7371 273600
26.7524 275040
26.7677 276480
26.783 277920
26.7983 279360
26.8136 280800
26.8294 282240
26.8452 283680
26.8605 285120
26.8763 286560
26.8925 288000
26.9083 289440
26.9241 290880
26.9403 292320
26.9566 293760
26.9728 295200
26.9891 296640
27.0053 298080
27.0221 299520
27.0388 300960
27.0551 302400
27.0718 303840
27.089 305280
27.1057 306720
27.1225 308160
27.1397 309600
27.1569 311040
27.1741 312480
27.1913 313920
27.2085 315360
27.2262 316800
27.2439 318240
27.2611 319680
27.2745 321120
27.2879 322560
27.3013 324000
27.3147 325440
27.328 326880
27.3419 328320
27.3553 329760
27.3692 331200
27.383 332640
27.3969 334080
27.4107 335520
27.4246 336960
27.4385 338400
27.4523 339840
27.4667 341280
27.4805 342720
27.4949 344160
27.5092 345600
27.5236 347040
27.5379 348480
27.5523 349920
27.5671 351360
27.5814 352800
27.5962 354240
27.6111 355680
27.6259 357120
27.6407 358560
27.6555 360000
27.6703 361440
27.6852 362880
27.7005 364320
27.7153 365760
27.7306 367200
27.7459 368640
27.7612 370080
27.7765 371520
27.7918 372960
27.8075 374400
27.8228 375840
27.8386 377280
27.8544 378720
27.8702 380160
27.886 381600
27.9017 383040
27.9175 384480
27.9333 385920
27.9495 387360
27.9653 388800
27.9816 390240
27.9978 391680
28.0141 393120
28.0303 394560
28.0466 396000
28.0633 397440
28.0796 398880
28.0963 400320
28.113 401760
28.1298 403200
28.1465 404640
28.1632 406080
28.1802 249120
28.2715 253440
28.2811 254880
28.2957 256320
28.3102 257760
28.3241 259200
28.3385 260640
28.3533 262080
28.3676 263520
28.382 264960
28.3968 266400
28.4116 267840
28.4264 269280
28.4412 270720
28.4561 272160
28.4714 273600
28.4867 275040
28.5015 276480
28.5168 277920
28.5326 279360
28.5479 280800
28.5632 282240
28.5789 283680
28.5947 285120
28.6105 286560
28.6263 288000
28.642 289440
28.6583 290880
28.6745 292320
28.6903 293760
28.7066 295200
28.7233 296640
28.7396 298080
28.7558 299520
28.7726 300960
28.7893 302400
28.806 303840
28.8227 305280
28.8395 306720
28.8567 308160
28.8739 309600
28.8906 311040
28.9078 312480
28.9255 313920
28.9427 315360
28.96 316800
28.9776 318240
28.9953 319680
29.0087 321120
29.0221 322560
29.0355 324000
29.0489 325440
29.0623 326880
29.0757 328320
29.0895 329760
29.1034 331200
29.1168 332640
29.1306 334080
29.1445 335520
29.1584 336960
29.1727 338400
29.1866 339840
29.2004 341280
29.2148 342720
29.2291 344160
29.2435 345600
29.2578 347040
29.2721 348480
29.2865 349920
29.3008 351360
29.3156 352800
29.3305 354240
29.3448 355680
29.3596 357120
29.3745 358560
29.3893 360000
29.4046 361440
29.4194 362880
29.4342 364320
29.4495 365760
29.4648 367200
29.4801 368640
29.4954 370080
29.5107 371520
29.526 372960
29.5413 374400
29.5571 375840
29.5729 377280
29.5882 378720
29.6039 380160
29.6197 381600
29.6355 383040
29.6517 384480
29.6675 385920
29.6833 387360
29.6995 388800
29.7158 390240
29.7321 391680
29.7483 393120
29.7646 394560
29.7808 396000
29.7971 397440
29.8138 398880
29.8305 400320
29.8468 401760
29.8635 403200
29.8803 404640
29.897 406080
29.914 249120
30.0053 253440
30.0153 254880
30.0299 256320
30.044 257760
30.0583 259200
30.0727 260640
30.087 262080
30.1018 263520
30.1162 264960
30.131 266400
30.1458 267840
30.1606 269280
30.1755 270720
30.1903 272160
30.2056 273600
30.2204 275040
30.2357 276480
30.251 277920
30.2663 279360
30.2821 280800
30.2974 282240
30.3132 283680
30.3289 285120
30.3447 286560
30.3605 288000
30.3763 289440
30.3925 290880
30.4083 292320
30.4245 293760
30.4408 295200
30.4571 296640
30.4738 298080
30.49 299520
30.5068 300960
30.5235 302400
30.5402 303840
30.557 305280
30.5737 306720
30.5909 308160
30.6077 309600
30.6249 311040
30.6421 312480
30.6593 313920
30.677 315360
30.6942 316800
30.7119 318240
30.7296 319680
30.7429 321120
30.7563 322560
30.7697 324000
30.7831 325440
30.7965 326880
30.8099 328320
30.8237 329760
30.8371 331200
30.851 332640
30.8649 334080
30.8787 335520
30.8926 336960
30.9065 338400
30.9208 339840
30.9347 341280
30.949 342720
30.9633 344160
30.9777 345600
30.992 347040
31.0064 348480
31.0207 349920
31.0351 351360
31.0499 352800
31.0642 354240
31.079 355680
31.0939 357120
31.1087 358560
31.1235 360000
31.1383 361440
31.1536 362880
31.1684 364320
31.1837 365760
31.199 367200
31.2143 368640
31.2296 370080
31.2449 371520
31.2602 372960
31.2755 374400
31.2913 375840
31.3066 377280
31.3224 378720
31.3382 380160
31.3539 381600
31.3697 383040
31.3855 384480
31.4017 385920
31.4175 387360
31.4338 388800
31.45 390240
31.4663 391680
31.4825 393120
31.4988 394560
31.515 396000
31.5313 397440
31.548 398880
31.5643 400320
31.581 401760
31.5978 403200
31.6145 404640
31.6312 406080
31.6482 249120
31.7395 253440
31.7495 254880
31.7641 256320
31.7782 257760
31.7926 259200
31.8069 260640
31.8213 262080
31.8361 263520
31.8504 264960
31.8652 266400
31.8801 267840
31.8949 269280
31.9097 270720
31.9245 272160
31.9398 273600
31.9546 275040
31.9699 276480
31.9852 277920
32.0005 279360
32.0163 280800
32.0316 282240
32.0474 283680
32.0632 285120
32.0789 286560
32.0947 288000
32.1105 289440
32.1267 290880
32.1425 292320
32.1588 293760
32.175 295200
32.1913 296640
32.208 298080
32.2243 299520
32.241 300960
32.2577 302400
32.2745 303840
32.2912 305280
32.3079 306720
32.3251 308160
32.3419 309600
32.3591 311040
32.3763 312480
32.3935 313920
32.4112 315360
32.4284 316800
32.4461 318240
32.4638 319680
32.4772 321120
32.4901 322560
32.5035 324000
32.5173 325440
32.5307 326880
32.5441 328320
32.558 329760
32.5714 331200
32.5852 332640
32.5991 334080
32.613 335520
32.6268 336960
32.6407 338400
32.655 339840
32.6689 341280
32.6832 342720
32.6976 344160
32.7114 345600
32.7258 347040
32.7406 348480
32.7549 349920
32.7693 351360
32.7841 352800
32.7984 354240
32.8133 355680
32.8281 357120
32.8429 358560
32.8577 360000
32.8725 361440
32.8878 362880
32.9027 364320
32.918 365760
32.9333 367200
32.9481 368640
32.9634 370080
32.9792 371520
32.9945 372960
33.0098 374400
33.0255 375840
33.0408 377280
33.0566 378720
33.0724 380160
33.0882 381600
33.1039 383040
33.1197 384480
33.136 385920
33.1517 387360
33.168 388800
33.1843 390240
33.2 391680
33.2163 393120
33.233 394560
33.2493 396000
33.2655 397440
33.2823 398880
33.2985 400320
33.3152 401760
33.332 403200
33.3487 404640
33.3654 406080
33.3824 249120
33.4737 253440
33.4833 254880
33.4979 256320
33.5125 257760
33.5268 259200
33.5411 260640
33.5555 262080
33.5698 263520
33.5846 264960
33.5995 266400
33.6138 267840
33.6286 269280
33.6439 270720
33.6587 272160
33.6736 273600
33.6889 275040
33.7042 276480
33.7195 277920
33.7348 279360
33.7501 280800
33.7658 282240
33.7816 283680
33.7969 285120
33.8127 286560
33.8289 288000
33.8447 289440
33.8605 290880
33.8767 292320
33.893 293760
33.9093 295200
33.9255 296640
33.9418 298080
33.9585 299520
33.9752 300960
33.9915 302400
34.0082 303840
34.0254 305280
34.0422 306720
34.0589 308160
34.0761 309600
34.0933 311040
34.1105 312480
34.1277 313920
34.145 315360
34.1626 316800
34.1803 318240
34.1975 319680
34.2109 321120
34.2243 322560
34.2377 324000
34.2511 325440
34.2645 326880
34.2783 328320
34.2917 329760
34.3056 331200
34.3195 332640
34.3333 334080
34.3472 335520
34.361 336960
34.3749 338400
34.3888 339840
34.4031 341280
34.417 342720
34.4313 344160
34.4457 345600
34.46 347040
34.4743 348480
34.4887 349920
34.5035 351360
34.5179 352800
34.5327 354240
34.5475 355680
34.5623 357120
34.5771 358560
34.592 360000
34.6068 361440
34.6216 362880
34.6369 364320
34.6517 365760
34.667 367200
34.6823 368640
34.6976 370080
34.7129 371520
34.7282 372960
34.744 374400
34.7593 375840
34.7751 377280
34.7908 378720
34.8066 380160
34.8224 381600
34.8382 383040
34.8539 384480
34.8697 385920
34.886 387360
34.9017 388800
34.918 390240
34.9343 391680
34.9505 393120
34.9668 394560
34.983 396000
34.9998 397440
35.016 398880
35.0327 400320
35.0495 401760
35.0662 403200
35.0829 404640
35.0997 406080
35.1166 249120
35.208 253440
35.2175 254880
35.2321 256320
35.2467 257760
35.2605 259200
35.2749 260640
35.2897 262080
35.3041 263520
35.3184 264960
35.3332 266400
35.348 267840
35.3629 269280
35.3777 270720
35.3925 272160
35.4078 273600
35.4231 275040
35.4379 276480
35.4532 277920
35.469 279360
35.4843 280800
35.4996 282240
35.5154 283680
35.5311 285120
35.5469 286560
35.5627 288000
35.5785 289440
35.5947 290880
35.611 292320
35.6268 293760
35.643 295200
35.6597 296640
35.676 298080
35.6923 299520
35.709 300960
35.7257 302400
35.7424 303840
35.7592 305280
35.7759 306720
35.7931 308160
35.8103 309600
35.8271 311040
35.8443 312480
35.862 313920
35.8792 315360
35.8964 316800
35.9141 318240
35.9318 319680
35.9452 321120
35.9585 322560
35.9719 324000
35.9853 325440
35.9987 326880
36.0121 328320
36.0259 329760
36.0398 331200
36.0532 332640
36.0671 334080
36.0809 335520
36.0948 336960
36.1091 338400
36.123 339840
36.1369 341280
36.1512 342720
36.1655 344160
36.1799 345600
36.1942 347040
36.2086 348480
36.2229 349920
36.2373 351360
36.2521 352800
36.2669 354240
36.2812 355680
36.2961 357120
36.3109 358560
36.3257 360000
36.341 361440
36.3558 362880
36.3706 364320
36.3859 365760
36.4012 367200
36.4165 368640
36.4318 370080
36.4471 371520
36.4624 372960
36.4777 374400
36.4935 375840
36.5093 377280
36.5246 378720
36.5404 380160
36.5561 381600
36.5719 383040
36.5882 384480
36.6039 385920
36.6197 387360
36.636 388800
36.6522 390240
36.6685 391680
36.6847 393120
36.701 394560
36.7173 396000
36.7335 397440
36.7502 398880
36.767 400320
36.7832 401760
36.8 403200
36.8167 404640
36.8334 406080
36.8504 249120
36.9417 253440
36.9517 254880
36.9663 256320
36.9804 257760
36.9948 259200
37.0091 260640
37.0235 262080
37.0383 263520
37.0526 264960
37.0674 266400
37.0823 267840
37.0971 269280
37.1119 270720
37.1267 272160
37.142 273600
37.1568 275040
37.1721 276480
37.1874 277920
37.2027 279360
37.2185 280800
37.2338 282240
37.2496 283680
37.2654 285120
37.2811 286560
37.2969 288000
37.3127 289440
37.329 290880
37.3447 292320
37.361 293760
37.3772 295200
37.3935 296640
37.4102 298080
37.4265 299520
37.4432 300960
37.4599 302400
37.4767 303840
37.4934 305280
37.5101 306720
37.5274 308160
37.5441 309600
37.5613 311040
37.5785 312480
37.5957 313920
37.6134 315360
37.6306 316800
37.6483 318240
37.666 319680
37.6794 321120
37.6928 322560
37.7062 324000
37.7195 325440
37.7329 326880
37.7463 328320
37.7602 329760
37.7736 331200
37.7874 332640
37.8013 334080
37.8152 335520
37.829 336960
37.8429 338400
37.8572 339840
37.8711 341280
37.8854 342720
37.8998 344160
37.9141 345600
37.9285 347040
37.9428 348480
37.9571 349920
37.9715 351360
37.9863 352800
38.0007 354240
38.0155 355680
38.0303 357120
38.0451 358560
38.0599 360000
38.0748 361440
38.0901 362880
38.1049 364320
38.1202 365760
38.1355 367200
38.1508 368640
38.1661 370080
38.1814 371520
38.1967 372960
38.212 374400
38.2277 375840
38.243 377280
38.2588 378720
38.2746 380160
38.2904 381600
38.3061 383040
38.3219 384480
38.3382 385920
38.354 387360
38.3702 388800
38.3865 390240
38.4027 391680
38.419 393120
38.4352 394560
38.4515 396000
38.4677 397440
38.4845 398880
38.5007 400320
38.5175 401760
38.5342 403200
38.5509 404640
38.5677 406080
38.5846 249120
38.6759 253440
38.686 254880
38.7006 256320
38.7147 257760
38.729 259200
38.7433 260640
38.7577 262080
38.7725 263520
38.7868 264960
38.8017 266400
38.8165 267840
38.8313 269280
38.8461 270720
38.861 272160
38.8763 273600
38.8911 275040
38.9064 276480
38.9217 277920
38.937 279360
38.9527 280800
38.968 282240
38.9838 283680
38.9996 285120
39.0154 286560
39.0311 288000
39.0469 289440
39.0632 290880
39.079 292320
39.0952 293760
39.1115 295200
39.1277 296640
39.1445 298080
39.1607 299520
39.1774 300960
39.1942 302400
39.2109 303840
39.2276 305280
39.2444 306720
39.2616 308160
39.2783 309600
39.2955 311040
39.3127 312480
39.3299 313920
39.3476 315360
39.3648 316800
39.3825 318240
39.4002 319680
39.4136 321120
39.4265 322560
39.4399 324000
39.4538 325440
39.4672 326880
39.4805 328320
39.4944 329760
39.5078 331200
39.5217 332640
39.5355 334080
39.5494 335520
39.5632 336960
39.5771 338400
39.5915 339840
39.6053 341280
39.6197 342720
39.634 344160
39.6479 345600
39.6622 347040
39.677 348480
39.6914 349920
39.7057 351360
39.7205 352800
39.7349 354240
39.7497 355680
39.7645 357120
39.7793 358560
39.7942 360000
39.809 361440
39.8243 362880
39.8391 364320
39.8544 365760
39.8697 367200
39.8845 368640
39.8998 370080
39.9156 371520
39.9309 372960
39.9462 374400
39.962 375840
39.9773 377280
39.993 378720
40.0088 380160
40.0246 381600
40.0404 383040
40.0561 384480
40.0724 385920
40.0882 387360
40.1044 388800
40.1207 390240
40.1365 391680
40.1527 393120
40.1695 394560
40.1857 396000
40.202 397440
40.2187 398880
40.2349 400320
40.2517 401760
40.2684 403200
40.2851 404640
40.3019 406080
40.3189 249120
40.4102 253440
40.4197 254880
40.4343 256320
40.4489 257760
40.4632 259200
40.4776 260640
40.4919 262080
40.5063 263520
40.5211 264960
40.5359 266400
40.5502 267840
40.5651 269280
40.5804 270720
40.5952 272160
40.61 273600
40.6253 275040
40.6406 276480
40.6559 277920
40.6712 279360
40.6865 280800
40.7023 282240
40.718 283680
40.7333 285120
40.7491 286560
40.7654 288000
40.7812 289440
40.7969 290880
40.8132 292320
40.8294 293760
40.8457 295200
40.8619 296640
40.8782 298080
40.8949 299520
40.9117 300960
40.9279 302400
40.9447 303840
40.9619 305280
40.9786 306720
40.9953 308160
41.0125 309600
41.0298 311040
41.047 312480
41.0642 313920
41.0814 315360
41.0991 316800
41.1168 318240
41.134 319680
41.1474 321120
41.1607 322560
41.1741 324000
41.1875 325440
41.2009 326880
41.2148 328320
41.2282 329760
41.242 331200
41.2559 332640
41.2697 334080
41.2836 335520
41.2975 336960
41.3113 338400
41.3252 339840
41.3395 341280
41.3534 342720
41.3678 344160
41.3821 345600
41.3964 347040
41.4108 348480
41.4251 349920
41.4399 351360
41.4543 352800
41.4691 354240
41.4839 355680
41.4987 357120
41.5136 358560
41.5284 360000
41.5432 361440
41.558 362880
41.5733 364320
41.5881 365760
41.6034 367200
41.6187 368640
41.634 370080
41.6493 371520
41.6646 372960
41.6804 374400
41.6957 375840
41.7115 377280
41.7273 378720
41.743 380160
41.7588 381600
41.7746 383040
41.7904 384480
41.8062 385920
41.8224 387360
41.8382 388800
41.8544 390240
41.8707 391680
41.8869 393120
41.9032 394560
41.9195 396000
41.9362 397440
41.9524 398880
41.9692 400320
41.9859 401760
42.0026 403200
42.0194 404640
42.0361 406080
42.0531 249120
42.1444 253440
42.154 254880
42.1685 256320
42.1831 257760
42.197 259200
42.2113 260640
42.2261 262080
42.2405 263520
42.2548 264960
42.2696 266400
42.2845 267840
42.2993 269280
42.3141 270720
42.3289 272160
42.3442 273600
42.3595 275040
42.3743 276480
42.3896 277920
42.4054 279360
42.4207 280800
42.436 282240
42.4518 283680
42.4676 285120
42.4833 286560
42.4991 288000
42.5149 289440
42.5312 290880
42.5474 292320
42.5632 293760
42.5794 295200
42.5962 296640
42.6124 298080
42.6287 299520
42.6454 300960
42.6622 302400
42.6789 303840
42.6956 305280
42.7123 306720
42.7296 308160
42.7468 309600
42.7635 311040
42.7807 312480
42.7984 313920
42.8156 315360
42.8328 316800
42.8505 318240
42.8682 319680
42.8816 321120
42.895 322560
42.9084 324000
42.9217 325440
42.9351 326880
42.9485 328320
42.9624 329760
42.9762 331200
42.9896 332640
43.0035 334080
43.0174 335520
43.0312 336960
43.0456 338400
43.0594 339840
43.0733 341280
43.0876 342720
43.102 344160
43.1163 345600
43.1307 347040
43.145 348480
43.1594 349920
43.1737 351360
43.1885 352800
43.2033 354240
43.2177 355680
43.2325 357120
43.2473 358560
43.2621 360000
43.2774 361440
43.2923 362880
43.3071 364320
43.3224 365760
43.3377 367200
43.353 368640
43.3683 370080
43.3836 371520
43.3989 372960
43.4142 374400
43.4299 375840
43.4457 377280
43.461 378720
43.4768 380160
43.4926 381600
43.5083 383040
43.5246 384480
43.5404 385920
43.5562 387360
43.5724 388800
43.5887 390240
43.6049 391680
43.6212 393120
43.6374 394560
43.6537 396000
43.6699 397440
43.6867 398880
43.7034 400320
43.7197 401760
43.7364 403200
43.7531 404640
43.7699 406080
43.7868 249120
43.8781 253440
43.8882 254880
43.9028 256320
43.9169 257760
43.9312 259200
43.9456 260640
43.9599 262080
43.9747 263520
43.9891 264960
44.0039 266400
44.0187 267840
44.0335 269280
44.0483 270720
44.0632 272160
44.0785 273600
44.0933 275040
44.1086 276480
44.1239 277920
44.1392 279360
44.1549 280800
44.1702 282240
44.186 283680
44.2018 285120
44.2176 286560
44.2334 288000
44.2491 289440
44.2654 290880
44.2812 292320
44.2974 293760
44.3137 295200
44.3299 296640
44.3467 298080
44.3629 299520
44.3796 300960
44.3964 302400
44.4131 303840
44.4298 305280
44.4466 306720
44.4638 308160
44.4805 309600
44.4977 311040
44.5149 312480
44.5322 313920
44.5498 315360
44.5671 316800
44.5847 318240
44.6024 319680
44.6158 321120
44.6292 322560
44.6426 324000
44.656 325440
44.6694 326880
44.6827 328320
44.6966 329760
44.71 331200
44.7239 332640
44.7377 334080
44.7516 335520
44.7655 336960
44.7793 338400
44.7937 339840
44.8075 341280
44.8219 342720
44.8362 344160
44.8506 345600
44.8649 347040
44.8792 348480
44.8936 349920
44.9079 351360
44.9227 352800
44.9371 354240
44.9519 355680
44.9667 357120
44.9815 358560
44.9964 360000
45.0112 361440
45.0265 362880
45.0413 364320
45.0566 365760
45.0719 367200
45.0872 368640
45.1025 370080
45.1178 371520
45.1331 372960
45.1484 374400
45.1642 375840
45.1795 377280
45.1952 378720
45.211 380160
45.2268 381600
45.2426 383040
45.2584 384480
45.2746 385920
45.2904 387360
45.3066 388800
45.3229 390240
45.3391 391680
45.3554 393120
45.3717 394560
45.3879 396000
45.4042 397440
45.4209 398880
45.4372 400320
45.4539 401760
45.4706 403200
45.4874 404640
45.5041 406080
45.5211 249120
45.6124 253440
45.6224 254880
45.637 256320
45.6511 257760
45.6654 259200
45.6798 260640
45.6941 262080
45.7089 263520
45.7233 264960
45.7381 266400
45.7529 267840
45.7677 269280
45.7826 270720
45.7974 272160
45.8127 273600
45.8275 275040
45.8428 276480
45.8581 277920
45.8734 279360
45.8892 280800
45.9045 282240
45.9203 283680
45.936 285120
45.9518 286560
45.9676 288000
45.9834 289440
45.9996 290880
46.0154 292320
46.0316 293760
46.0479 295200
46.0642 296640
46.0809 298080
46.0971 299520
46.1139 300960
46.1306 302400
46.1473 303840
46.1641 305280
46.1808 306720
46.198 308160
46.2147 309600
46.232 311040
46.2492 312480
46.2664 313920
46.2841 315360
46.3013 316800
46.319 318240
46.3367 319680
46.35 321120
46.363 322560
46.3763 324000
46.3902 325440
46.4036 326880
46.417 328320
46.4308 329760
46.4442 331200
46.4581 332640
46.472 334080
46.4858 335520
46.4997 336960
46.5135 338400
46.5279 339840
46.5418 341280
46.5561 342720
46.5704 344160
46.5843 345600
46.5986 347040
46.6135 348480
46.6278 349920
46.6421 351360
46.657 352800
46.6713 354240
46.6861 355680
46.701 357120
46.7158 358560
46.7306 360000
46.7454 361440
46.7607 362880
46.7755 364320
46.7908 365760
46.8061 367200
46.821 368640
46.8362 370080
46.852 371520
46.8673 372960
46.8826 374400
46.8984 375840
46.9137 377280
46.9295 378720
46.9453 380160
46.961 381600
46.9768 383040
46.9926 384480
47.0088 385920
47.0246 387360
47.0409 388800
47.0571 390240
47.0729 391680
47.0892 393120
47.1059 394560
47.1221 396000
47.1384 397440
47.1551 398880
47.1714 400320
47.1881 401760
47.2048 403200
47.2216 404640
47.2383 406080
47.2553 249120
47.3466 253440
47.3562 254880
47.3707 256320
47.3853 257760
47.3997 259200
47.414 260640
47.4283 262080
47.4427 263520
47.4575 264960
47.4723 266400
47.4867 267840
47.5015 269280
47.5168 270720
47.5316 272160
47.5464 273600
47.5617 275040
47.577 276480
47.5923 277920
47.6076 279360
47.6229 280800
47.6387 282240
47.6545 283680
47.6698 285120
47.6856 286560
47.7018 288000
47.7176 289440
47.7334 290880
47.7496 292320
47.7659 293760
47.7821 295200
47.7984 296640
47.8146 298080
47.8314 299520
47.8481 300960
47.8644 302400
47.8811 303840
47.8983 305280
47.915 306720
47.9318 308160
47.949 309600
47.9662 311040
47.9834 312480
48.0006 313920
48.0178 315360
48.0355 316800
48.0532 318240
48.0704 319680
48.0838 321120
48.0972 322560
48.1106 324000
48.124 325440
48.1373 326880
48.1512 328320
48.1646 329760
48.1785 331200
48.1923 332640
48.2062 334080
48.22 335520
48.2339 336960
48.2478 338400
48.2616 339840
48.276 341280
48.2898 342720
48.3042 344160
48.3185 345600
48.3329 347040
48.3472 348480
48.3616 349920
48.3764 351360
48.3907 352800
48.4055 354240
48.4204 355680
48.4352 357120
48.45 358560
48.4648 360000
48.4796 361440
48.4945 362880
48.5098 364320
48.5246 365760
48.5399 367200
48.5552 368640
48.5705 370080
48.5858 371520
48.6011 372960
48.6169 374400
48.6321 375840
48.6479 377280
48.6637 378720
48.6795 380160
48.6953 381600
48.711 383040
48.7268 384480
48.7426 385920
48.7588 387360
48.7746 388800
48.7909 390240
48.8071 391680
48.8234 393120
48.8396 394560
48.8559 396000
48.8726 397440
48.8889 398880
48.9056 400320
48.9223 401760
48.9391 403200
48.9558 404640
48.9725 406080
48.9895 249120
49.0808 253440
49.0904 254880
49.105 256320
49.1195 257760
49.1334 259200
49.1478 260640
49.1626 262080
49.1769 263520
49.1913 264960
49.2061 266400
49.2209 267840
49.2357 269280
49.2505 270720
49.2654 272160
49.2807 273600
49.296 275040
49.3108 276480
49.3261 277920
49.3419 279360
49.3572 280800
49.3725 282240
49.3882 283680
49.404 285120
49.4198 286560
49.4356 288000
49.4513 289440
49.4676 290880
49.4838 292320
49.4996 293760
49.5159 295200
49.5326 296640
49.5489 298080
49.5651 299520
49.5819 300960
49.5986 302400
49.6153 303840
49.632 305280
49.6488 306720
49.666 308160
49.6832 309600
49.6999 311040
49.7171 312480
49.7348 313920
49.752 315360
49.7693 316800
49.7869 318240
49.8046 319680
49.818 321120
49.8314 322560
49.8448 324000
49.8582 325440
49.8716 326880
49.885 328320
49.8988 329760
49.9127 331200
49.9261 332640
49.9399 334080
49.9538 335520
49.9677 336960
49.982 338400
49.9959 339840
50.0097 341280
50.0241 342720
50.0384 344160
50.0528 345600
50.0671 347040
50.0814 348480
50.0958 349920
50.1101 351360
50.1249 352800
50.1398 354240
50.1541 355680
50.1689 357120
50.1838 358560
50.1986 360000
50.2139 361440
50.2287 362880
50.2435 364320
50.2588 365760
50.2741 367200
50.2894 368640
50.3047 370080
50.32 371520
50.3353 372960
50.3506 374400
50.3664 375840
50.3822 377280
50.3975 378720
50.4132 380160
50.429 381600
50.4448 383040
50.461 384480
50.4768 385920
50.4926 387360
50.5088 388800
50.5251 390240
50.5414 391680
50.5576 393120
50.5739 394560
50.5901 396000
50.6064 397440
50.6231 398880
50.6398 400320
50.6561 401760
50.6728 403200
50.6896 404640
50.7063 406080
50.7233 249120
50.8146 253440
50.8246 254880
50.8392 256320
50.8533 257760
50.8676 259200
50.882 260640
50.8963 262080
50.9111 263520
50.9255 264960
50.9403 266400
50.9551 267840
50.97 269280
50.9848 270720
50.9996 272160
51.0149 273600
51.0297 275040
51.045 276480
51.0603 277920
51.0756 279360
51.0914 280800
51.1067 282240
51.1225 283680
51.1382 285120
51.154 286560
51.1698 288000
51.1856 289440
51.2018 290880
51.2176 292320
51.2338 293760
51.2501 295200
51.2664 296640
51.2831 298080
51.2993 299520
51.3161 300960
51.3328 302400
51.3495 303840
51.3663 305280
51.383 306720
51.4002 308160
51.417 309600
51.4342 311040
51.4514 312480
51.4686 313920
51.4863 315360
51.5035 316800
51.5212 318240
51.5389 319680
51.5522 321120
51.5656 322560
51.579 324000
51.5924 325440
51.6058 326880
51.6192 328320
51.633 329760
51.6464 331200
51.6603 332640
51.6742 334080
51.688 335520
51.7019 336960
51.7158 338400
51.7301 339840
51.744 341280
51.7583 342720
51.7726 344160
51.787 345600
51.8013 347040
51.8157 348480
51.83 349920
51.8444 351360
51.8592 352800
51.8735 354240
51.8883 355680
51.9032 357120
51.918 358560
51.9328 360000
51.9476 361440
51.9629 362880
51.9777 364320
51.993 365760
52.0083 367200
52.0236 368640
52.0389 370080
52.0542 371520
52.0695 372960
52.0848 374400
52.1006 375840
52.1159 377280
52.1317 378720
52.1475 380160
52.1632 381600
52.179 383040
52.1948 384480
52.211 385920
52.2268 387360
52.2431 388800
52.2593 390240
52.2756 391680
52.2918 393120
52.3081 394560
52.3243 396000
52.3406 397440
52.3573 398880
52.3736 400320
52.3903 401760
52.4071 403200
52.4238 404640
52.4405 406080
52.4575 249120
52.5488 253440
52.5588 254880
52.5734 256320
52.5875 257760
52.6019 259200
52.6162 260640
52.6306 262080
52.6454 263520
52.6597 264960
52.6745 266400
52.6894 267840
52.7042 269280
52.719 270720
52.7338 272160
52.7491 273600
52.7639 275040
52.7792 276480
52.7945 277920
52.8098 279360
52.8256 280800
52.8409 282240
52.8567 283680
52.8725 285120
52.8882 286560
52.904 288000
52.9198 289440
52.936 290880
52.9518 292320
52.9681 293760
52.9843 295200
53.0006 296640
53.0173 298080
53.0336 299520
53.0503 300960
53.067 302400
53.0838 303840
53.1005 305280
53.1172 306720
53.1344 308160
53.1512 309600
53.1684 311040
53.1856 312480
53.2028 313920
53.2205 315360
53.2377 316800
53.2554 318240
53.2731 319680
53.2865 321120
53.2994 322560
53.3128 324000
53.3266 325440
53.34 326880
53.3534 328320
53.3673 329760
53.3807 331200
53.3945 332640
53.4084 334080
53.4223 335520
53.4361 336960
53.45 338400
53.4643 339840
53.4782 341280
53.4925 342720
53.5069 344160
53.5207 345600
53.5351 347040
53.5499 348480
53.5642 349920
53.5786 351360
53.5934 352800
53.6077 354240
53.6226 355680
53.6374 357120
53.6522 358560
53.667 360000
53.6818 361440
53.6971 362880
53.712 364320
53.7273 365760
53.7426 367200
53.7574 368640
53.7727 370080
53.7885 371520
53.8038 372960
53.8191 374400
53.8348 375840
53.8501 377280
53.8659 378720
53.8817 380160
53.8975 381600
53.9132 383040
53.929 384480
53.9453 385920
53.961 387360
53.9773 388800
53.9936 390240
54.0093 391680
54.0256 393120
54.0423 394560
54.0586 396000
54.0748 397440
54.0916 398880
54.1078 400320
54.1245 401760
54.1413 403200
54.158 404640
54.1747 406080
54.1917 249120
54.283 253440
54.2926 254880
54.3072 256320
54.3218 257760
54.3361 259200
54.3504 260640
54.3648 262080
54.3791 263520
54.3939 264960
54.4088 266400
54.4231 267840
54.4379 269280
54.4532 270720
54.468 272160
54.4829 273600
54.4982 275040
54.5135 276480
54.5288 277920
54.5441 279360
54.5594 280800
54.5751 282240
54.5909 283680
54.6062 285120
54.622 286560
54.6382 288000
54.654 289440
54.6698 290880
54.6861 292320
54.7023 293760
54.7186 295200
54.7348 296640
54.7511 298080
54.7678 299520
54.7845 300960
54.8008 302400
54.8175 303840
54.8347 305280
54.8515 306720
54.8682 308160
54.8854 309600
54.9026 311040
54.9198 312480
54.937 313920
54.9543 315360
54.9719 316800
54.9896 318240
55.0068 319680
55.0202 321120
55.0336 322560
55.047 324000
55.0604 325440
55.0738 326880
55.0876 328320
55.101 329760
55.1149 331200
55.1288 332640
55.1426 334080
55.1565 335520
55.1703 336960
55.1842 338400
55.1981 339840
55.2124 341280
55.2263 342720
55.2406 344160
55.255 345600
55.2693 347040
55.2836 348480
55.298 349920
55.3128 351360
55.3272 352800
55.342 354240
55.3568 355680
55.3716 357120
55.3864 358560
55.4013 360000
55.4161 361440
55.4309 362880
55.4462 364320
55.461 365760
55.4763 367200
55.4916 368640
55.5069 370080
55.5222 371520
55.5375 372960
55.5533 374400
55.5686 375840
55.5844 377280
55.6001 378720
55.6159 380160
55.6317 381600
55.6475 383040
55.6632 384480
55.679 385920
55.6953 387360
55.7111 388800
55.7273 390240
55.7436 391680
55.7598 393120
55.7761 394560
55.7923 396000
55.8091 397440
55.8253 398880
55.842 400320
55.8588 401760
55.8755 403200
55.8922 404640
55.909 406080
55.9259 249120
56.0173 253440
56.0268 254880
56.0414 256320
56.056 257760
56.0698 259200
56.0842 260640
56.099 262080
56.1134 263520
56.1277 264960
56.1425 266400
56.1573 267840
56.1722 269280
56.187 270720
56.2018 272160
56.2171 273600
56.2324 275040
56.2472 276480
56.2625 277920
56.2783 279360
56.2936 280800
56.3089 282240
56.3247 283680
56.3404 285120
56.3562 286560
56.372 288000
56.3878 289440
56.404 290880
56.4203 292320
56.4361 293760
56.4523 295200
56.469 296640
56.4853 298080
56.5016 299520
56.5183 300960
56.535 302400
56.5518 303840
56.5685 305280
56.5852 306720
56.6024 308160
56.6196 309600
56.6364 311040
56.6536 312480
56.6713 313920
56.6885 315360
56.7057 316800
56.7234 318240
56.7411 319680
56.7545 321120
56.7678 322560
56.7812 324000
56.7946 325440
56.808 326880
56.8214 328320
56.8353 329760
56.8491 331200
56.8625 332640
56.8764 334080
56.8902 335520
56.9041 336960
56.9184 338400
56.9323 339840
56.9462 341280
56.9605 342720
56.9748 344160
56.9892 345600
57.0035 347040
57.0179 348480
57.0322 349920
57.0466 351360
57.0614 352800
57.0762 354240
57.0905 355680
57.1054 357120
57.1202 358560
57.135 360000
57.1503 361440
57.1651 362880
57.1799 364320
57.1952 365760
57.2105 367200
57.2258 368640
57.2411 370080
57.2564 371520
57.2717 372960
57.287 374400
57.3028 375840
57.3186 377280
57.3339 378720
57.3497 380160
57.3654 381600
57.3812 383040
57.3975 384480
57.4132 385920
57.429 387360
57.4453 388800
57.4615 390240
57.4778 391680
57.494 393120
57.5103 394560
57.5266 396000
57.5428 397440
57.5595 398880
57.5763 400320
57.5925 401760
57.6093 403200
57.626 404640
57.6427 406080
57.6597 249120
57.751 253440
57.761 254880
57.7756 256320
57.7897 257760
57.8041 259200
57.8184 260640
57.8328 262080
57.8476 263520
57.8619 264960
57.8767 266400
57.8916 267840
57.9064 269280
57.9212 270720
57.936 272160
57.9513 273600
57.9661 275040
57.9814 276480
57.9967 277920
58.012 279360
58.0278 280800
58.0431 282240
58.0589 283680
58.0747 285120
58.0904 286560
58.1062 288000
58.122 289440
58.1383 290880
58.154 292320
58.1703 293760
58.1865 295200
58.2028 296640
58.2195 298080
58.2358 299520
58.2525 300960
58.2692 302400
58.286 303840
58.3027 305280
58.3194 306720
58.3367 308160
58.3534 309600
58.3706 311040
58.3878 312480
58.405 313920
58.4227 315360
58.4399 316800
58.4576 318240
58.4753 319680
58.4887 321120
58.5021 322560
58.5155 324000
58.5288 325440
58.5422 326880
58.5556 328320
58.5695 329760
58.5829 331200
58.5967 332640
58.6106 334080
58.6245 335520
58.6383 336960
58.6522 338400
58.6665 339840
58.6804 341280
58.6947 342720
58.7091 344160
58.7234 345600
58.7378 347040
58.7521 348480
58.7664 349920
58.7808 351360
58.7956 352800
58.81 354240
58.8248 355680
58.8396 357120
58.8544 358560
58.8692 360000
58.8841 361440
58.8994 362880
58.9142 364320
58.9295 365760
58.9448 367200
58.9601 368640
58.9754 370080
58.9907 371520
59.006 372960
59.0213 374400
59.037 375840
59.0523 377280
59.0681 378720
59.0839 380160
59.0997 381600
59.1154 383040
59.1312 384480
59.1475 385920
59.1633 387360
59.1795 388800
59.1958 390240
59.212 391680
59.2283 393120
59.2445 394560
59.2608 396000
59.277 397440
59.2938 398880
59.31 400320
59.3268 401760
59.3435 403200
59.3602 404640
59.377 406080
59.3939 249120
59.4852 253440
59.4953 254880
59.5099 256320
59.524 257760
59.5383 259200
59.5526 260640
59.567 262080
59.5818 263520
59.5962 264960
59.611 266400
59.6258 267840
59.6406 269280
59.6554 270720
59.6703 272160
59.6856 273600
59.7004 275040
59.7157 276480
59.731 277920
59.7463 279360
59.762 280800
59.7773 282240
59.7931 283680
59.8089 285120
59.8247 286560
59.8404 288000
59.8562 289440
59.8725 290880
59.8883 292320
59.9045 293760
59.9208 295200
59.937 296640
59.9538 298080
59.97 299520
59.9867 300960
60.0035 302400
60.0202 303840
60.0369 305280
60.0537 306720
60.0709 308160
60.0876 309600
60.1048 311040
60.122 312480
60.1392 313920
60.1569 315360
60.1741 316800
60.1918 318240
60.2095 319680
60.2229 321120
60.2358 322560
60.2492 324000
60.2631 325440
60.2765 326880
60.2898 328320
60.3037 329760
60.3171 331200
60.331 332640
60.3448 334080
60.3587 335520
60.3725 336960
60.3864 338400
60.4008 339840
60.4146 341280
60.429 342720
60.4433 344160
60.4572 345600
60.4715 347040
60.4863 348480
60.5007 349920
60.515 351360
60.5298 352800
60.5442 354240
60.559 355680
60.5738 357120
60.5886 358560
60.6035 360000
60.6183 361440
60.6336 362880
60.6484 364320
60.6637 365760
60.679 367200
60.6938 368640
60.7091 370080
60.7249 371520
60.7402 372960
60.7555 374400
60.7713 375840
60.7866 377280
60.8023 378720
60.8181 380160
60.8339 381600
60.8497 383040
60.8654 384480
60.8817 385920
60.8975 387360
60.9137 388800
60.93 390240
60.9458 391680
60.962 393120
60.9788 394560
60.995 396000
61.0113 397440
61.028 398880
61.0442 400320
61.061 401760
61.0777 403200
61.0944 404640
61.1112 406080
61.1282 249120
61.2195 253440
61.229 254880
61.2436 256320
61.2582 257760
61.2725 259200
61.2869 260640
61.3012 262080
61.3156 263520
61.3304 264960
61.3452 266400
61.3595 267840
61.3744 269280
61.3897 270720
61.4045 272160
61.4193 273600
61.4346 275040
61.4499 276480
61.4652 277920
61.4805 279360
61.4958 280800
61.5116 282240
61.5273 283680
61.5426 285120
61.5584 286560
61.5747 288000
61.5905 289440
61.6062 290880
61.6225 292320
61.6387 293760
61.655 295200
61.6712 296640
61.6875 298080
61.7042 299520
61.721 300960
61.7372 302400
61.754 303840
61.7712 305280
61.7879 306720
61.8046 308160
61.8218 309600
61.8391 311040
61.8563 312480
61.8735 313920
61.8907 315360
61.9084 316800
61.9261 318240
61.9433 319680
61.9567 321120
61.97 322560
61.9834 324000
61.9968 325440
62.0102 326880
62.0241 328320
62.0375 329760
62.0513 331200
62.0652 332640
62.079 334080
62.0929 335520
62.1068 336960
62.1206 338400
62.1345 339840
62.1488 341280
62.1627 342720
62.1771 344160
62.1914 345600
62.2057 347040
62.2201 348480
62.2344 349920
62.2492 351360
62.2636 352800
62.2784 354240
62.2932 355680
62.308 357120
62.3229 358560
62.3377 360000
62.3525 361440
62.3673 362880
62.3826 364320
62.3974 365760
62.4127 367200
62.428 368640
62.4433 370080
62.4586 371520
62.4739 372960
62.4897 374400
62.505 375840
62.5208 377280
62.5366 378720
62.5523 380160
62.5681 381600
62.5839 383040
62.5997 384480
62.6155 385920
62.6317 387360
62.6475 388800
62.6637 390240
62.68 391680
62.6962 393120
62.7125 394560
62.7288 396000
62.7455 397440
62.7617 398880
62.7785 400320
62.7952 401760
62.8119 403200
62.8287 404640
62.8454 406080
62.8624 249120
62.9537 253440
62.9633 254880
62.9778 256320
62.9924 257760
63.0063 259200
63.0206 260640
63.0354 262080
63.0498 263520
63.0641 264960
63.0789 266400
63.0938 267840
63.1086 269280
63.1234 270720
63.1382 272160
63.1535 273600
63.1688 275040
63.1836 276480
63.1989 277920
63.2147 279360
63.23 280800
63.2453 282240
63.2611 283680
63.2769 285120
63.2927 286560
63.3084 288000
63.3242 289440
63.3405 290880
63.3567 292320
63.3725 293760
63.3887 295200
63.4055 296640
63.4217 298080
63.438 299520
63.4547 300960
63.4715 302400
63.4882 303840
63.5049 305280
63.5216 306720
63.5389 308160
63.5561 309600
63.5728 311040
63.59 312480
63.6077 313920
63.6249 315360
63.6421 316800
63.6598 318240
63.6775 319680
63.6909 321120
63.7043 322560
63.7177 324000
63.731 325440
63.7444 326880
63.7578 328320
63.7717 329760
63.7855 331200
63.7989 332640
63.8128 334080
63.8267 335520
63.8405 336960
63.8549 338400
63.8687 339840
63.8826 341280
63.8969 342720
63.9113 344160
63.9256 345600
63.94 347040
63.9543 348480
63.9687 349920
63.983 351360
63.9978 352800
64.0126 354240
64.027 355680
64.0418 357120
64.0566 358560
64.0714 360000
64.0867 361440
64.1016 362880
64.1164 364320
64.1317 365760
64.147 367200
64.1623 368640
64.1776 370080
64.1929 371520
64.2082 372960
64.2235 374400
64.2392 375840
64.255 377280
64.2703 378720
64.2861 380160
64.3019 381600
64.3176 383040
64.3339 384480
64.3497 385920
64.3655 387360
64.3817 388800
64.398 390240
64.4142 391680
64.4305 393120
64.4467 394560
64.463 396000
64.4792 397440
64.496 398880
64.5127 400320
64.529 401760
64.5457 403200
64.5624 404640
64.5792 406080
64.5961 249120
64.6874 253440
64.6975 254880
64.7121 256320
64.7262 257760
64.7405 259200
64.7549 260640
64.7692 262080
64.784 263520
64.7984 264960
64.8132 266400
64.828 267840
64.8428 269280
64.8576 270720
64.8725 272160
64.8878 273600
64.9026 275040
64.9179 276480
64.9332 277920
64.9485 279360
64.9642 280800
64.9795 282240
64.9953 283680
65.0111 285120
65.0269 286560
65.0427 288000
65.0584 289440
65.0747 290880
65.0905 292320
65.1067 293760
65.123 295200
65.1392 296640
65.156 298080
65.1722 299520
65.1889 300960
65.2057 302400
65.2224 303840
65.2391 305280
65.2559 306720
65.2731 308160
65.2898 309600
65.307 311040
65.3242 312480
65.3415 313920
65.3591 315360
65.3764 316800
65.394 318240
65.4117 319680
65.4251 321120
65.4385 322560
65.4519 324000
65.4653 325440
65.4787 326880
65.492 328320
65.5059 329760
65.5193 331200
65.5332 332640
65.547 334080
65.5609 335520
65.5748 336960
65.5886 338400
65.603 339840
65.6168 341280
65.6312 342720
65.6455 344160
65.6599 345600
65.6742 347040
65.6885 348480
65.7029 349920
65.7172 351360
65.732 352800
65.7464 354240
65.7612 355680
65.776 357120
65.7908 358560
65.8057 360000
65.8205 361440
65.8358 362880
65.8506 364320
65.8659 365760
65.8812 367200
65.8965 368640
65.9118 370080
65.9271 371520
65.9424 372960
65.9577 374400
65.9735 375840
65.9888 377280
66.0045 378720
66.0203 380160
66.0361 381600
66.0519 383040
66.0677 384480
66.0839 385920
66.0997 387360
66.1159 388800
66.1322 390240
66.1484 391680
66.1647 393120
66.181 394560
66.1972 396000
66.2135 397440
66.2302 398880
66.2465 400320
66.2632 401760
66.2799 403200
66.2967 404640
66.3134 406080
66.3304 249120
66.4217 253440
66.4317 254880
66.4463 256320
66.4604 257760
66.4747 259200
66.4891 260640
66.5034 262080
66.5182 263520
66.5326 264960
66.5474 266400
66.5622 267840
66.577 269280
66.5919 270720
66.6067 272160
66.622 273600
66.6368 275040
66.6521 276480
66.6674 277920
66.6827 279360
66.6985 280800
66.7138 282240
66.7296 283680
66.7453 285120
66.7611 286560
66.7769 288000
66.7927 289440
66.8089 290880
66.8247 292320
66.8409 293760
66.8572 295200
66.8735 296640
66.8902 298080
66.9064 299520
66.9232 300960
66.9399 302400
66.9566 303840
66.9734 305280
66.9901 306720
67.0073 308160
67.024 309600
67.0413 311040
67.0585 312480
67.0757 313920
67.0934 315360
67.1106 316800
67.1283 318240
67.146 319680
67.1593 321120
67.1723 322560
67.1856 324000
67.1995 325440
67.2129 326880
67.2263 328320
67.2401 329760
67.2535 331200
67.2674 332640
67.2813 334080
67.2951 335520
67.309 336960
67.3228 338400
67.3372 339840
67.3511 341280
67.3654 342720
67.3797 344160
67.3936 345600
67.4079 347040
67.4228 348480
67.4371 349920
67.4515 351360
67.4663 352800
67.4806 354240
67.4954 355680
67.5103 357120
67.5251 358560
67.5399 360000
67.5547 361440
67.57 362880
67.5848 364320
67.6001 365760
67.6154 367200
67.6303 368640
67.6456 370080
67.6613 371520
67.6766 372960
67.6919 374400
67.7077 375840
67.723 377280
67.7388 378720
67.7546 380160
67.7703 381600
67.7861 383040
67.8019 384480
67.8181 385920
67.8339 387360
67.8502 388800
67.8664 390240
67.8822 391680
67.8985 393120
67.9152 394560
67.9314 396000
67.9477 397440
67.9644 398880
67.9807 400320
67.9974 401760
68.0141 403200
68.0309 404640
68.0476 406080
68.0646 249120
68.1559 253440
68.1655 254880
68.18 256320
68.1946 257760
68.209 259200
68.2233 260640
68.2376 262080
68.252 263520
68.2668 264960
68.2816 266400
68.296 267840
68.3108 269280
68.3261 270720
68.3409 272160
68.3557 273600
68.371 275040
68.3863 276480
68.4016 277920
68.4169 279360
68.4322 280800
68.448 282240
68.4638 283680
68.4791 285120
68.4949 286560
68.5111 288000
68.5269 289440
68.5427 290880
68.5589 292320
68.5752 293760
68.5914 295200
68.6077 296640
68.6239 298080
68.6407 299520
68.6574 300960
68.6737 302400
68.6904 303840
68.7076 305280
68.7243 306720
68.7411 308160
68.7583 309600
68.7755 311040
68.7927 312480
68.8099 313920
68.8271 315360
68.8448 316800
68.8625 318240
68.8797 319680
68.8931 321120
68.9065 322560
68.9199 324000
68.9333 325440
68.9466 326880
68.9605 328320
68.9739 329760
68.9878 331200
69.0016 332640
69.0155 334080
69.0293 335520
69.0432 336960
69.0571 338400
69.0709 339840
69.0853 341280
69.0991 342720
69.1135 344160
69.1278 345600
69.1422 347040
69.1565 348480
69.1709 349920
69.1857 351360
69.2 352800
69.2148 354240
69.2297 355680
69.2445 357120
69.2593 358560
69.2741 360000
69.2889 361440
69.3038 362880
69.3191 364320
69.3339 365760
69.3492 367200
69.3645 368640
69.3798 370080
69.3951 371520
69.4104 372960
69.4262 374400
69.4415 375840
69.4572 377280
69.473 378720
69.4888 380160
69.5046 381600
69.5203 383040
69.5361 384480
69.5519 385920
69.5681 387360
69.5839 388800
69.6002 390240
69.6164 391680
69.6327 393120
69.6489 394560
69.6652 396000
69.6819 397440
69.6982 398880
69.7149 400320
69.7316 401760
69.7484 403200
69.7651 404640
69.7818 406080
69.7988 249120
69.8901 253440
69.8997 254880
69.9143 256320
69.9289 257760
69.9427 259200
69.9571 260640
69.9719 262080
69.9862 263520
70.0006 264960
70.0154 266400
70.0302 267840
70.045 269280
70.0598 270720
70.0747 272160
70.09 273600
70.1053 275040
70.1201 276480
70.1354 277920
70.1512 279360
70.1665 280800
70.1818 282240
70.1975 283680
70.2133 285120
70.2291 286560
70.2449 288000
70.2606 289440
70.2769 290880
70.2931 292320
70.3089 293760
70.3252 295200
70.3419 296640
70.3582 298080
70.3744 299520
70.3912 300960
70.4079 302400
70.4246 303840
70.4414 305280
70.4581 306720
70.4753 308160
70.4925 309600
70.5092 311040
70.5264 312480
70.5441 313920
70.5613 315360
70.5786 316800
70.5962 318240
70.6139 319680
70.6273 321120
70.6407 322560
70.6541 324000
70.6675 325440
70.6809 326880
70.6943 328320
70.7081 329760
70.722 331200
70.7354 332640
70.7492 334080
70.7631 335520
70.777 336960
70.7913 338400
70.8052 339840
70.819 341280
70.8334 342720
70.8477 344160
70.8621 345600
70.8764 347040
70.8907 348480
70.9051 349920
70.9194 351360
70.9342 352800
70.9491 354240
70.9634 355680
70.9782 357120
70.9931 358560
71.0079 360000
71.0232 361440
71.038 362880
71.0528 364320
71.0681 365760
71.0834 367200
71.0987 368640
71.114 370080
71.1293 371520
71.1446 372960
71.1599 374400
71.1757 375840
71.1915 377280
71.2068 378720
71.2225 380160
71.2383 381600
71.2541 383040
71.2703 384480
71.2861 385920
71.3019 387360
71.3181 388800
71.3344 390240
71.3507 391680
71.3669 393120
71.3832 394560
71.3994 396000
71.4157 397440
71.4324 398880
71.4491 400320
71.4654 401760
71.4821 403200
71.4989 404640
71.5156 406080
71.5326 249120
71.6239 253440
71.6339 254880
71.6485 256320
71.6626 257760
71.6769 259200
71.6913 260640
71.7056 262080
71.7204 263520
71.7348 264960
71.7496 266400
71.7644 267840
71.7793 269280
71.7941 270720
71.8089 272160
71.8242 273600
71.839 275040
71.8543 276480
71.8696 277920
71.8849 279360
71.9007 280800
71.916 282240
71.9318 283680
71.9475 285120
71.9633 286560
71.9791 288000
71.9949 289440
72.0111 290880
72.0269 292320
72.0432 293760
72.0594 295200
72.0757 296640
72.0924 298080
72.1086 299520
72.1254 300960
72.1421 302400
72.1588 303840
72.1756 305280
72.1923 306720
72.2095 308160
72.2263 309600
72.2435 311040
72.2607 312480
72.2779 313920
72.2956 315360
72.3128 316800
72.3305 318240
72.3482 319680
72.3616 321120
72.3749 322560
72.3883 324000
72.4017 325440
72.4151 326880
72.4285 328320
72.4423 329760
72.4557 331200
72.4696 332640
72.4835 334080
72.4973 335520
72.5112 336960
72.5251 338400
72.5394 339840
72.5533 341280
72.5676 342720
72.5819 344160
72.5963 345600
72.6106 347040
72.625 348480
72.6393 349920
72.6537 351360
72.6685 352800
72.6828 354240
72.6976 355680
72.7125 357120
72.7273 358560
72.7421 360000
72.7569 361440
72.7722 362880
72.787 364320
72.8023 365760
72.8176 367200
72.8329 368640
72.8482 370080
72.8635 371520
72.8788 372960
72.8941 374400
72.9099 375840
72.9252 377280
72.941 378720
72.9568 380160
72.9725 381600
72.9883 383040
73.0041 384480
73.0203 385920
73.0361 387360
73.0524 388800
73.0686 390240
73.0849 391680
73.1011 393120
73.1174 394560
73.1336 396000
73.1499 397440
73.1666 398880
73.1829 400320
73.1996 401760
73.2164 403200
73.2331 404640
73.2498 406080
73.2668 249120
73.3581 253440
73.3681 254880
73.3827 256320
73.3968 257760
73.4112 259200
73.4255 260640
73.4399 262080
73.4547 263520
73.469 264960
73.4838 266400
73.4987 267840
73.5135 269280
73.5283 270720
73.5431 272160
73.5584 273600
73.5732 275040
73.5885 276480
73.6038 277920
73.6191 279360
73.6349 280800
73.6502 282240
73.666 283680
73.6818 285120
73.6975 286560
73.7133 288000
73.7291 289440
73.7453 290880
73.7611 292320
73.7774 293760
73.7936 295200
73.8099 296640
73.8266 298080
73.8429 299520
73.8596 300960
73.8763 302400
73.8931 303840
73.9098 305280
73.9265 306720
73.9437 308160
73.9605 309600
73.9777 311040
73.9949 312480
74.0121 313920
74.0298 315360
74.047 316800
74.0647 318240
74.0824 319680
74.0958 321120
74.1087 322560
74.1221 324000
74.1359 325440
74.1493 326880
74.1627 328320
74.1766 329760
74.19 331200
74.2038 332640
74.2177 334080
74.2316 335520
74.2454 336960
74.2593 338400
74.2736 339840
74.2875 341280
74.3018 342720
74.3162 344160
74.33 345600
74.3444 347040
74.3592 348480
74.3735 349920
74.3879 351360
74.4027 352800
74.417 354240
74.4319 355680
74.4467 357120
74.4615 358560
74.4763 360000
74.4911 361440
74.5064 362880
74.5213 364320
74.5366 365760
74.5519 367200
74.5667 368640
74.582 370080
74.5978 371520
74.6131 372960
74.6284 374400
74.6441 375840
74.6594 377280
74.6752 378720
74.691 380160
74.7068 381600
74.7225 383040
74.7383 384480
74.7546 385920
74.7703 387360
74.7866 388800
74.8029 390240
74.8186 391680
74.8349 393120
74.8516 394560
74.8679 396000
74.8841 397440
74.9009 398880
74.9171 400320
74.9338 401760
74.9506 403200
74.9673 404640
74.984 406080
75.001 249120
75.0923 253440
75.1019 254880
75.1165 256320
75.1311 257760
75.1454 259200
75.1597 260640
75.1741 262080
75.1884 263520
75.2032 264960
75.2181 266400
75.2324 267840
75.2472 269280
75.2625 270720
75.2773 272160
75.2922 273600
75.3075 275040
75.3228 276480
75.3381 277920
75.3534 279360
75.3687 280800
75.3844 282240
75.4002 283680
75.4155 285120
75.4313 286560
75.4475 288000
75.4633 289440
75.4791 290880
75.4954 292320
75.5116 293760
75.5279 295200
75.5441 296640
75.5604 298080
75.5771 299520
75.5938 300960
75.6101 302400
75.6268 303840
75.644 305280
75.6608 306720
75.6775 308160
75.6947 309600
75.7119 311040
75.7291 312480
75.7463 313920
75.7636 315360
75.7812 316800
75.7989 318240
75.8161 319680
75.8295 321120
75.8429 322560
75.8563 324000
75.8697 325440
75.8831 326880
75.8969 328320
75.9103 329760
75.9242 331200
75.9381 332640
75.9519 334080
75.9658 335520
75.9796 336960
75.9935 338400
76.0074 339840
76.0217 341280
76.0356 342720
76.0499 344160
76.0643 345600
76.0786 347040
76.0929 348480
76.1073 349920
76.1221 351360
76.1365 352800
76.1513 354240
76.1661 355680
76.1809 357120
76.1957 358560
76.2106 360000
76.2254 361440
76.2402 362880
76.2555 364320
76.2703 365760
76.2856 367200
76.3009 368640
76.3162 370080
76.3315 371520
76.3468 372960
76.3626 374400
76.3779 375840
76.3937 377280
76.4094 378720
76.4252 380160
76.441 381600
76.4568 383040
76.4725 384480
76.4883 385920
76.5046 387360
76.5204 388800
76.5366 390240
76.5529 391680
76.5691 393120
76.5854 394560
76.6016 396000
76.6184 397440
76.6346 398880
76.6513 400320
76.6681 401760
76.6848 403200
76.7015 404640
76.7183 406080
76.7352 249120
76.8266 253440
76.8361 254880
76.8507 256320
76.8653 257760
76.8791 259200
76.8935 260640
76.9083 262080
76.9227 263520
76.937 264960
76.9518 266400
76.9666 267840
76.9815 269280
76.9963 270720
77.0111 272160
77.0264 273600
77.0417 275040
77.0565 276480
77.0718 277920
77.0876 279360
77.1029 280800
77.1182 282240
77.134 283680
77.1497 285120
77.1655 286560
77.1813 288000
77.1971 289440
77.2133 290880
77.2296 292320
77.2454 293760
77.2616 295200
77.2783 296640
77.2946 298080
77.3109 299520
77.3276 300960
77.3443 302400
77.3611 303840
77.3778 305280
77.3945 306720
77.4117 308160
77.4289 309600
77.4457 311040
77.4629 312480
77.4806 313920
77.4978 315360
77.515 316800
77.5327 318240
77.5504 319680
77.5638 321120
77.5771 322560
77.5905 324000
77.6039 325440
77.6173 326880
77.6307 328320
77.6446 329760
77.6584 331200
77.6718 332640
77.6857 334080
77.6995 335520
77.7134 336960
77.7277 338400
77.7416 339840
77.7555 341280
77.7698 342720
77.7842 344160
77.7985 345600
77.8128 347040
77.8272 348480
77.8415 349920
77.8559 351360
77.8707 352800
77.8855 354240
77.8998 355680
77.9147 357120
77.9295 358560
77.9443 360000
77.9596 361440
77.9744 362880
77.9892 364320
78.0045 365760
78.0198 367200
78.0351 368640
78.0504 370080
78.0657 371520
78.081 372960
78.0963 374400
78.1121 375840
78.1279 377280
78.1432 378720
78.159 380160
78.1747 381600
78.1905 383040
78.2068 384480
78.2225 385920
78.2383 387360
78.2546 388800
78.2708 390240
78.2871 391680
78.3033 393120
78.3196 394560
78.3359 396000
78.3521 397440
78.3688 398880
78.3856 400320
78.4018 401760
78.4186 403200
78.4353 404640
78.452 406080
78.469 249120
78.5603 253440
78.5703 254880
78.5849 256320
78.599 257760
78.6134 259200
78.6277 260640
78.6421 262080
78.6569 263520
78.6712 264960
78.686 266400
78.7009 267840
78.7157 269280
78.7305 270720
78.7453 272160
78.7606 273600
78.7754 275040
78.7907 276480
78.806 277920
78.8213 279360
78.8371 280800
78.8524 282240
78.8682 283680
78.884 285120
78.8997 286560
78.9155 288000
78.9313 289440
78.9476 290880
78.9633 292320
78.9796 293760
78.9958 295200
79.0121 296640
79.0288 298080
79.0451 299520
79.0618 300960
79.0785 302400
79.0953 303840
79.112 305280
79.1287 306720
79.146 308160
79.1627 309600
79.1799 311040
79.1971 312480
79.2143 313920
79.232 315360
79.2492 316800
79.2669 318240
79.2846 319680
79.298 321120
79.3114 322560
79.3248 324000
79.3381 325440
79.3515 326880
79.3649 328320
79.3788 329760
79.3922 331200
79.406 332640
79.4199 334080
79.4338 335520
79.4476 336960
79.4615 338400
79.4758 339840
79.4897 341280
79.504 342720
79.5184 344160
79.5327 345600
79.5471 347040
79.5614 348480
79.5757 349920
79.5901 351360
79.6049 352800
79.6193 354240
79.6341 355680
79.6489 357120
79.6637 358560
79.6785 360000
79.6934 361440
79.7087 362880
79.7235 364320
79.7388 365760
79.7541 367200
79.7694 368640
79.7847 370080
79.8 371520
79.8153 372960
79.8306 374400
79.8463 375840
79.8616 377280
79.8774 378720
79.8932 380160
79.909 381600
79.9247 383040
79.9405 384480
79.9568 385920
79.9726 387360
79.9888 388800
80.0051 390240
80.0213 391680
80.0376 393120
80.0538 394560
80.0701 396000
80.0863 397440
80.1031 398880
80.1193 400320
80.1361 401760
80.1528 403200
80.1695 404640
80.1863 406080
80.2032 249120
80.2945 253440
80.3046 254880
80.3192 256320
80.3333 257760
80.3476 259200
80.3619 260640
80.3763 262080
80.3911 263520
80.4055 264960
80.4203 266400
80.4351 267840
80.4499 269280
80.4647 270720
80.4796 272160
80.4949 273600
80.5097 275040
80.525 276480
80.5403 277920
80.5556 279360
80.5713 280800
80.5866 282240
80.6024 283680
80.6182 285120
80.634 286560
80.6498 288000
80.6655 289440
80.6818 290880
80.6976 292320
80.7138 293760
80.7301 295200
80.7463 296640
80.7631 298080
80.7793 299520
80.796 300960
80.8128 302400
80.8295 303840
80.8462 305280
80.863 306720
80.8802 308160
80.8969 309600
80.9141 311040
80.9313 312480
80.9485 313920
80.9662 315360
80.9834 316800
81.0011 318240
81.0188 319680
81.0322 321120
81.0451 322560
81.0585 324000
81.0724 325440
81.0858 326880
81.0991 328320
81.113 329760
81.1264 331200
81.1403 332640
81.1541 334080
81.168 335520
81.1819 336960
81.1957 338400
81.2101 339840
81.2239 341280
81.2383 342720
81.2526 344160
81.2665 345600
81.2808 347040
81.2956 348480
81.31 349920
81.3243 351360
81.3391 352800
81.3535 354240
81.3683 355680
81.3831 357120
81.3979 358560
81.4128 360000
81.4276 361440
81.4429 362880
81.4577 364320
81.473 365760
81.4883 367200
81.5031 368640
81.5184 370080
81.5342 371520
81.5495 372960
81.5648 374400
81.5806 375840
81.5959 377280
81.6116 378720
81.6274 380160
81.6432 381600
81.659 383040
81.6747 384480
81.691 385920
81.7068 387360
81.723 388800
81.7393 390240
81.7551 391680
81.7713 393120
81.7881 394560
81.8043 396000
81.8206 397440
81.8373 398880
81.8536 400320
81.8703 401760
81.887 403200
81.9037 404640
81.9205 406080
81.9375 249120
82.0288 253440
82.0383 254880
82.0529 256320
82.0675 257760
82.0818 259200
82.0962 260640
82.1105 262080
82.1249 263520
82.1397 264960
82.1545 266400
82.1688 267840
82.1837 269280
82.199 270720
82.2138 272160
82.2286 273600
82.2439 275040
82.2592 276480
82.2745 277920
82.2898 279360
82.3051 280800
82.3209 282240
82.3366 283680
82.3519 285120
82.3677 286560
82.384 288000
82.3998 289440
82.4155 290880
82.4318 292320
82.448 293760
82.4643 295200
82.4805 296640
82.4968 298080
82.5135 299520
82.5303 300960
82.5465 302400
82.5633 303840
82.5805 305280
82.5972 306720
82.6139 308160
82.6311 309600
82.6484 311040
82.6656 312480
82.6828 313920
82.7 315360
82.7177 316800
82.7354 318240
82.7526 319680
82.766 321120
82.7793 322560
82.7927 324000
82.8061 325440
82.8195 326880
82.8334 328320
82.8468 329760
82.8606 331200
82.8745 332640
82.8884 334080
82.9022 335520
82.9161 336960
82.9299 338400
82.9438 339840
82.9581 341280
82.972 342720
82.9864 344160
83.0007 345600
83.015 347040
83.0294 348480
83.0437 349920
83.0585 351360
83.0729 352800
83.0877 354240
83.1025 355680
83.1173 357120
83.1322 358560
83.147 360000
83.1618 361440
83.1766 362880
83.1919 364320
83.2068 365760
83.222 367200
83.2373 368640
83.2526 370080
83.2679 371520
83.2832 372960
83.299 374400
83.3143 375840
83.3301 377280
83.3459 378720
83.3616 380160
83.3774 381600
83.3932 383040
83.409 384480
83.4248 385920
83.441 387360
83.4568 388800
83.473 390240
83.4893 391680
83.5055 393120
83.5218 394560
83.5381 396000
83.5548 397440
83.571 398880
83.5878 400320
83.6045 401760
83.6212 403200
83.638 404640
83.6547 406080
83.6717 249120
83.763 253440
83.7726 254880
83.7871 256320
83.8017 257760
83.8156 259200
83.8299 260640
83.8447 262080
83.8591 263520
83.8734 264960
83.8883 266400
83.9031 267840
83.9179 269280
83.9327 270720
83.9475 272160
83.9628 273600
83.9781 275040
83.9929 276480
84.0082 277920
84.024 279360
84.0393 280800
84.0546 282240
84.0704 283680
84.0862 285120
84.102 286560
84.1177 288000
84.1335 289440
84.1498 290880
84.166 292320
84.1818 293760
84.198 295200
84.2148 296640
84.231 298080
84.2473 299520
84.264 300960
84.2808 302400
84.2975 303840
84.3142 305280
84.331 306720
84.3482 308160
84.3654 309600
84.3821 311040
84.3993 312480
84.417 313920
84.4342 315360
84.4514 316800
84.4691 318240
84.4868 319680
84.5002 321120
84.5136 322560
84.527 324000
84.5403 325440
84.5537 326880
84.5671 328320
84.581 329760
84.5948 331200
84.6082 332640
84.6221 334080
84.636 335520
84.6498 336960
84.6642 338400
84.678 339840
84.6919 341280
84.7062 342720
84.7206 344160
84.7349 345600
84.7493 347040
84.7636 348480
84.778 349920
84.7923 351360
84.8071 352800
84.8219 354240
84.8363 355680
84.8511 357120
84.8659 358560
84.8807 360000
84.896 361440
84.9109 362880
84.9257 364320
84.941 365760
84.9563 367200
84.9716 368640
84.9869 370080
85.0022 371520
85.0175 372960
85.0328 374400
85.0485 375840
85.0643 377280
85.0796 378720
85.0954 380160
85.1112 381600
85.127 383040
85.1432 384480
85.159 385920
85.1748 387360
85.191 388800
85.2073 390240
85.2235 391680
85.2398 393120
85.256 394560
85.2723 396000
85.2885 397440
85.3053 398880
85.322 400320
85.3383 401760
85.355 403200
85.3717 404640
85.3885 406080
85.4054 249120
85.4967 253440
85.5068 254880
85.5214 256320
85.5355 257760
85.5498 259200
85.5642 260640
85.5785 262080
85.5933 263520
85.6077 264960
85.6225 266400
85.6373 267840
85.6521 269280
85.6669 270720
85.6818 272160
85.6971 273600
85.7119 275040
85.7272 276480
85.7425 277920
85.7578 279360
85.7736 280800
85.7888 282240
85.8046 283680
85.8204 285120
85.8362 286560
85.852 288000
85.8677 289440
85.884 290880
85.8998 292320
85.916 293760
85.9323 295200
85.9485 296640
85.9653 298080
85.9815 299520
85.9982 300960
86.015 302400
86.0317 303840
86.0484 305280
86.0652 306720
86.0824 308160
86.0991 309600
86.1163 311040
86.1335 312480
86.1508 313920
86.1684 315360
86.1857 316800
86.2033 318240
86.221 319680
86.2344 321120
86.2478 322560
86.2612 324000
86.2746 325440
86.288 326880
86.3013 328320
86.3152 329760
86.3286 331200
86.3425 332640
86.3563 334080
86.3702 335520
86.3841 336960
86.3979 338400
86.4123 339840
86.4261 341280
86.4405 342720
86.4548 344160
86.4692 345600
86.4835 347040
86.4978 348480
86.5122 349920
86.5265 351360
86.5413 352800
86.5557 354240
86.5705 355680
86.5853 357120
86.6001 358560
86.615 360000
86.6298 361440
86.6451 362880
86.6599 364320
86.6752 365760
86.6905 367200
86.7058 368640
86.7211 370080
86.7364 371520
86.7517 372960
86.767 374400
86.7828 375840
86.7981 377280
86.8138 378720
86.8296 380160
86.8454 381600
86.8612 383040
86.877 384480
86.8932 385920
86.909 387360
86.9252 388800
86.9415 390240
86.9578 391680
86.974 393120
86.9903 394560
87.0065 396000
87.0228 397440
87.0395 398880
87.0558 400320
87.0725 401760
87.0892 403200
87.106 404640
87.1227 406080
87.1397 249120
87.231 253440
87.241 254880
87.2556 256320
87.2697 257760
87.284 259200
87.2984 260640
87.3127 262080
87.3275 263520
87.3419 264960
87.3567 266400
87.3715 267840
87.3863 269280
87.4012 270720
87.416 272160
87.4313 273600
87.4461 275040
87.4614 276480
87.4767 277920
87.492 279360
87.5078 280800
87.5231 282240
87.5389 283680
87.5546 285120
87.5704 286560
87.5862 288000
87.602 289440
87.6182 290880
87.634 292320
87.6502 293760
87.6665 295200
87.6828 296640
87.6995 298080
87.7157 299520
87.7325 300960
87.7492 302400
87.7659 303840
87.7827 305280
87.7994 306720
87.8166 308160
87.8334 309600
87.8506 311040
87.8678 312480
87.885 313920
87.9027 315360
87.9199 316800
87.9376 318240
87.9553 319680
87.9686 321120
87.9816 322560
87.9949 324000
88.0088 325440
88.0222 326880
88.0356 328320
88.0494 329760
88.0628 331200
88.0767 332640
88.0906 334080
88.1044 335520
88.1183 336960
88.1321 338400
88.1465 339840
88.1604 341280
88.1747 342720
88.189 344160
88.2029 345600
88.2172 347040
88.2321 348480
88.2464 349920
88.2608 351360
88.2756 352800
88.2899 354240
88.3047 355680
88.3196 357120
88.3344 358560
88.3492 360000
88.364 361440
88.3793 362880
88.3941 364320
88.4094 365760
88.4247 367200
88.4396 368640
88.4549 370080
88.4706 371520
88.4859 372960
88.5012 374400
88.517 375840
88.5323 377280
88.5481 378720
88.5639 380160
88.5796 381600
88.5954 383040
88.6112 384480
88.6274 385920
88.6432 387360
88.6595 388800
88.6757 390240
88.6915 391680
88.7078 393120
88.7245 394560
88.7407 396000
88.757 397440
88.7737 398880
88.79 400320
88.8067 401760
88.8234 403200
88.8402 404640
88.8569 406080
88.8739 249120
88.9652 253440
88.9748 254880
88.9893 256320
89.0039 257760
89.0183 259200
89.0326 260640
89.047 262080
89.0613 263520
89.0761 264960
89.0909 266400
89.1053 267840
89.1201 269280
89.1354 270720
89.1502 272160
89.165 273600
89.1803 275040
89.1956 276480
89.2109 277920
89.2262 279360
89.2415 280800
89.2573 282240
89.2731 283680
89.2884 285120
89.3042 286560
89.3204 288000
89.3362 289440
89.352 290880
89.3682 292320
89.3845 293760
89.4007 295200
89.417 296640
89.4332 298080
89.45 299520
89.4667 300960
89.483 302400
89.4997 303840
89.5169 305280
89.5336 306720
89.5504 308160
89.5676 309600
89.5848 311040
89.602 312480
89.6192 313920
89.6364 315360
89.6541 316800
89.6718 318240
89.689 319680
89.7024 321120
89.7158 322560
89.7292 324000
89.7426 325440
89.7559 326880
89.7698 328320
89.7832 329760
89.7971 331200
89.8109 332640
89.8248 334080
89.8386 335520
89.8525 336960
89.8664 338400
89.8802 339840
89.8946 341280
89.9084 342720
89.9228 344160
89.9371 345600
89.9515 347040
89.9658 348480
89.9802 349920
89.995 351360
90.0093 352800
90.0241 354240
90.039 355680
90.0538 357120
90.0686 358560
90.0834 360000
90.0982 361440
90.1131 362880
90.1284 364320
90.1432 365760
90.1585 367200
90.1738 368640
90.1891 370080
90.2044 371520
90.2197 372960
90.2355 374400
90.2508 375840
90.2665 377280
90.2823 378720
90.2981 380160
90.3139 381600
90.3296 383040
90.3454 384480
90.3612 385920
90.3774 387360
90.3932 388800
90.4095 390240
90.4257 391680
90.442 393120
90.4582 394560
90.4745 396000
90.4912 397440
90.5075 398880
90.5242 400320
90.5409 401760
90.5577 403200
90.5744 404640
90.5911 406080
90.6081 249120
90.6994 253440
90.709 254880
90.7236 256320
90.7382 257760
90.752 259200
90.7664 260640
90.7812 262080
90.7955 263520
90.8099 264960
90.8247 266400
90.8395 267840
90.8543 269280
90.8691 270720
90.884 272160
90.8993 273600
90.9146 275040
90.9294 276480
90.9447 277920
90.9605 279360
90.9758 280800
90.9911 282240
91.0068 283680
91.0226 285120
91.0384 286560
91.0542 288000
91.0699 289440
91.0862 290880
91.1024 292320
91.1182 293760
91.1345 295200
91.1512 296640
91.1675 298080
91.1837 299520
91.2005 300960
91.2172 302400
91.2339 303840
91.2507 305280
91.2674 306720
91.2846 308160
91.3018 309600
91.3185 311040
91.3357 312480
91.3534 313920
91.3706 315360
91.3879 316800
91.4055 318240
91.4232 319680
91.4366 321120
91.45 322560
91.4634 324000
91.4768 325440
91.4902 326880
91.5036 328320
91.5174 329760
91.5313 331200
91.5447 332640
91.5585 334080
91.5724 335520
91.5863 336960
91.6006 338400
91.6145 339840
91.6283 341280
91.6427 342720
91.657 344160
91.6714 345600
91.6857 347040
91.7 348480
91.7144 349920
91.7287 351360
91.7436 352800
91.7584 354240
91.7727 355680
91.7875 357120
91.8024 358560
91.8172 360000
91.8325 361440
91.8473 362880
91.8621 364320
91.8774 365760
91.8927 367200
91.908 368640
91.9233 370080
91.9386 371520
91.9539 372960
91.9692 374400
91.985 375840
92.0008 377280
92.0161 378720
92.0318 380160
92.0476 381600
92.0634 383040
92.0796 384480
92.0954 385920
92.1112 387360
92.1274 388800
92.1437 390240
92.16 391680
92.1762 393120
92.1925 394560
92.2087 396000
92.225 397440
92.2417 398880
92.2584 400320
92.2747 401760
92.2914 403200
92.3082 404640
92.3249 406080
92.3419 249120
92.4332 253440
92.4432 254880
92.4578 256320
92.4719 257760
92.4862 259200
92.5006 260640
92.5149 262080
92.5297 263520
92.5441 264960
92.5589 266400
92.5737 267840
92.5886 269280
92.6034 270720
92.6182 272160
92.6335 273600
92.6483 275040
92.6636 276480
92.6789 277920
92.6942 279360
92.71 280800
92.7253 282240
92.7411 283680
92.7568 285120
92.7726 286560
92.7884 288000
92.8042 289440
92.8204 290880
92.8362 292320
92.8525 293760
92.8687 295200
92.885 296640
92.9017 298080
92.9179 299520
92.9347 300960
92.9514 302400
92.9681 303840
92.9849 305280
93.0016 306720
93.0188 308160
93.0356 309600
93.0528 311040
93.07 312480
93.0872 313920
93.1049 315360
93.1221 316800
93.1398 318240
93.1575 319680
93.1709 321120
93.1842 322560
93.1976 324000
93.211 325440
93.2244 326880
93.2378 328320
93.2516 329760
93.265 331200
93.2789 332640
93.2928 334080
93.3066 335520
93.3205 336960
93.3344 338400
93.3487 339840
93.3626 341280
93.3769 342720
93.3912 344160
93.4056 345600
93.4199 347040
93.4343 348480
93.4486 349920
93.463 351360
93.4778 352800
93.4921 354240
93.5069 355680
93.5218 357120
93.5366 358560
93.5514 360000
93.5662 361440
93.5815 362880
93.5963 364320
93.6116 365760
93.6269 367200
93.6422 368640
93.6575 370080
93.6728 371520
93.6881 372960
93.7034 374400
93.7192 375840
93.7345 377280
93.7503 378720
93.7661 380160
93.7818 381600
93.7976 383040
93.8134 384480
93.8296 385920
93.8454 387360
93.8617 388800
93.8779 390240
93.8942 391680
93.9104 393120
93.9267 394560
93.9429 396000
93.9592 397440
93.9759 398880
93.9922 400320
94.0089 401760
94.0257 403200
94.0424 404640
94.0591 406080
94.0761 249120
94.1674 253440
94.1774 254880
94.192 256320
94.2061 257760
94.2205 259200
94.2348 260640
94.2492 262080
94.264 263520
94.2783 264960
94.2931 266400
94.308 267840
94.3228 269280
94.3376 270720
94.3524 272160
94.3677 273600
94.3825 275040
94.3978 276480
94.4131 277920
94.4284 279360
94.4442 280800
94.4595 282240
94.4753 283680
94.4911 285120
94.5068 286560
94.5226 288000
94.5384 289440
94.5546 290880
94.5704 292320
94.5867 293760
94.6029 295200
94.6192 296640
94.6359 298080
94.6522 299520
94.6689 300960
94.6856 302400
94.7024 303840
94.7191 305280
94.7358 306720
94.7531 308160
94.7698 309600
94.787 311040
94.8042 312480
94.8214 313920
94.8391 315360
94.8563 316800
94.874 318240
94.8917 319680
94.9051 321120
94.918 322560
94.9314 324000
94.9452 325440
94.9586 326880
94.972 328320
94.9859 329760
94.9993 331200
95.0131 332640
95.027 334080
95.0409 335520
95.0547 336960
95.0686 338400
95.0829 339840
95.0968 341280
95.1111 342720
95.1255 344160
95.1393 345600
95.1537 347040
95.1685 348480
95.1828 349920
95.1972 351360
95.212 352800
95.2263 354240
95.2412 355680
95.256 357120
95.2708 358560
95.2856 360000
95.3005 361440
95.3157 362880
95.3306 364320
95.3459 365760
95.3612 367200
95.376 368640
95.3913 370080
95.4071 371520
95.4224 372960
95.4377 374400
95.4534 375840
95.4687 377280
95.4845 378720
95.5003 380160
95.5161 381600
95.5318 383040
95.5476 384480
95.5639 385920
95.5796 387360
95.5959 388800
95.6122 390240
95.6279 391680
95.6442 393120
95.6609 394560
95.6772 396000
95.6934 397440
95.7102 398880
95.7264 400320
95.7432 401760
95.7599 403200
95.7766 404640
95.7933 406080
95.8103 249120
95.9016 253440
95.9112 254880
95.9258 256320
95.9404 257760
95.9547 259200
95.969 260640
95.9834 262080
95.9977 263520
96.0125 264960
96.0274 266400
96.0417 267840
96.0565 269280
96.0718 270720
96.0866 272160
96.1015 273600
96.1168 275040
96.1321 276480
96.1474 277920
96.1627 279360
96.178 280800
96.1937 282240
96.2095 283680
96.2248 285120
96.2406 286560
96.2568 288000
96.2726 289440
96.2884 290880
96.3047 292320
96.3209 293760
96.3372 295200
96.3534 296640
96.3697 298080
96.3864 299520
96.4031 300960
96.4194 302400
96.4361 303840
96.4533 305280
96.4701 306720
96.4868 308160
96.504 309600
96.5212 311040
96.5384 312480
96.5556 313920
96.5729 315360
96.5905 316800
96.6082 318240
96.6254 319680
96.6388 321120
96.6522 322560
96.6656 324000
96.679 325440
96.6924 326880
96.7062 328320
96.7196 329760
96.7335 331200
96.7474 332640
96.7612 334080
96.7751 335520
96.7889 336960
96.8028 338400
96.8167 339840
96.831 341280
96.8449 342720
96.8592 344160
96.8736 345600
96.8879 347040
96.9023 348480
96.9166 349920
96.9314 351360
96.9458 352800
96.9606 354240
96.9754 355680
96.9902 357120
97.005 358560
97.0199 360000
97.0347 361440
97.0495 362880
97.0648 364320
97.0796 365760
97.0949 367200
97.1102 368640
97.1255 370080
97.1408 371520
97.1561 372960
97.1719 374400
97.1872 375840
97.203 377280
97.2187 378720
97.2345 380160
97.2503 381600
97.2661 383040
97.2818 384480
97.2976 385920
97.3139 387360
97.3297 388800
97.3459 390240
97.3622 391680
97.3784 393120
97.3947 394560
97.4109 396000
97.4277 397440
97.4439 398880
97.4606 400320
97.4774 401760
97.4941 403200
97.5108 404640
97.5276 406080
97.5445 249120
97.6359 253440
97.6454 254880
97.66 256320
97.6746 257760
97.6884 259200
97.7028 260640
97.7176 262080
97.732 263520
97.7463 264960
97.7611 266400
97.7759 267840
97.7908 269280
97.8056 270720
97.8204 272160
97.8357 273600
97.851 275040
97.8658 276480
97.8811 277920
97.8969 279360
97.9122 280800
97.9275 282240
97.9433 283680
97.959 285120
97.9748 286560
97.9906 288000
98.0064 289440
98.0226 290880
98.0389 292320
98.0547 293760
98.0709 295200
98.0876 296640
98.1039 298080
98.1202 299520
98.1369 300960
98.1536 302400
98.1704 303840
98.1871 305280
98.2038 306720
98.221 308160
98.2382 309600
98.255 311040
98.2722 312480
98.2899 313920
98.3071 315360
98.3243 316800
98.342 318240
98.3597 319680
98.3731 321120
98.3864 322560
98.3998 324000
98.4132 325440
98.4266 326880
98.44 328320
98.4539 329760
98.4677 331200
98.4811 332640
98.495 334080
98.5088 335520
98.5227 336960
98.537 338400
98.5509 339840
98.5648 341280
98.5791 342720
98.5935 344160
98.6078 345600
98.6221 347040
98.6365 348480
98.6508 349920
98.6652 351360
98.68 352800
98.6948 354240
98.7091 355680
98.724 357120
98.7388 358560
98.7536 360000
98.7689 361440
98.7837 362880
98.7985 364320
98.8138 365760
98.8291 367200
98.8444 368640
98.8597 370080
98.875 371520
98.8903 372960
98.9056 374400
98.9214 375840
98.9372 377280
98.9525 378720
98.9683 380160
98.984 381600
98.9998 383040
99.0161 384480
99.0318 385920
99.0476 387360
99.0639 388800
99.0801 390240
99.0964 391680
99.1126 393120
99.1289 394560
99.1452 396000
99.1614 397440
99.1781 398880
99.1949 400320
99.2111 401760
99.2279 403200
99.2446 404640
99.2613 406080
99.2783 249120
99.3696 253440
99.3797 254880
99.3942 256320
99.4083 257760
99.4227 259200
99.437 260640
99.4514 262080
99.4662 263520
99.4805 264960
99.4953 266400
99.5102 267840
99.525 269280
99.5398 270720
99.5546 272160
99.5699 273600
99.5847 275040
99.6 276480
99.6153 277920
99.6306 279360
99.6464 280800
99.6617 282240
99.6775 283680
99.6933 285120
99.709 286560
99.7248 288000
99.7406 289440
99.7569 290880
99.7726 292320
99.7889 293760
99.8051 295200
99.8214 296640
99.8381 298080
99.8544 299520
99.8711 300960
99.8878 302400
99.9046 303840
99.9213 305280
99.938 306720
99.9553 308160
99.972 309600
99.9892 311040
100.006 312480
100.024 313920
100.041 315360
100.059 316800
100.076 318240
100.094 319680
