0.0 0
0.220019 1440
0.220019 1440
0.44028 2880
0.660779 4320
0.881278 5760
1.08152 7200
1.10178 8640
1.30178 10080
1.32204 11520
1.32252 12960
1.52228 14400
1.5423 15840
1.54278 17280
1.54325 18720
1.74254 20160
1.74301 21600
1.7628 23040
1.76327 24480
1.76375 25920
1.76423 27360
1.9628 28800
1.96327 30240
1.96375 31680
1.98306 33120
1.98353 34560
1.98401 36000
1.98449 37440
1.98497 38880
1.98545 40320
2.18306 41760
2.18353 43200
2.18401 44640
2.18449 46080
2.18497 47520
2.20356 48960
2.20403 50400
2.20451 51840
2.20499 53280
2.20547 54720
2.20595 56160
2.20642 57600
2.2069 59040
2.20738 60480
2.40356 61920
2.40403 63360
2.40451 64800
2.40499 66240
2.40547 67680
2.40595 69120
2.40642 70560
2.42382 72000
2.42429 73440
2.42477 74880
2.42525 76320
2.42573 77760
2.42621 79200
2.42668 80640
2.42716 82080
2.42764 83520
2.42812 84960
2.4286 86400
2.42907 87840
2.42955 89280
2.43003 90720
2.62405 92160
2.62453 93600
2.62501 95040
2.62549 96480
2.62597 97920
2.62645 99360
2.62692 100800
2.6274 102240
2.62788 103680
2.62836 105120
2.64408 106560
2.64455 108000
2.64503 109440
2.64551 110880
2.64599 112320
2.64647 113760
2.64694 115200
2.64742 116640
2.6479 118080
2.64838 119520
2.64886 120960
2.64933 122400
2.64981 123840
2.65029 125280
2.65077 126720
2.65125 128160
2.65173 129600
2.6522 131040
2.65268 132480
2.65316 133920
2.65364 135360
2.84431 136800
2.84479 138240
2.84527 139680
2.84575 141120
2.84623 142560
2.84671 144000
2.84718 145440
2.84766 146880
2.84814 148320
2.84862 149760
2.8491 151200
2.84957 152640
2.85005 154080
2.85053 155520
2.85101 156960
2.86434 158400
2.86481 159840
2.86529 161280
2.86577 162720
2.86625 164160
2.86673 165600
2.8672 167040
2.86768 168480
2.86816 169920
2.86864 171360
2.86912 172800
2.86959 174240
2.87007 175680
2.87055 177120
2.87103 178560
2.87151 180000
2.87199 181440
2.87246 182880
2.87294 184320
2.87342 185760
2.8739 187200
2.87438 188640
2.87485 190080
2.87533 191520
2.87581 192960
2.87629 194400
2.87677 195840
2.87724 197280
2.87772 198720
2.8782 200160
2.87868 201600
2.87916 203040
3.06481 204480
3.06529 205920
3.06577 207360
3.06625 208800
3.06673 210240
3.0672 211680
3.06768 213120
3.06816 214560
3.06864 216000
3.06912 217440
3.06959 218880
3.07007 220320
3.07055 221760
3.07103 223200
3.07151 224640
3.07199 226080
3.07246 227520
3.07294 228960
3.07342 230400
3.0739 231840
3.07438 233280
3.07485 234720
3.0846 236160
3.08507 237600
3.08555 239040
3.08603 240480
3.08651 241920
3.08699 243360
3.08746 244800
3.08794 246240
3.08842 247680
3.0889 249120
3.08938 250560
3.08985 252000
3.09033 253440
3.09081 254880
3.09129 256320
3.09177 257760
3.09225 259200
3.09272 260640
3.0932 262080
3.09368 263520
3.09416 264960
3.09464 266400
3.09511 267840
3.09559 269280
3.09607 270720
3.09655 272160
3.09703 273600
3.0975 275040
3.09798 276480
3.09846 277920
3.09894 279360
3.09942 280800
3.09989 282240
3.10037 283680
3.10085 285120
3.10133 286560
3.10181 288000
3.10228 289440
3.10276 290880
3.10324 292320
3.10372 293760
3.1042 295200
3.10468 296640
3.10515 298080
3.10563 299520
3.10611 300960
3.10659 302400
3.10707 303840
3.28507 305280
3.28555 306720
3.28603 308160
3.28651 309600
3.28699 311040
3.28746 312480
3.28794 313920
3.28842 315360
3.2889 316800
3.28938 318240
3.28985 319680
3.29033 321120
3.29081 322560
3.29129 324000
3.29177 325440
3.29225 326880
3.29272 328320
3.2932 329760
3.29368 331200
3.29416 332640
3.29464 334080
3.29511 335520
3.29559 336960
3.29607 338400
3.29655 339840
3.29703 341280
3.2975 342720
3.29798 344160
3.29846 345600
3.29894 347040
3.29942 348480
3.29989 349920
3.30037 351360
3.30486 352800
3.30533 354240
3.30581 355680
3.30629 357120
3.30677 358560
3.30725 360000
3.30772 361440
3.3082 362880
3.30868 364320
3.30916 365760
3.30964 367200
3.31011 368640
3.31059 370080
3.31107 371520
3.31155 372960
3.31203 374400
3.31251 375840
3.31298 377280
3.31346 378720
3.31394 380160
3.31442 381600
3.3149 383040
3.31537 384480
3.31585 385920
3.31633 387360
3.31681 388800
3.31729 390240
3.31776 391680
3.31824 393120
3.31872 394560
3.3192 396000
3.31968 397440
3.32015 398880
3.32063 400320
3.32111 401760
3.32159 403200
3.32207 404640
3.32254 406080
3.32302 407520
3.3235 408960
3.32398 410400
3.32446 411840
3.32494 413280
3.32541 414720
3.32589 416160
3.32637 417600
3.32685 419040
3.32733 420480
3.3278 421920
3.32828 423360
3.32876 424800
3.32924 426240
3.32972 427680
3.33019 429120
3.33067 430560
3.33115 432000
3.33163 433440
3.33211 434880
3.33258 436320
3.33306 437760
3.33354 439200
3.33402 440640
3.3345 442080
3.33497 443520
3.33545 444960
3.33593 446400
3.33641 447840
3.33689 449280
3.33737 450720
3.33784 452160
3.33832 453600
3.3388 455040
3.50533 456480
3.50581 457920
3.50629 459360
3.50677 460800
3.50725 462240
3.50772 463680
3.5082 465120
3.50868 466560
3.50916 468000
3.50964 469440
3.51011 470880
3.51059 472320
3.51107 473760
3.51155 475200
3.51203 476640
3.51251 478080
3.51298 479520
3.51346 480960
3.51394 482400
3.51442 483840
3.5149 485280
3.51537 486720
3.51585 488160
3.51633 489600
3.51681 491040
3.51729 492480
3.51776 493920
3.51824 495360
3.51872 496800
3.5192 498240
3.51968 499680
3.52015 501120
3.52063 502560
3.52111 504000
3.52159 505440
3.52207 506880
3.52254 508320
3.52302 509760
3.5235 511200
3.52398 512640
3.52446 514080
3.52494 515520
3.52541 516960
3.52589 518400
3.52637 519840
3.52685 521280
3.52733 522720
3.5278 524160
3.52828 525600
3.52876 527040
3.52924 528480
3.52972 529920
3.53019 531360
3.53067 532800
3.53115 534240
3.53163 535680
3.53211 537120
3.53258 538560
3.53306 540000
3.53354 541440
3.53402 542880
3.5345 544320
3.53497 545760
3.53545 547200
3.53593 548640
3.53641 550080
3.53689 551520
3.53737 552960
3.53784 554400
3.53832 555840
3.5388 557280
3.53928 558720
3.53976 560160
3.54023 561600
3.54071 563040
3.54119 564480
3.54167 565920
3.54215 567360
3.54262 568800
3.5431 570240
3.54358 571680
3.54406 573120
3.54454 574560
3.54501 576000
3.54549 577440
3.54597 578880
3.54645 580320
3.54693 581760
3.5474 583200
3.54788 584640
3.54836 586080
3.54884 587520
3.54932 588960
3.5498 590400
3.55027 591840
3.55075 593280
3.55123 594720
3.55171 596160
3.55219 597600
3.55266 599040
3.55314 600480
3.55362 601920
3.5541 603360
3.55458 604800
3.55505 606240
3.55553 607680
3.55601 609120
3.55649 610560
3.55697 612000
3.55744 613440
3.55792 614880
3.5584 616320
3.55888 617760
3.55936 619200
3.55983 620640
3.56031 622080
3.56079 623520
3.56127 624960
3.56175 626400
3.56223 627840
3.5627 629280
3.56318 630720
3.56366 632160
3.56414 633600
3.56462 635040
3.56509 636480
3.56557 637920
3.56605 639360
3.56653 640800
3.56701 642240
3.56748 643680
3.56796 645120
3.56844 646560
3.56892 648000
3.5694 649440
3.56987 650880
3.57035 652320
3.57083 653760
3.57131 655200
3.57179 656640
3.57226 658080
3.57274 659520
3.57322 660960
3.5737 662400
3.57418 663840
3.57466 665280
3.57513 666720
3.57561 668160
3.57609 669600
3.57657 671040
3.57705 672480
3.57752 673920
3.578 675360
3.57848 676800
3.57896 678240
3.57944 679680
3.57991 681120
3.58039 682560
3.72583 684000
3.72631 685440
3.72679 686880
3.72727 688320
3.72775 689760
3.72822 691200
3.7287 692640
3.72918 694080
3.72966 695520
3.73014 696960
3.73061 698400
3.73109 699840
3.73157 701280
3.73205 702720
3.73253 704160
3.733 705600
3.73348 707040
3.73396 708480
3.73444 709920
3.73492 711360
3.73539 712800
3.73587 714240
3.73635 715680
3.73683 717120
3.73731 718560
3.73779 720000
3.73826 721440
3.73874 722880
3.73922 724320
3.7397 725760
3.74018 727200
3.74065 728640
3.74113 730080
3.74161 731520
3.74209 732960
3.74257 734400
3.74304 735840
3.74352 737280
3.744 738720
3.74448 740160
3.74496 741600
3.74543 743040
3.74591 744480
3.74639 745920
3.74687 747360
3.74735 748800
3.74782 750240
3.7483 751680
3.74878 753120
3.74926 754560
3.74974 756000
3.75022 757440
3.75069 758880
3.75117 760320
3.75165 761760
3.75213 763200
3.75261 764640
3.75308 766080
3.75356 767520
3.75404 768960
3.75452 770400
3.755 771840
3.75547 773280
3.75595 774720
3.75643 776160
3.75691 777600
3.75739 779040
3.75786 780480
3.75834 781920
3.75882 783360
3.7593 784800
3.75978 786240
3.76025 787680
3.76073 789120
3.76121 790560
3.76169 792000
3.76217 793440
3.76265 794880
3.76312 796320
3.7636 797760
3.76408 799200
3.76456 800640
3.76504 802080
3.76551 803520
3.76599 804960
3.76647 806400
3.76695 807840
3.76743 809280
3.7679 810720
3.76838 812160
3.76886 813600
3.76934 815040
3.76982 816480
3.77029 817920
3.77077 819360
3.77125 820800
3.77173 822240
3.77221 823680
3.77268 825120
3.77316 826560
3.77364 828000
3.77412 829440
3.7746 830880
3.77508 832320
3.77555 833760
3.77603 835200
3.77651 836640
3.77699 838080
3.77747 839520
3.77794 840960
3.77842 842400
3.7789 843840
3.77938 845280
3.77986 846720
3.78033 848160
3.78081 849600
3.78129 851040
3.78177 852480
3.78225 853920
3.78272 855360
3.7832 856800
3.78368 858240
3.78416 859680
3.78464 861120
3.78511 862560
3.78559 864000
3.78607 865440
3.78655 866880
3.78703 868320
3.78751 869760
3.78798 871200
3.78846 872640
3.78894 874080
3.78942 875520
3.7899 876960
3.79037 878400
3.79085 879840
3.79133 881280
3.79181 882720
3.79229 884160
3.79276 885600
3.79324 887040
3.79372 888480
3.7942 889920
3.79468 891360
3.79515 892800
3.79563 894240
3.79611 895680
3.79659 897120
3.79707 898560
3.79754 900000
3.79802 901440
3.7985 902880
3.79898 904320
3.79946 905760
3.79994 907200
3.80041 908640
3.80089 910080
3.80137 911520
3.80185 912960
3.80233 914400
3.8028 915840
3.80328 917280
3.80376 918720
3.80424 920160
3.80496 920160
3.80496 803520
4.30643 816480
4.3957 817920
4.40766 819360
4.41961 820800
4.43156 822240
4.44351 823680
4.45546 825120
4.46813 826560
4.48439 828000
4.50064 829440
4.5169 830880
4.52981 832320
4.61334 833760
4.62529 835200
4.63724 836640
4.64919 838080
4.66114 839520
4.6731 840960
4.68505 842400
4.69819 843840
4.71373 845280
4.72951 846720
4.74361 848160
4.7558 849600
4.83909 851040
4.85105 852480
4.863 853920
4.87495 855360
4.8869 856800
4.89885 858240
4.91081 859680
4.92324 861120
4.93853 862560
4.95383 864000
4.96698 865440
5.05003 866880
5.06198 868320
5.07393 869760
5.08589 871200
5.09784 872640
5.10979 874080
5.12174 875520
5.13369 876960
5.14565 878400
5.15951 879840
5.17457 881280
5.18748 882720
5.27029 884160
5.28224 885600
5.2942 887040
5.30615 888480
5.3181 889920
5.33005 891360
5.342 892800
5.35395 894240
5.36591 895680
5.37786 897120
5.39172 898560
5.40511 900000
5.41706 901440
5.49963 902880
5.51159 904320
5.52354 905760
5.53549 907200
5.54744 908640
5.55939 910080
5.57135 911520
5.5833 912960
5.59525 914400
5.6072 915840
5.61963 917280
5.63182 918720
5.71392 920160
5.72587 921600
5.73782 923040
5.74977 924480
5.76173 925920
5.77368 927360
5.78563 928800
5.79758 930240
5.80953 931680
5.82149 933120
5.83344 934560
5.84539 936000
5.85734 937440
5.93729 938880
5.94924 940320
5.96119 941760
5.97314 943200
5.98509 944640
5.99705 946080
6.009 947520
6.02095 948960
6.0329 950400
6.04485 951840
6.05681 953280
6.06876 954720
6.08071 956160
6.15755 957600
6.1695 959040
6.18145 960480
6.1934 961920
6.20535 963360
6.21731 964800
6.22926 966240
6.24121 967680
6.25316 969120
6.26511 970560
6.27707 972000
6.28902 973440
6.30097 974880
6.3747 976320
6.38665 977760
6.3986 979200
6.41055 980640
6.42251 982080
6.43446 983520
6.44641 984960
6.45836 986400
6.47031 987840
6.48227 989280
6.49422 990720
6.50617 992160
6.51812 993600
6.53007 995040
6.6007 996480
6.61265 997920
6.6246 999360
6.63655 1000800
6.6485 1002240
6.66046 1003680
6.67241 1005120
6.68436 1006560
6.69631 1008000
6.70826 1009440
6.72022 1010880
6.73217 1012320
6.74412 1013760
6.81116 1015200
6.82335 1016640
6.8353 1018080
6.84725 1019520
6.8592 1020960
6.87115 1022400
6.88311 1023840
6.89506 1025280
6.90701 1026720
6.91896 1028160
6.93091 1029600
6.94287 1031040
6.95482 1032480
6.96677 1033920
6.97872 1035360
7.04265 1036800
7.0546 1038240
7.06655 1039680
7.07851 1041120
7.09046 1042560
7.10241 1044000
7.11436 1045440
7.12631 1046880
7.13827 1048320
7.15022 1049760
7.16217 1051200
7.17412 1052640
7.18607 1054080
7.19803 1055520
7.25861 1056960
7.27056 1058400
7.28251 1059840
7.29446 1061280
7.30642 1062720
7.31837 1064160
7.33032 1065600
7.34227 1067040
7.35422 1068480
7.36618 1069920
7.37813 1071360
7.39008 1072800
7.40203 1074240
7.41398 1075680
7.42593 1077120
7.48317 1078560
7.49512 1080000
7.50707 1081440
7.51903 1082880
7.53098 1084320
7.54293 1085760
7.55488 1087200
7.56683 1088640
7.57879 1090080
7.59074 1091520
7.60269 1092960
7.61464 1094400
7.62659 1095840
7.63855 1097280
7.6505 1098720
7.70415 1100160
7.7161 1101600
7.72805 1103040
7.74 1104480
7.75196 1105920
7.76391 1107360
7.77586 1108800
7.78781 1110240
7.79976 1111680
7.81172 1113120
7.82367 1114560
7.83562 1116000
7.84757 1117440
7.85952 1118880
7.87147 1120320
7.92154 1121760
7.93349 1123200
7.94544 1124640
7.9574 1126080
7.96935 1127520
7.9813 1128960
7.99325 1130400
8.0052 1131840
8.01715 1133280
8.02911 1134720
8.04106 1136160
8.05301 1137600
8.06496 1139040
8.07691 1140480
8.08887 1141920
8.13535 1143360
8.1473 1144800
8.15925 1146240
8.1712 1147680
8.18315 1149120
8.1951 1150560
8.20706 1152000
8.21901 1153440
8.23096 1154880
8.24291 1156320
8.25486 1157760
8.26682 1159200
8.27877 1160640
8.29072 1162080
8.30267 1163520
8.31462 1164960
8.35752 1166400
8.36947 1167840
8.38142 1169280
8.39337 1170720
8.40533 1172160
8.41728 1173600
8.42923 1175040
8.44118 1176480
8.45313 1177920
8.46509 1179360
8.47704 1180800
8.48899 1182240
8.50094 1183680
8.51289 1185120
8.52484 1186560
8.5368 1188000
8.57587 1189440
8.58782 1190880
8.59977 1192320
8.61172 1193760
8.62367 1195200
8.63563 1196640
8.64758 1198080
8.65953 1199520
8.67148 1200960
8.68343 1202400
8.69538 1203840
8.70734 1205280
8.71929 1206720
8.73124 1208160
8.74319 1209600
8.75514 1211040
8.7671 1212480
8.80234 1213920
8.81429 1215360
8.82624 1216800
8.8382 1218240
8.85015 1219680
8.8621 1221120
8.87405 1222560
8.886 1224000
8.89796 1225440
8.90991 1226880
8.92186 1228320
8.93381 1229760
8.94576 1231200
8.95772 1232640
8.96967 1234080
8.98162 1235520
8.99357 1236960
9.02475 1238400
9.0367 1239840
9.04866 1241280
9.06061 1242720
9.07256 1244160
9.08451 1245600
9.09646 1247040
9.10842 1248480
9.12037 1249920
9.13232 1251360
9.14427 1252800
9.15622 1254240
9.16818 1255680
9.18013 1257120
9.19208 1258560
9.20403 1260000
9.21598 1261440
9.2431 1262880
9.25505 1264320
9.267 1265760
9.27896 1267200
9.29091 1268640
9.30286 1270080
9.31481 1271520
9.32676 1272960
9.33872 1274400
9.35067 1275840
9.36262 1277280
9.37457 1278720
9.38652 1280160
9.39847 1281600
9.41043 1283040
9.42238 1284480
9.43433 1285920
9.45738 1287360
9.46934 1288800
9.48129 1290240
9.49324 1291680
9.50519 1293120
9.51714 1294560
9.5291 1296000
9.54105 1297440
9.553 1298880
9.56495 1300320
9.5769 1301760
9.58886 1303200
9.60081 1304640
9.61276 1306080
9.62471 1307520
9.63666 1308960
9.64861 1310400
9.66057 1311840
9.67956 1313280
9.69151 1314720
9.70346 1316160
9.71541 1317600
9.72736 1319040
9.73932 1320480
9.75127 1321920
9.76322 1323360
9.77517 1324800
9.78712 1326240
9.79908 1327680
9.81103 1329120
9.82298 1330560
9.83493 1332000
9.84688 1333440
9.85884 1334880
9.87079 1336320
9.88274 1337760
9.89743 1339200
9.90938 1340640
9.92133 1342080
9.93328 1343520
9.94523 1344960
9.95719 1346400
9.96914 1347840
9.98109 1349280
9.99304 1350720
10.005 1352160
10.0169 1353600
10.0289 1355040
10.0408 1356480
10.0528 1357920
10.0648 1359360
10.0767 1360800
10.0887 1362240
10.1006 1363680
10.1126 1365120
10.1245 1366560
10.1365 1368000
10.1484 1369440
10.1604 1370880
10.1723 1372320
10.1843 1373760
10.1962 1375200
10.2082 1376640
10.2201 1378080
10.2321 1379520
10.244 1380960
10.256 1382400
10.2679 1383840
10.2799 1385280
10.2918 1386720
10.3038 1388160
10.3157 1389600
10.3277 1391040
10.3396 1392480
10.3516 1393920
10.3636 1395360
10.3755 1396800
10.3875 1398240
10.3994 1399680
10.4114 1401120
10.4233 1402560
10.4353 1404000
10.4472 1405440
10.4592 1406880
10.4711 1408320
10.4831 1409760
10.495 1411200
10.507 1412640
10.5189 1414080
10.5309 1415520
10.5428 1416960
10.5548 1418400
10.5667 1419840
10.5787 1421280
10.5906 1422720
10.6026 1424160
10.6145 1425600
10.6265 1427040
10.6384 1428480
10.6504 1429920
10.6624 1431360
10.6743 1432800
10.6863 1434240
10.6982 1435680
10.7102 1437120
10.7221 1438560
10.7341 1440000
10.746 1441440
10.758 1442880
10.7699 1444320
10.7819 1445760
10.7938 1447200
10.8058 1448640
10.8177 1450080
10.8297 1451520
10.8416 1452960
10.8536 1454400
10.8655 1455840
10.8775 1457280
10.8894 1458720
10.9014 1460160
10.9133 1461600
10.9253 1463040
10.9372 1464480
10.9492 1465920
10.9611 1467360
10.9731 1468800
10.9851 1470240
10.997 1471680
11.009 1473120
11.0209 1474560
11.0329 1476000
11.0448 1477440
11.0568 1478880
11.0687 1480320
11.0807 1481760
11.0926 1483200
11.1046 1484640
11.1165 1486080
11.1285 1487520
11.1404 1488960
11.1524 1490400
11.1643 1491840
11.1763 1493280
11.1882 1494720
11.2002 1496160
11.2121 1497600
11.2241 1499040
11.236 1500480
11.248 1501920
11.2599 1503360
11.2719 1504800
11.2839 1506240
11.2958 1507680
11.3078 1509120
11.3197 1510560
11.3317 1512000
11.3436 1513440
11.3556 1514880
11.3639 1514880
11.3639 1323360
12.6101 1323360
12.6101 1440
12.6253 2880
12.8456 4320
13.0658 5760
13.2861 7200
13.5064 8640
13.7266 10080
13.9469 11520
13.9471 12960
13.9474 14400
13.9476 15840
13.9478 17280
13.9481 18720
13.9483 20160
14.1672 21600
14.1676 23040
14.1679 24480
14.1681 25920
14.1683 27360
14.1686 28800
14.1688 30240
14.1691 31680
14.1693 33120
14.1695 34560
14.1698 36000
14.1703 37440
14.3874 38880
14.3877 40320
14.3879 41760
14.3881 43200
14.3884 44640
14.3886 46080
14.3891 47520
14.3893 48960
14.3896 50400
14.3898 51840
14.39 53280
14.3903 54720
14.3905 56160
14.3908 57600
14.391 59040
14.3912 60480
14.3915 61920
14.3917 63360
14.392 64800
14.3922 66240
14.3924 67680
14.3927 69120
14.3929 70560
14.3932 72000
14.3934 73440
14.6077 74880
14.6079 76320
14.6082 77760
14.6084 79200
14.6086 80640
14.6089 82080
14.6091 83520
14.6094 84960
14.6096 86400
14.6098 87840
14.6101 89280
14.6103 90720
14.6105 92160
14.6108 93600
14.611 95040
14.6113 96480
14.6115 97920
14.6117 99360
14.612 100800
14.6122 102240
14.6125 103680
14.6127 105120
14.6129 106560
14.6132 108000
14.6163 109440
14.6165 110880
14.6168 112320
14.617 113760
14.6172 115200
14.6175 116640
14.6177 118080
14.6182 119520
14.6184 120960
14.6187 122400
14.6189 123840
14.6192 125280
14.6194 126720
14.6196 128160
14.8279 129600
14.8282 131040
14.8284 132480
14.8289 133920
14.8291 135360
14.8294 136800
14.8296 138240
14.8299 139680
14.8301 141120
14.8303 142560
14.8306 144000
14.831 145440
14.8313 146880
14.8315 148320
14.8318 149760
14.832 151200
14.8322 152640
14.8325 154080
14.8327 155520
14.833 156960
14.8332 158400
14.8449 159840
14.8452 161280
14.8454 162720
15.0561 164160
15.0563 165600
15.0566 167040
15.0683 168480
15.0685 169920
15.0688 171360
15.0805 172800
15.0807 174240
15.081 175680
15.2859 177120
15.2862 178560
15.2864 180000
15.2981 181440
15.2984 182880
15.2986 184320
15.3103 185760
15.3105 187200
15.3108 188640
16.3108 188640
16.3108 1440
16.531 2880
16.7513 4320
16.9716 5760
16.9718 7200
16.972 8640
17.1928 10080
17.193 11520
17.4142 12960
17.4147 14400
17.4152 15840
17.4157 17280
17.6347 18720
17.6352 20160
17.6357 21600
17.6362 23040
17.6367 24480
17.6371 25920
17.8552 27360
17.8557 28800
17.8562 30240
17.8567 31680
17.8572 33120
17.8576 34560
17.8581 36000
17.8586 37440
17.8591 38880
18.0757 40320
18.0762 41760
18.0767 43200
18.0772 44640
18.0777 46080
18.0781 47520
18.0786 48960
18.0791 50400
18.0796 51840
18.08 53280
18.0805 54720
18.081 56160
18.0815 57600
18.2817 59040
18.2962 60480
18.2967 61920
18.2972 63360
18.2977 64800
18.2982 66240
18.2986 67680
18.2991 69120
18.2996 70560
18.3001 72000
18.3005 73440
18.301 74880
18.3015 76320
18.302 77760
18.3025 79200
18.3029 80640
18.3034 82080
18.3039 83520
18.3044 84960
18.3048 86400
18.502 87840
18.5165 89280
18.517 90720
18.5175 92160
18.5179 93600
18.5184 95040
18.5189 96480
18.5194 97920
18.5198 99360
18.5203 100800
18.5208 102240
18.5213 103680
18.5218 105120
18.5222 106560
18.5227 108000
18.5232 109440
18.5237 110880
18.5242 112320
18.5246 113760
18.5251 115200
18.5256 116640
18.5261 118080
18.5265 119520
18.527 120960
18.5275 122400
18.528 123840
18.5285 125280
18.5289 126720
18.5294 128160
18.5299 129600
18.7225 131040
18.7368 132480
18.7372 133920
18.7377 135360
18.7382 136800
18.7387 138240
18.7392 139680
18.7396 141120
18.7401 142560
18.7406 144000
18.7411 145440
18.7415 146880
18.742 148320
18.7425 149760
18.743 151200
18.7435 152640
18.7439 154080
18.7444 155520
18.7449 156960
18.7454 158400
18.7458 159840
18.7463 161280
18.7468 162720
18.7473 164160
18.7516 165600
18.9623 167040
18.9742 168480
19.1792 169920
19.1911 171360
19.2031 172800
19.4076 174240
19.4195 175680
19.6233 177120
19.6353 178560
19.8385 180000
19.8505 181440
19.8624 182880
20.0653 184320
20.0772 185760
20.2793 187200
20.2913 188640
20.3032 190080
20.5048 191520
20.5168 192960
20.5287 194400
20.7296 195840
20.7416 197280
20.9418 198720
20.9537 200160
20.9657 201600
21.1654 203040
21.1773 204480
21.1893 205920
21.3883 207360
21.4002 208800
21.4122 210240
21.6104 211680
21.6224 213120
21.6343 214560
21.8319 216000
21.8438 217440
21.8558 218880
22.0526 220320
22.0646 221760
22.0765 223200
22.2726 224640
22.2846 226080
22.2965 227520
22.4919 228960
22.5039 230400
22.5158 231840
22.7105 233280
22.7225 234720
22.7344 236160
22.9284 237600
22.9403 239040
22.9523 240480
23.1456 241920
23.1575 243360
23.1695 244800
23.1814 246240
23.3739 247680
23.3859 249120
23.3978 250560
23.5894 252000
23.6014 253440
23.6133 254880
23.6253 256320
23.8161 257760
23.8281 259200
23.84 260640
24.0299 262080
24.0419 263520
24.0538 264960
24.0658 266400
24.255 267840
24.2669 269280
24.2789 270720
24.4671 272160
24.4791 273600
24.491 275040
24.503 276480
24.6905 277920
24.7024 279360
24.7144 280800
24.7263 282240
24.9129 283680
24.9248 285120
24.9368 286560
24.9487 288000
25.1343 289440
25.1463 290880
25.1582 292320
25.1702 293760
25.3548 295200
25.3668 296640
25.3787 298080
25.3907 299520
25.5744 300960
25.5863 302400
25.5983 303840
25.6102 305280
25.793 306720
25.8049 308160
25.8169 309600
25.8288 311040
26.0106 312480
26.0226 313920
26.0345 315360
26.0465 316800
26.0584 318240
26.2392 319680
26.2512 321120
26.2631 322560
26.2751 324000
26.4547 325440
26.4667 326880
26.4786 328320
26.4906 329760
26.5025 331200
26.6812 332640
26.6931 334080
26.7051 335520
26.717 336960
26.8945 338400
26.9065 339840
26.9184 341280
26.9304 342720
26.9423 344160
27.1188 345600
27.1308 347040
27.1427 348480
27.1547 349920
27.1666 351360
27.342 352800
27.3539 354240
27.3659 355680
27.3778 357120
27.5384 358560
27.5639 360000
27.5759 361440
27.5878 362880
27.5998 364320
27.7727 365760
27.7846 367200
27.7966 368640
27.8085 370080
27.8205 371520
27.9791 372960
28.0044 374400
28.0164 375840
28.0283 377280
28.0403 378720
28.0522 380160
28.2228 381600
28.2347 383040
28.2467 384480
28.2586 385920
28.2706 387360
28.4399 388800
28.4519 390240
28.4638 391680
28.4758 393120
28.4877 394560
28.6559 396000
28.6678 397440
28.6798 398880
28.6917 400320
28.7037 401760
28.7156 403200
28.8826 404640
28.8945 406080
28.9065 407520
28.9184 408960
28.9304 410400
29.0959 411840
29.1079 413280
29.1198 414720
29.1318 416160
29.1437 417600
29.1557 419040
29.32 420480
29.332 421920
29.3439 423360
29.3559 424800
29.3678 426240
29.3798 427680
29.5427 429120
29.5546 430560
29.5666 432000
29.5785 433440
29.5905 434880
29.6024 436320
29.7639 437760
29.7758 439200
29.7878 440640
29.7997 442080
29.8117 443520
29.8236 444960
29.9837 446400
29.9956 447840
30.0076 449280
30.0195 450720
30.0315 452160
30.0434 453600
30.202 455040
30.214 456480
30.2259 457920
30.2379 459360
30.2498 460800
30.2618 462240
30.4189 463680
30.4309 465120
30.4428 466560
30.4548 468000
30.4667 469440
30.4787 470880
30.4906 472320
30.6463 473760
30.6583 475200
30.6702 476640
30.6822 478080
30.6942 479520
30.7061 480960
30.8602 482400
30.8721 483840
30.8841 485280
30.896 486720
30.908 488160
30.9199 489600
30.9319 491040
31.0845 492480
31.0964 493920
31.1084 495360
31.1203 496800
31.1323 498240
31.1442 499680
31.1562 501120
31.3071 502560
31.3191 504000
31.331 505440
31.343 506880
31.3549 508320
31.3669 509760
31.3788 511200
31.5281 512640
31.5401 514080
31.552 515520
31.564 516960
31.5759 518400
31.5879 519840
31.5998 521280
31.7474 522720
31.7594 524160
31.7713 525600
31.7833 527040
31.7952 528480
31.8072 529920
31.8191 531360
31.965 532800
31.977 534240
31.9889 535680
32.0009 537120
32.0128 538560
32.0248 540000
32.0367 541440
32.181 542880
32.1929 544320
32.2049 545760
32.2168 547200
32.2288 548640
32.2408 550080
32.2527 551520
32.2647 552960
32.4072 554400
32.4192 555840
32.4311 557280
32.4431 558720
32.455 560160
32.467 561600
32.4789 563040
32.4909 564480
32.6316 565920
32.6435 567360
32.6555 568800
32.6674 570240
32.6794 571680
32.6913 573120
32.7033 574560
32.842 576000
32.854 577440
32.8659 578880
32.8779 580320
32.8898 581760
32.9018 583200
32.9137 584640
32.9257 586080
33.0628 587520
33.0747 588960
33.0867 590400
33.0986 591840
33.1106 593280
33.1225 594720
33.1345 596160
33.1464 597600
33.2816 599040
33.2935 600480
33.3055 601920
33.3174 603360
33.3294 604800
33.3413 606240
33.3533 607680
33.3652 609120
33.3772 610560
33.5104 612000
33.5224 613440
33.5343 614880
33.5463 616320
33.5583 617760
33.5702 619200
33.5822 620640
33.5941 622080
33.7252 623520
33.7372 624960
33.7491 626400
33.7611 627840
33.773 629280
33.785 630720
33.7969 632160
33.8089 633600
33.8208 635040
33.95 636480
33.962 637920
33.9739 639360
33.9859 640800
33.9978 642240
34.0098 643680
34.0217 645120
34.0337 646560
34.0456 648000
34.1727 649440
34.1846 650880
34.1966 652320
34.2085 653760
34.2205 655200
34.2324 656640
34.2444 658080
34.2563 659520
34.2683 660960
34.3932 662400
34.4051 663840
34.4171 665280
34.429 666720
34.441 668160
34.4529 669600
34.4649 671040
34.4768 672480
34.4888 673920
34.6115 675360
34.6235 676800
34.6354 678240
34.6474 679680
34.6593 681120
34.6713 682560
34.6832 684000
34.6952 685440
34.7071 686880
34.8277 688320
34.8397 689760
34.8516 691200
34.8636 692640
34.8755 694080
34.8875 695520
34.8994 696960
34.9114 698400
34.9233 699840
34.9353 701280
35.0537 702720
35.0656 704160
35.0776 705600
35.0896 707040
35.1015 708480
35.1135 709920
35.1254 711360
35.1374 712800
35.1493 714240
35.2654 715680
35.2773 717120
35.2893 718560
35.3012 720000
35.3132 721440
35.3251 722880
35.3371 724320
35.349 725760
35.361 727200
35.3729 728640
35.4868 730080
35.4988 731520
35.5107 732960
35.5227 734400
35.5346 735840
35.5466 737280
35.5585 738720
35.5705 740160
35.5824 741600
35.5944 743040
35.7059 744480
35.7178 745920
35.7298 747360
35.7417 748800
35.7537 750240
35.7656 751680
35.7776 753120
35.7895 754560
35.8015 756000
35.8134 757440
35.8254 758880
35.9345 760320
35.9465 761760
35.9584 763200
35.9704 764640
35.9823 766080
35.9943 767520
36.0062 768960
36.0182 770400
36.0301 771840
36.0421 773280
36.1485 774720
36.1605 776160
36.1724 777600
36.1844 779040
36.1964 780480
36.2083 781920
36.2203 783360
36.2322 784800
36.2442 786240
36.2561 787680
36.2681 789120
36.3721 790560
36.3841 792000
36.3961 793440
36.408 794880
36.42 796320
36.4319 797760
36.4439 799200
36.4558 800640
36.4678 802080
36.4797 803520
36.4917 804960
36.5931 806400
36.6051 807840
36.617 809280
36.629 810720
36.6409 812160
36.6529 813600
36.6648 815040
36.6768 816480
36.6887 817920
36.7007 819360
36.7126 820800
36.8115 822240
36.8234 823680
36.8354 825120
36.8473 826560
36.8593 828000
36.8712 829440
36.8832 830880
36.8951 832320
36.9071 833760
36.919 835200
36.931 836640
36.9429 838080
37.0391 839520
37.0511 840960
37.063 842400
37.075 843840
37.087 845280
37.0989 846720
37.1109 848160
37.1228 849600
37.1348 851040
37.1467 852480
37.1587 853920
37.252 855360
37.2639 856800
37.2759 858240
37.2879 859680
37.2998 861120
37.3118 862560
37.3237 864000
37.3357 865440
37.3476 866880
37.3596 868320
37.3715 869760
37.3835 871200
37.4742 872640
37.4861 874080
37.4981 875520
37.51 876960
37.522 878400
37.5339 879840
37.5459 881280
37.5578 882720
37.5698 884160
37.5817 885600
37.5937 887040
37.6056 888480
37.6935 889920
37.7054 891360
37.7174 892800
37.7293 894240
37.7413 895680
37.7532 897120
37.7652 898560
37.7771 900000
37.7891 901440
37.801 902880
37.813 904320
37.8249 905760
37.9099 907200
37.9219 908640
37.9338 910080
37.9458 911520
37.9577 912960
37.9697 914400
37.9816 915840
37.9936 917280
38.0055 918720
38.0175 920160
38.0294 921600
38.0414 923040
38.0533 924480
38.1354 925920
38.1474 927360
38.1593 928800
38.1713 930240
38.1832 931680
38.1952 933120
38.2071 934560
38.2191 936000
38.231 937440
38.243 938880
38.2549 940320
38.2669 941760
38.2788 943200
38.3578 944640
38.3698 946080
38.3817 947520
38.3937 948960
38.4056 950400
38.4176 951840
38.4295 953280
38.4415 954720
38.4535 956160
38.4654 957600
38.4774 959040
38.4893 960480
38.5013 961920
38.5771 963360
38.5891 964800
38.601 966240
38.613 967680
38.6249 969120
38.6369 970560
38.6489 972000
38.6608 973440
38.6728 974880
38.6847 976320
38.6967 977760
38.7086 979200
38.7206 980640
38.7933 982080
38.8053 983520
38.8172 984960
38.8292 986400
38.8411 987840
38.8531 989280
38.865 990720
38.877 992160
38.889 993600
38.9009 995040
38.9129 996480
38.9248 997920
38.9368 999360
38.9487 1000800
39.0184 1002240
39.0303 1003680
39.0423 1005120
39.0542 1006560
39.0662 1008000
39.0781 1009440
39.0901 1010880
39.102 1012320
39.114 1013760
39.1259 1015200
39.1379 1016640
39.1498 1018080
39.1618 1019520
39.1738 1020960
39.2401 1022400
39.252 1023840
39.264 1025280
39.2759 1026720
39.2879 1028160
39.2998 1029600
39.3118 1031040
39.3237 1032480
39.3357 1033920
39.3476 1035360
39.3596 1036800
39.3715 1038240
39.3835 1039680
39.3954 1041120
39.4584 1042560
39.4704 1044000
39.4823 1045440
39.4943 1046880
39.5062 1048320
39.5182 1049760
39.5301 1051200
39.5421 1052640
39.554 1054080
39.566 1055520
39.5779 1056960
39.5899 1058400
39.6018 1059840
39.6138 1061280
39.6734 1062720
39.6854 1064160
39.6973 1065600
39.7093 1067040
39.7212 1068480
39.7332 1069920
39.7451 1071360
39.7571 1072800
39.769 1074240
39.781 1075680
39.7929 1077120
39.8049 1078560
39.8168 1080000
39.8288 1081440
39.8407 1082880
39.897 1084320
39.909 1085760
39.9209 1087200
39.9329 1088640
39.9448 1090080
39.9568 1091520
39.9687 1092960
39.9807 1094400
39.9926 1095840
40.0046 1097280
40.0165 1098720
40.0285 1100160
40.0405 1101600
40.0524 1103040
40.0644 1104480
40.117 1105920
40.129 1107360
40.141 1108800
40.1529 1110240
40.1649 1111680
40.1768 1113120
40.1888 1114560
40.2007 1116000
40.2127 1117440
40.2246 1118880
40.2366 1120320
40.2485 1121760
40.2605 1123200
40.2724 1124640
40.2844 1126080
40.3335 1127520
40.3454 1128960
40.3574 1130400
40.3693 1131840
40.3813 1133280
40.3932 1134720
40.4052 1136160
40.4171 1137600
40.4291 1139040
40.4411 1140480
40.453 1141920
40.465 1143360
40.4769 1144800
40.4889 1146240
40.5008 1147680
40.5128 1149120
40.5583 1150560
40.5702 1152000
40.5822 1153440
40.5941 1154880
40.6061 1156320
40.618 1157760
40.63 1159200
40.6419 1160640
40.6539 1162080
40.6659 1163520
40.6778 1164960
40.6898 1166400
40.7017 1167840
40.7137 1169280
40.7256 1170720
40.7376 1172160
40.7793 1173600
40.7912 1175040
40.8032 1176480
40.8151 1177920
40.8271 1179360
40.839 1180800
40.851 1182240
40.8629 1183680
40.8749 1185120
40.8868 1186560
40.8988 1188000
40.9107 1189440
40.9227 1190880
40.9346 1192320
40.9466 1193760
40.9585 1195200
40.9964 1196640
41.0084 1198080
41.0203 1199520
41.0323 1200960
41.0442 1202400
41.0562 1203840
41.0681 1205280
41.0801 1206720
41.092 1208160
41.104 1209600
41.1159 1211040
41.1279 1212480
41.1398 1213920
41.1518 1215360
41.1637 1216800
41.1757 1218240
41.1876 1219680
41.2217 1221120
41.2336 1222560
41.2456 1224000
41.2576 1225440
41.2695 1226880
41.2815 1228320
41.2934 1229760
41.3054 1231200
41.3173 1232640
41.3293 1234080
41.3412 1235520
41.3532 1236960
41.3651 1238400
41.3771 1239840
41.389 1241280
41.401 1242720
41.4129 1244160
41.4429 1245600
41.4549 1247040
41.4668 1248480
41.4788 1249920
41.4907 1251360
41.5027 1252800
41.5146 1254240
41.5266 1255680
41.5385 1257120
41.5505 1258560
41.5624 1260000
41.5744 1261440
41.5863 1262880
41.5983 1264320
41.6102 1265760
41.6222 1267200
41.6341 1268640
41.6601 1270080
41.672 1271520
41.684 1272960
41.6959 1274400
41.7079 1275840
41.7198 1277280
41.7318 1278720
41.7437 1280160
41.7557 1281600
41.7676 1283040
41.7796 1284480
41.7915 1285920
41.8035 1287360
41.8154 1288800
41.8274 1290240
41.8393 1291680
41.8513 1293120
41.8632 1294560
41.8851 1296000
41.8971 1297440
41.909 1298880
41.921 1300320
41.9329 1301760
41.9449 1303200
41.9568 1304640
41.9688 1306080
41.9807 1307520
41.9927 1308960
42.0046 1310400
42.0166 1311840
42.0285 1313280
42.0405 1314720
42.0524 1316160
42.0644 1317600
42.0763 1319040
42.0883 1320480
42.1058 1321920
42.1178 1323360
42.1297 1324800
42.1417 1326240
42.1537 1327680
42.1656 1329120
42.1776 1330560
42.1895 1332000
42.2015 1333440
42.2134 1334880
42.2254 1336320
42.2373 1337760
42.2493 1339200
42.2612 1340640
42.2732 1342080
42.2851 1343520
42.2971 1344960
42.309 1346400
42.3223 1347840
42.3342 1349280
42.3462 1350720
42.3581 1352160
42.3701 1353600
42.382 1355040
42.394 1356480
42.4059 1357920
42.4179 1359360
42.4298 1360800
42.4418 1362240
42.4538 1363680
42.4657 1365120
42.4777 1366560
42.4896 1368000
42.5016 1369440
42.5135 1370880
42.5255 1372320
42.5374 1373760
42.5494 1375200
42.5613 1376640
42.5733 1378080
42.5852 1379520
42.5972 1380960
42.6091 1382400
42.6211 1383840
42.633 1385280
42.645 1386720
42.6569 1388160
42.6689 1389600
42.6808 1391040
42.6928 1392480
42.7047 1393920
42.7167 1395360
42.7286 1396800
42.7406 1398240
42.7525 1399680
42.7645 1401120
42.7765 1402560
42.7884 1404000
42.8004 1405440
42.8123 1406880
42.8243 1408320
42.8362 1409760
42.8482 1411200
42.8601 1412640
42.8721 1414080
42.884 1415520
42.896 1416960
42.9079 1418400
42.9199 1419840
42.9318 1421280
42.9438 1422720
42.9557 1424160
42.9677 1425600
42.9796 1427040
42.9916 1428480
43.0035 1429920
43.0155 1431360
43.0274 1432800
43.0394 1434240
43.0513 1435680
43.0633 1437120
43.0753 1438560
43.0872 1440000
43.0992 1441440
43.1111 1442880
43.1231 1444320
43.135 1445760
43.147 1447200
43.1589 1448640
43.1709 1450080
43.1828 1451520
43.1948 1452960
43.2067 1454400
43.2187 1455840
43.2306 1457280
43.2426 1458720
43.2545 1460160
43.2665 1461600
43.2784 1463040
43.2904 1464480
43.3023 1465920
43.3143 1467360
43.3262 1468800
43.3382 1470240
43.3501 1471680
43.3621 1473120
43.3741 1474560
43.386 1476000
43.398 1477440
43.4099 1478880
43.4219 1480320
43.4338 1481760
43.4458 1483200
43.4577 1484640
43.4697 1486080
43.4816 1487520
43.4936 1488960
43.5055 1490400
43.5175 1491840
43.5294 1493280
43.5414 1494720
43.5533 1496160
43.5653 1497600
43.5772 1499040
43.5892 1500480
43.6011 1501920
43.6131 1503360
43.625 1504800
43.637 1506240
43.6489 1507680
43.6609 1509120
43.6728 1510560
43.6848 1512000
43.6968 1513440
43.7087 1514880
43.7171 1514880
43.7171 1323360
44.9633 1323360
44.9633 1440
44.9784 2880
45.1987 4320
45.419 5760
45.6392 7200
45.8595 8640
46.0798 10080
46.3 11520
46.3003 12960
46.3005 14400
46.3007 15840
46.301 17280
46.3012 18720
46.3015 20160
46.5203 21600
46.5208 23040
46.521 24480
46.5212 25920
46.5215 27360
46.5217 28800
46.522 30240
46.5222 31680
46.5224 33120
46.5227 34560
46.5229 36000
46.5234 37440
46.7406 38880
46.7408 40320
46.741 41760
46.7413 43200
46.7415 44640
46.7418 46080
46.7422 47520
46.7425 48960
46.7427 50400
46.7429 51840
46.7432 53280
46.7434 54720
46.7437 56160
46.7439 57600
46.7441 59040
46.7444 60480
46.7446 61920
46.7449 63360
46.7451 64800
46.7453 66240
46.7456 67680
46.7458 69120
46.7461 70560
46.7463 72000
46.7465 73440
46.9608 74880
46.9611 76320
46.9613 77760
46.9615 79200
46.9618 80640
46.962 82080
46.9623 83520
46.9625 84960
46.9627 86400
46.963 87840
46.9632 89280
46.9634 90720
46.9637 92160
46.9639 93600
46.9642 95040
46.9644 96480
46.9646 97920
46.9649 99360
46.9651 100800
46.9654 102240
46.9656 103680
46.9658 105120
46.9661 106560
46.9663 108000
46.9694 109440
46.9697 110880
46.9699 112320
46.9701 113760
46.9704 115200
46.9706 116640
46.9709 118080
46.9713 119520
46.9716 120960
46.9718 122400
46.9721 123840
46.9723 125280
46.9725 126720
46.9728 128160
47.1811 129600
47.1813 131040
47.1816 132480
47.182 133920
47.1823 135360
47.1825 136800
47.1828 138240
47.183 139680
47.1832 141120
47.1835 142560
47.1837 144000
47.1842 145440
47.1844 146880
47.1847 148320
47.1849 149760
47.1851 151200
47.1854 152640
47.1856 154080
47.1859 155520
47.1861 156960
47.1863 158400
47.1981 159840
47.1983 161280
47.1985 162720
47.4092 164160
47.4095 165600
47.4097 167040
47.4214 168480
47.4217 169920
47.4219 171360
47.4336 172800
47.4339 174240
47.4341 175680
47.6391 177120
47.6393 178560
47.6395 180000
47.6513 181440
47.6515 182880
47.6517 184320
47.6634 185760
47.6637 187200
47.6639 188640
48.6639 188640
48.6639 1440
48.8842 2880
49.1044 4320
49.3247 5760
49.325 7200
49.3252 8640
49.5459 10080
49.5462 11520
49.7674 12960
49.7679 14400
49.7683 15840
49.7688 17280
49.9879 18720
49.9884 20160
49.9888 21600
49.9893 23040
49.9898 24480
49.9903 25920
50.2084 27360
50.2089 28800
50.2093 30240
50.2098 31680
50.2103 33120
50.2108 34560
50.2113 36000
50.2117 37440
50.2122 38880
50.4289 40320
50.4294 41760
50.4298 43200
50.4303 44640
50.4308 46080
50.4313 47520
50.4318 48960
50.4322 50400
50.4327 51840
50.4332 53280
50.4337 54720
50.4341 56160
50.4346 57600
50.6349 59040
50.6494 60480
50.6499 61920
50.6503 63360
50.6508 64800
50.6513 66240
50.6518 67680
50.6523 69120
50.6527 70560
50.6532 72000
50.6537 73440
50.6542 74880
50.6546 76320
50.6551 77760
50.6556 79200
50.6561 80640
50.6566 82080
50.657 83520
50.6575 84960
50.658 86400
50.8551 87840
50.8696 89280
50.8701 90720
50.8706 92160
50.8711 93600
50.8716 95040
50.872 96480
50.8725 97920
50.873 99360
50.8735 100800
50.8739 102240
50.8744 103680
50.8749 105120
50.8754 106560
50.8759 108000
50.8763 109440
50.8768 110880
50.8773 112320
50.8778 113760
50.8783 115200
50.8787 116640
50.8792 118080
50.8797 119520
50.8802 120960
50.8806 122400
50.8811 123840
50.8816 125280
50.8821 126720
50.8826 128160
50.883 129600
51.0756 131040
51.0899 132480
51.0904 133920
51.0909 135360
51.0913 136800
51.0918 138240
51.0923 139680
51.0928 141120
51.0933 142560
51.0937 144000
51.0942 145440
51.0947 146880
51.0952 148320
51.0956 149760
51.0961 151200
51.0966 152640
51.0971 154080
51.0976 155520
51.098 156960
51.0985 158400
51.099 159840
51.0995 161280
51.0999 162720
51.1004 164160
51.1047 165600
51.3154 167040
51.3274 168480
51.5323 169920
51.5443 171360
51.5562 172800
51.7607 174240
51.7727 175680
51.9764 177120
51.9884 178560
52.1917 180000
52.2036 181440
52.2156 182880
52.4184 184320
52.4303 185760
52.6324 187200
52.6444 188640
52.6563 190080
52.858 191520
52.8699 192960
52.8819 194400
53.0828 195840
53.0947 197280
53.2949 198720
53.3068 200160
53.3188 201600
53.5185 203040
53.5305 204480
53.5424 205920
53.7414 207360
53.7533 208800
53.7653 210240
53.9636 211680
53.9755 213120
53.9875 214560
54.185 216000
54.197 217440
54.2089 218880
54.4058 220320
54.4177 221760
54.4297 223200
54.6258 224640
54.6377 226080
54.6497 227520
54.8451 228960
54.857 230400
54.869 231840
55.0637 233280
55.0756 234720
55.0876 236160
55.2815 237600
55.2935 239040
55.3054 240480
55.4987 241920
55.5106 243360
55.5226 244800
55.5345 246240
55.7271 247680
55.739 249120
55.751 250560
55.9426 252000
55.9545 253440
55.9665 254880
55.9784 256320
56.1693 257760
56.1812 259200
56.1932 260640
56.3831 262080
56.395 263520
56.407 264960
56.4189 266400
56.6081 267840
56.6201 269280
56.632 270720
56.8203 272160
56.8322 273600
56.8442 275040
56.8561 276480
57.0436 277920
57.0556 279360
57.0675 280800
57.0795 282240
57.266 283680
57.278 285120
57.2899 286560
57.3019 288000
57.4875 289440
57.4994 290880
57.5114 292320
57.5233 293760
57.708 295200
57.7199 296640
57.7319 298080
57.7438 299520
57.9275 300960
57.9395 302400
57.9514 303840
57.9634 305280
58.1461 306720
58.1581 308160
58.17 309600
58.182 311040
58.3637 312480
58.3757 313920
58.3876 315360
58.3996 316800
58.4116 318240
58.5924 319680
58.6043 321120
58.6163 322560
58.6282 324000
58.8079 325440
58.8198 326880
58.8318 328320
58.8437 329760
58.8557 331200
59.0343 332640
59.0463 334080
59.0582 335520
59.0702 336960
59.2477 338400
59.2596 339840
59.2716 341280
59.2835 342720
59.2955 344160
59.472 345600
59.4839 347040
59.4959 348480
59.5078 349920
59.5198 351360
59.6951 352800
59.7071 354240
59.719 355680
59.731 357120
59.8915 358560
59.917 360000
59.929 361440
59.9409 362880
59.9529 364320
60.1258 365760
60.1378 367200
60.1497 368640
60.1617 370080
60.1736 371520
60.3323 372960
60.3576 374400
60.3695 375840
60.3815 377280
60.3934 378720
60.4054 380160
60.5759 381600
60.5879 383040
60.5998 384480
60.6118 385920
60.6237 387360
60.7931 388800
60.805 390240
60.817 391680
60.8289 393120
60.8409 394560
61.009 396000
61.021 397440
61.0329 398880
61.0449 400320
61.0568 401760
61.0688 403200
61.2357 404640
61.2477 406080
61.2596 407520
61.2716 408960
61.2835 410400
61.4491 411840
61.461 413280
61.473 414720
61.4849 416160
61.4969 417600
61.5088 419040
61.6731 420480
61.6851 421920
61.697 423360
61.709 424800
61.721 426240
61.7329 427680
61.8958 429120
61.9077 430560
61.9197 432000
61.9317 433440
61.9436 434880
61.9556 436320
62.117 437760
62.129 439200
62.1409 440640
62.1529 442080
62.1648 443520
62.1768 444960
62.3368 446400
62.3487 447840
62.3607 449280
62.3726 450720
62.3846 452160
62.3966 453600
62.5551 455040
62.5671 456480
62.579 457920
62.591 459360
62.6029 460800
62.6149 462240
62.7721 463680
62.784 465120
62.796 466560
62.8079 468000
62.8199 469440
62.8318 470880
62.8438 472320
62.9995 473760
63.0114 475200
63.0234 476640
63.0353 478080
63.0473 479520
63.0592 480960
63.2133 482400
63.2252 483840
63.2372 485280
63.2491 486720
63.2611 488160
63.2731 489600
63.285 491040
63.4376 492480
63.4496 493920
63.4615 495360
63.4735 496800
63.4854 498240
63.4974 499680
63.5093 501120
63.6603 502560
63.6722 504000
63.6842 505440
63.6961 506880
63.7081 508320
63.72 509760
63.732 511200
63.8812 512640
63.8932 514080
63.9051 515520
63.9171 516960
63.9291 518400
63.941 519840
63.953 521280
64.1005 522720
64.1125 524160
64.1245 525600
64.1364 527040
64.1484 528480
64.1603 529920
64.1723 531360
64.3182 532800
64.3301 534240
64.3421 535680
64.354 537120
64.366 538560
64.3779 540000
64.3899 541440
64.5341 542880
64.5461 544320
64.558 545760
64.57 547200
64.5819 548640
64.5939 550080
64.6058 551520
64.6178 552960
64.7604 554400
64.7723 555840
64.7843 557280
64.7962 558720
64.8082 560160
64.8201 561600
64.8321 563040
64.844 564480
64.9847 565920
64.9966 567360
65.0086 568800
65.0206 570240
65.0325 571680
65.0445 573120
65.0564 574560
65.1952 576000
65.2071 577440
65.2191 578880
65.231 580320
65.243 581760
65.2549 583200
65.2669 584640
65.2788 586080
65.4159 587520
65.4278 588960
65.4398 590400
65.4517 591840
65.4637 593280
65.4757 594720
65.4876 596160
65.4996 597600
65.6347 599040
65.6467 600480
65.6586 601920
65.6706 603360
65.6825 604800
65.6945 606240
65.7064 607680
65.7184 609120
65.7303 610560
65.8636 612000
65.8755 613440
65.8875 614880
65.8994 616320
65.9114 617760
65.9233 619200
65.9353 620640
65.9472 622080
66.0783 623520
66.0903 624960
66.1023 626400
66.1142 627840
66.1262 629280
66.1381 630720
66.1501 632160
66.162 633600
66.174 635040
66.3031 636480
66.3151 637920
66.3271 639360
66.339 640800
66.351 642240
66.3629 643680
66.3749 645120
66.3868 646560
66.3988 648000
66.5258 649440
66.5378 650880
66.5497 652320
66.5617 653760
66.5736 655200
66.5856 656640
66.5975 658080
66.6095 659520
66.6214 660960
66.7463 662400
66.7582 663840
66.7702 665280
66.7822 666720
66.7941 668160
66.8061 669600
66.818 671040
66.83 672480
66.8419 673920
66.9646 675360
66.9766 676800
66.9885 678240
67.0005 679680
67.0125 681120
67.0244 682560
67.0364 684000
67.0483 685440
67.0603 686880
67.1808 688320
67.1928 689760
67.2047 691200
67.2167 692640
67.2286 694080
67.2406 695520
67.2526 696960
67.2645 698400
67.2765 699840
67.2884 701280
67.4068 702720
67.4188 704160
67.4307 705600
67.4427 707040
67.4546 708480
67.4666 709920
67.4786 711360
67.4905 712800
67.5025 714240
67.6185 715680
67.6304 717120
67.6424 718560
67.6543 720000
67.6663 721440
67.6783 722880
67.6902 724320
67.7022 725760
67.7141 727200
67.7261 728640
67.8399 730080
67.8519 731520
67.8639 732960
67.8758 734400
67.8878 735840
67.8997 737280
67.9117 738720
67.9236 740160
67.9356 741600
67.9475 743040
68.059 744480
68.071 745920
68.0829 747360
68.0949 748800
68.1068 750240
68.1188 751680
68.1307 753120
68.1427 754560
68.1546 756000
68.1666 757440
68.1785 758880
68.2876 760320
68.2996 761760
68.3115 763200
68.3235 764640
68.3354 766080
68.3474 767520
68.3594 768960
68.3713 770400
68.3833 771840
68.3952 773280
68.5017 774720
68.5136 776160
68.5256 777600
68.5375 779040
68.5495 780480
68.5614 781920
68.5734 783360
68.5853 784800
68.5973 786240
68.6093 787680
68.6212 789120
68.7253 790560
68.7372 792000
68.7492 793440
68.7611 794880
68.7731 796320
68.7851 797760
68.797 799200
68.809 800640
68.8209 802080
68.8329 803520
68.8448 804960
68.9463 806400
68.9582 807840
68.9702 809280
68.9821 810720
68.9941 812160
69.006 813600
69.018 815040
69.0299 816480
69.0419 817920
69.0538 819360
69.0658 820800
69.1646 822240
69.1766 823680
69.1885 825120
69.2005 826560
69.2124 828000
69.2244 829440
69.2363 830880
69.2483 832320
69.2602 833760
69.2722 835200
69.2841 836640
69.2961 838080
69.3923 839520
69.4042 840960
69.4162 842400
69.4281 843840
69.4401 845280
69.452 846720
69.464 848160
69.476 849600
69.4879 851040
69.4999 852480
69.5118 853920
69.6051 855360
69.6171 856800
69.629 858240
69.641 859680
69.6529 861120
69.6649 862560
69.6768 864000
69.6888 865440
69.7008 866880
69.7127 868320
69.7247 869760
69.7366 871200
69.8273 872640
69.8393 874080
69.8512 875520
69.8632 876960
69.8751 878400
69.8871 879840
69.899 881280
69.911 882720
69.9229 884160
69.9349 885600
69.9468 887040
69.9588 888480
70.0466 889920
70.0586 891360
70.0705 892800
70.0825 894240
70.0944 895680
70.1064 897120
70.1183 898560
70.1303 900000
70.1422 901440
70.1542 902880
70.1661 904320
70.1781 905760
70.263 907200
70.275 908640
70.287 910080
70.2989 911520
70.3109 912960
70.3228 914400
70.3348 915840
70.3467 917280
70.3587 918720
70.3706 920160
70.3826 921600
70.3945 923040
70.4065 924480
70.4886 925920
70.5005 927360
70.5125 928800
70.5244 930240
70.5364 931680
70.5483 933120
70.5603 934560
70.5722 936000
70.5842 937440
70.5961 938880
70.6081 940320
70.62 941760
70.632 943200
70.711 944640
70.7229 946080
70.7349 947520
70.7468 948960
70.7588 950400
70.7707 951840
70.7827 953280
70.7946 954720
70.8066 956160
70.8185 957600
70.8305 959040
70.8425 960480
70.8544 961920
70.9303 963360
70.9422 964800
70.9542 966240
70.9661 967680
70.9781 969120
70.99 970560
71.002 972000
71.0139 973440
71.0259 974880
71.0379 976320
71.0498 977760
71.0618 979200
71.0737 980640
71.1465 982080
71.1584 983520
71.1704 984960
71.1823 986400
71.1943 987840
71.2062 989280
71.2182 990720
71.2301 992160
71.2421 993600
71.254 995040
71.266 996480
71.278 997920
71.2899 999360
71.3019 1000800
71.3715 1002240
71.3835 1003680
71.3954 1005120
71.4074 1006560
71.4193 1008000
71.4313 1009440
71.4432 1010880
71.4552 1012320
71.4671 1013760
71.4791 1015200
71.491 1016640
71.503 1018080
71.5149 1019520
71.5269 1020960
71.5932 1022400
71.6052 1023840
71.6171 1025280
71.6291 1026720
71.641 1028160
71.653 1029600
71.6649 1031040
71.6769 1032480
71.6888 1033920
71.7008 1035360
71.7127 1036800
71.7247 1038240
71.7366 1039680
71.7486 1041120
71.8116 1042560
71.8235 1044000
71.8355 1045440
71.8474 1046880
71.8594 1048320
71.8713 1049760
71.8833 1051200
71.8952 1052640
71.9072 1054080
71.9191 1055520
71.9311 1056960
71.943 1058400
71.955 1059840
71.9669 1061280
72.0266 1062720
72.0385 1064160
72.0505 1065600
72.0624 1067040
72.0744 1068480
72.0863 1069920
72.0983 1071360
72.1102 1072800
72.1222 1074240
72.1341 1075680
72.1461 1077120
72.158 1078560
72.17 1080000
72.1819 1081440
72.1939 1082880
72.2502 1084320
72.2621 1085760
72.2741 1087200
72.286 1088640
72.298 1090080
72.3099 1091520
72.3219 1092960
72.3338 1094400
72.3458 1095840
72.3577 1097280
72.3697 1098720
72.3816 1100160
72.3936 1101600
72.4055 1103040
72.4175 1104480
72.4702 1105920
72.4821 1107360
72.4941 1108800
72.506 1110240
72.518 1111680
72.53 1113120
72.5419 1114560
72.5539 1116000
72.5658 1117440
72.5778 1118880
72.5897 1120320
72.6017 1121760
72.6136 1123200
72.6256 1124640
72.6375 1126080
72.6866 1127520
72.6986 1128960
72.7105 1130400
72.7225 1131840
72.7344 1133280
72.7464 1134720
72.7583 1136160
72.7703 1137600
72.7822 1139040
72.7942 1140480
72.8061 1141920
72.8181 1143360
72.83 1144800
72.842 1146240
72.854 1147680
72.8659 1149120
72.9114 1150560
72.9234 1152000
72.9353 1153440
72.9473 1154880
72.9592 1156320
72.9712 1157760
72.9831 1159200
72.9951 1160640
73.007 1162080
73.019 1163520
73.0309 1164960
73.0429 1166400
73.0549 1167840
73.0668 1169280
73.0788 1170720
73.0907 1172160
73.1324 1173600
73.1444 1175040
73.1563 1176480
73.1683 1177920
73.1802 1179360
73.1922 1180800
73.2041 1182240
73.2161 1183680
73.228 1185120
73.24 1186560
73.2519 1188000
73.2639 1189440
73.2758 1190880
73.2878 1192320
73.2997 1193760
73.3117 1195200
73.3496 1196640
73.3615 1198080
73.3735 1199520
73.3854 1200960
73.3974 1202400
73.4093 1203840
73.4213 1205280
73.4332 1206720
73.4452 1208160
73.4571 1209600
73.4691 1211040
73.481 1212480
73.493 1213920
73.5049 1215360
73.5169 1216800
73.5288 1218240
73.5408 1219680
73.5748 1221120
73.5868 1222560
73.5987 1224000
73.6107 1225440
73.6226 1226880
73.6346 1228320
73.6465 1229760
73.6585 1231200
73.6705 1232640
73.6824 1234080
73.6944 1235520
73.7063 1236960
73.7183 1238400
73.7302 1239840
73.7422 1241280
73.7541 1242720
73.7661 1244160
73.7961 1245600
73.808 1247040
73.82 1248480
73.8319 1249920
73.8439 1251360
73.8558 1252800
73.8678 1254240
73.8797 1255680
73.8917 1257120
73.9036 1258560
73.9156 1260000
73.9275 1261440
73.9395 1262880
73.9514 1264320
73.9634 1265760
73.9753 1267200
73.9873 1268640
74.0132 1270080
74.0252 1271520
74.0371 1272960
74.0491 1274400
74.061 1275840
74.073 1277280
74.0849 1278720
74.0969 1280160
74.1088 1281600
74.1208 1283040
74.1327 1284480
74.1447 1285920
74.1566 1287360
74.1686 1288800
74.1805 1290240
74.1925 1291680
74.2044 1293120
74.2164 1294560
74.2382 1296000
74.2502 1297440
74.2622 1298880
74.2741 1300320
74.2861 1301760
74.298 1303200
74.31 1304640
74.3219 1306080
74.3339 1307520
74.3458 1308960
74.3578 1310400
74.3697 1311840
74.3817 1313280
74.3936 1314720
74.4056 1316160
74.4175 1317600
74.4295 1319040
74.4414 1320480
74.459 1321920
74.4709 1323360
74.4829 1324800
74.4948 1326240
74.5068 1327680
74.5187 1329120
74.5307 1330560
74.5426 1332000
74.5546 1333440
74.5666 1334880
74.5785 1336320
74.5905 1337760
74.6024 1339200
74.6144 1340640
74.6263 1342080
74.6383 1343520
74.6502 1344960
74.6622 1346400
74.6754 1347840
74.6874 1349280
74.6993 1350720
74.7113 1352160
74.7232 1353600
74.7352 1355040
74.7471 1356480
74.7591 1357920
74.771 1359360
74.783 1360800
74.7949 1362240
74.8069 1363680
74.8188 1365120
74.8308 1366560
74.8427 1368000
74.8547 1369440
74.8667 1370880
74.8786 1372320
74.8906 1373760
74.9025 1375200
74.9145 1376640
74.9264 1378080
74.9384 1379520
74.9503 1380960
74.9623 1382400
74.9742 1383840
74.9862 1385280
74.9981 1386720
75.0101 1388160
75.022 1389600
75.034 1391040
75.0459 1392480
75.0579 1393920
75.0698 1395360
75.0818 1396800
75.0937 1398240
75.1057 1399680
75.1176 1401120
75.1296 1402560
75.1415 1404000
75.1535 1405440
75.1655 1406880
75.1774 1408320
75.1894 1409760
75.2013 1411200
75.2133 1412640
75.2252 1414080
75.2372 1415520
75.2491 1416960
75.2611 1418400
75.273 1419840
75.285 1421280
75.2969 1422720
75.3089 1424160
75.3208 1425600
75.3328 1427040
75.3447 1428480
75.3567 1429920
75.3686 1431360
75.3806 1432800
75.3925 1434240
75.4045 1435680
75.4164 1437120
75.4284 1438560
75.4403 1440000
75.4523 1441440
75.4642 1442880
75.4762 1444320
75.4882 1445760
75.5001 1447200
75.5121 1448640
75.524 1450080
75.536 1451520
75.5479 1452960
75.5599 1454400
75.5718 1455840
75.5838 1457280
75.5957 1458720
75.6077 1460160
75.6196 1461600
75.6316 1463040
75.6435 1464480
75.6555 1465920
75.6674 1467360
75.6794 1468800
75.6913 1470240
75.7033 1471680
75.7152 1473120
75.7272 1474560
75.7391 1476000
75.7511 1477440
75.763 1478880
75.775 1480320
75.787 1481760
75.7989 1483200
75.8109 1484640
75.8228 1486080
75.8348 1487520
75.8467 1488960
75.8587 1490400
75.8706 1491840
75.8826 1493280
75.8945 1494720
75.9065 1496160
75.9184 1497600
75.9304 1499040
75.9423 1500480
75.9543 1501920
75.9662 1503360
75.9782 1504800
75.9901 1506240
76.0021 1507680
76.014 1509120
76.026 1510560
76.0379 1512000
76.0499 1513440
76.0618 1514880
76.0702 1514880
76.0702 1323360
77.3164 1323360
77.3164 1440
77.3316 2880
77.5518 4320
77.7721 5760
77.9924 7200
78.2126 8640
78.4329 10080
78.6532 11520
78.6534 12960
78.6536 14400
78.6539 15840
78.6541 17280
78.6544 18720
78.6546 20160
78.8734 21600
78.8739 23040
78.8742 24480
78.8744 25920
78.8746 27360
78.8749 28800
78.8751 30240
78.8753 31680
78.8756 33120
78.8758 34560
78.8761 36000
78.8765 37440
79.0937 38880
79.0939 40320
79.0942 41760
79.0944 43200
79.0947 44640
79.0949 46080
79.0954 47520
79.0956 48960
79.0958 50400
79.0961 51840
79.0963 53280
79.0966 54720
79.0968 56160
79.097 57600
79.0973 59040
79.0975 60480
79.0978 61920
79.098 63360
79.0982 64800
79.0985 66240
79.0987 67680
79.099 69120
79.0992 70560
79.0994 72000
79.0997 73440
79.314 74880
79.3142 76320
79.3144 77760
79.3147 79200
79.3149 80640
79.3152 82080
79.3154 83520
79.3156 84960
79.3159 86400
79.3161 87840
79.3164 89280
79.3166 90720
79.3168 92160
79.3171 93600
79.3173 95040
79.3175 96480
79.3178 97920
79.318 99360
79.3183 100800
79.3185 102240
79.3187 103680
79.319 105120
79.3192 106560
79.3195 108000
79.3226 109440
79.3228 110880
79.323 112320
79.3233 113760
79.3235 115200
79.3238 116640
79.324 118080
79.3245 119520
79.3247 120960
79.325 122400
79.3252 123840
79.3254 125280
79.3257 126720
79.3259 128160
79.5342 129600
79.5345 131040
79.5347 132480
79.5352 133920
79.5354 135360
79.5357 136800
79.5359 138240
79.5361 139680
79.5364 141120
79.5366 142560
79.5369 144000
79.5373 145440
79.5376 146880
79.5378 148320
79.5381 149760
79.5383 151200
79.5385 152640
79.5388 154080
79.539 155520
79.5392 156960
79.5395 158400
79.5512 159840
79.5514 161280
79.5517 162720
79.7624 164160
79.7626 165600
79.7629 167040
79.7746 168480
79.7748 169920
79.775 171360
79.7868 172800
79.787 174240
79.7872 175680
79.9922 177120
79.9924 178560
79.9927 180000
80.0044 181440
80.0046 182880
80.0049 184320
80.0166 185760
80.0168 187200
80.0171 188640
81.0171 188640
81.0171 1440
81.2373 2880
81.4576 4320
81.6779 5760
81.6781 7200
81.6783 8640
81.8991 10080
81.8993 11520
82.1205 12960
82.121 14400
82.1215 15840
82.122 17280
82.341 18720
82.3415 20160
82.342 21600
82.3425 23040
82.3429 24480
82.3434 25920
82.5615 27360
82.562 28800
82.5625 30240
82.563 31680
82.5634 33120
82.5639 34560
82.5644 36000
82.5649 37440
82.5654 38880
82.782 40320
82.7825 41760
82.783 43200
82.7835 44640
82.7839 46080
82.7844 47520
82.7849 48960
82.7854 50400
82.7859 51840
82.7863 53280
82.7868 54720
82.7873 56160
82.7878 57600
82.988 59040
83.0025 60480
83.003 61920
83.0035 63360
83.004 64800
83.0044 66240
83.0049 67680
83.0054 69120
83.0059 70560
83.0064 72000
83.0068 73440
83.0073 74880
83.0078 76320
83.0083 77760
83.0087 79200
83.0092 80640
83.0097 82080
83.0102 83520
83.0107 84960
83.0111 86400
83.2083 87840
83.2228 89280
83.2233 90720
83.2237 92160
83.2242 93600
83.2247 95040
83.2252 96480
83.2257 97920
83.2261 99360
83.2266 100800
83.2271 102240
83.2276 103680
83.228 105120
83.2285 106560
83.229 108000
83.2295 109440
83.23 110880
83.2304 112320
83.2309 113760
83.2314 115200
83.2319 116640
83.2323 118080
83.2328 119520
83.2333 120960
83.2338 122400
83.2343 123840
83.2347 125280
83.2352 126720
83.2357 128160
83.2362 129600
83.4288 131040
83.443 132480
83.4435 133920
83.444 135360
83.4445 136800
83.445 138240
83.4454 139680
83.4459 141120
83.4464 142560
83.4469 144000
83.4473 145440
83.4478 146880
83.4483 148320
83.4488 149760
83.4493 151200
83.4497 152640
83.4502 154080
83.4507 155520
83.4512 156960
83.4517 158400
83.4521 159840
83.4526 161280
83.4531 162720
83.4536 164160
83.4579 165600
83.6686 167040
83.6805 168480
83.8855 169920
83.8974 171360
83.9094 172800
84.1139 174240
84.1258 175680
84.3296 177120
84.3415 178560
84.5448 180000
84.5568 181440
84.5687 182880
84.7715 184320
84.7835 185760
84.9856 187200
84.9975 188640
85.0095 190080
85.2111 191520
85.2231 192960
85.235 194400
85.4359 195840
85.4479 197280
85.648 198720
85.66 200160
85.6719 201600
85.8716 203040
85.8836 204480
85.8955 205920
86.0945 207360
86.1065 208800
86.1184 210240
86.3167 211680
86.3287 213120
86.3406 214560
86.5382 216000
86.5501 217440
86.5621 218880
86.7589 220320
86.7709 221760
86.7828 223200
86.9789 224640
86.9909 226080
87.0028 227520
87.1982 228960
87.2102 230400
87.2221 231840
87.4168 233280
87.4288 234720
87.4407 236160
87.6347 237600
87.6466 239040
87.6586 240480
87.8518 241920
87.8638 243360
87.8757 244800
87.8877 246240
88.0802 247680
88.0922 249120
88.1041 250560
88.2957 252000
88.3077 253440
88.3196 254880
88.3316 256320
88.5224 257760
88.5344 259200
88.5463 260640
88.7362 262080
88.7482 263520
88.7601 264960
88.7721 266400
88.9613 267840
88.9732 269280
88.9852 270720
89.1734 272160
89.1853 273600
89.1973 275040
89.2092 276480
89.3968 277920
89.4087 279360
89.4207 280800
89.4326 282240
89.6192 283680
89.6311 285120
89.6431 286560
89.655 288000
89.8406 289440
89.8526 290880
89.8645 292320
89.8765 293760
90.0611 295200
90.0731 296640
90.085 298080
90.097 299520
90.2807 300960
90.2926 302400
90.3046 303840
90.3165 305280
90.4993 306720
90.5112 308160
90.5232 309600
90.5351 311040
90.7169 312480
90.7288 313920
90.7408 315360
90.7527 316800
90.7647 318240
90.9455 319680
90.9575 321120
90.9694 322560
90.9814 324000
91.161 325440
91.1729 326880
91.1849 328320
91.1968 329760
91.2088 331200
91.3875 332640
91.3994 334080
91.4114 335520
91.4233 336960
91.6008 338400
91.6127 339840
91.6247 341280
91.6367 342720
91.6486 344160
91.8251 345600
91.8371 347040
91.849 348480
91.861 349920
91.8729 351360
92.0482 352800
92.0602 354240
92.0722 355680
92.0841 357120
92.2447 358560
92.2702 360000
92.2821 361440
92.2941 362880
92.306 364320
92.479 365760
92.4909 367200
92.5029 368640
92.5148 370080
92.5268 371520
92.6854 372960
92.7107 374400
92.7227 375840
92.7346 377280
92.7466 378720
92.7585 380160
92.929 381600
92.941 383040
92.953 384480
92.9649 385920
92.9769 387360
93.1462 388800
93.1582 390240
93.1701 391680
93.1821 393120
93.194 394560
93.3622 396000
93.3741 397440
93.3861 398880
93.398 400320
93.41 401760
93.4219 403200
93.5889 404640
93.6008 406080
93.6128 407520
93.6247 408960
93.6367 410400
93.8022 411840
93.8142 413280
93.8261 414720
93.8381 416160
93.85 417600
93.862 419040
94.0263 420480
94.0382 421920
94.0502 423360
94.0621 424800
94.0741 426240
94.086 427680
94.2489 429120
94.2609 430560
94.2728 432000
94.2848 433440
94.2967 434880
94.3087 436320
94.4702 437760
94.4821 439200
94.4941 440640
94.506 442080
94.518 443520
94.5299 444960
94.6899 446400
94.7019 447840
94.7138 449280
94.7258 450720
94.7377 452160
94.7497 453600
94.9083 455040
94.9202 456480
94.9322 457920
94.9441 459360
94.9561 460800
94.968 462240
95.1252 463680
95.1371 465120
95.1491 466560
95.1611 468000
95.173 469440
95.185 470880
95.1969 472320
95.3526 473760
95.3646 475200
95.3765 476640
95.3885 478080
95.4004 479520
95.4124 480960
95.5664 482400
95.5784 483840
95.5903 485280
95.6023 486720
95.6142 488160
95.6262 489600
95.6381 491040
95.7908 492480
95.8027 493920
95.8147 495360
95.8266 496800
95.8386 498240
95.8505 499680
95.8625 501120
96.0134 502560
96.0254 504000
96.0373 505440
96.0493 506880
96.0612 508320
96.0732 509760
96.0851 511200
96.2344 512640
96.2463 514080
96.2583 515520
96.2702 516960
96.2822 518400
96.2941 519840
96.3061 521280
96.4537 522720
96.4656 524160
96.4776 525600
96.4895 527040
96.5015 528480
96.5134 529920
96.5254 531360
96.6713 532800
96.6833 534240
96.6952 535680
96.7072 537120
96.7191 538560
96.7311 540000
96.743 541440
96.8873 542880
96.8992 544320
96.9112 545760
96.9231 547200
96.9351 548640
96.947 550080
96.959 551520
96.9709 552960
97.1135 554400
97.1255 555840
97.1374 557280
97.1494 558720
97.1613 560160
97.1733 561600
97.1852 563040
97.1972 564480
97.3378 565920
97.3498 567360
97.3617 568800
97.3737 570240
97.3856 571680
97.3976 573120
97.4095 574560
97.5483 576000
97.5602 577440
97.5722 578880
97.5842 580320
97.5961 581760
97.6081 583200
97.62 584640
97.632 586080
97.769 587520
97.781 588960
97.7929 590400
97.8049 591840
97.8168 593280
97.8288 594720
97.8407 596160
97.8527 597600
97.9879 599040
97.9998 600480
98.0118 601920
98.0237 603360
98.0357 604800
98.0476 606240
98.0596 607680
98.0715 609120
98.0835 610560
98.2167 612000
98.2287 613440
98.2406 614880
98.2526 616320
98.2645 617760
98.2765 619200
98.2884 620640
98.3004 622080
98.4315 623520
98.4434 624960
98.4554 626400
98.4673 627840
98.4793 629280
98.4912 630720
98.5032 632160
98.5152 633600
98.5271 635040
98.6563 636480
98.6682 637920
98.6802 639360
98.6921 640800
98.7041 642240
98.716 643680
98.728 645120
98.74 646560
98.7519 648000
98.8789 649440
98.8909 650880
98.9028 652320
98.9148 653760
98.9267 655200
98.9387 656640
98.9507 658080
98.9626 659520
98.9746 660960
99.0994 662400
99.1114 663840
99.1233 665280
99.1353 666720
99.1472 668160
99.1592 669600
99.1712 671040
99.1831 672480
99.1951 673920
99.3178 675360
99.3297 676800
99.3417 678240
99.3536 679680
99.3656 681120
99.3775 682560
99.3895 684000
99.4015 685440
99.4134 686880
99.534 688320
99.5459 689760
99.5579 691200
99.5698 692640
99.5818 694080
99.5937 695520
99.6057 696960
99.6176 698400
99.6296 699840
99.6416 701280
99.76 702720
99.7719 704160
99.7839 705600
99.7958 707040
99.8078 708480
99.8197 709920
99.8317 711360
99.8436 712800
99.8556 714240
99.9716 715680
99.9836 717120
99.9955 718560
100.007 720000
100.019 721440
100.031 722880
100.043 724320
100.055 725760
100.067 727200
100.079 728640
