0.0 0
0.0905768 340
0.0905768 340
0.18279 680
0.276537 1020
0.370283 1360
0.462454 1700
0.465606 2040
0.5562 2380
0.559352 2720
0.562504 3060
0.649946 3400
0.653098 3740
0.65625 4080
0.659402 4420
0.742117 4760
0.745269 5100
0.748421 5440
0.751573 5780
0.754725 6120
0.757877 6460
0.834287 6800
0.837439 7140
0.840591 7480
0.843743 7820
0.846895 8160
0.850047 8500
0.853199 8840
0.856351 9180
0.859503 9520
0.926458 9860
0.92961 10200
0.932762 10540
0.935914 10880
0.939066 11220
0.942218 11560
0.94537 11900
0.948522 12240
0.951674 12580
0.954826 12920
0.957978 13260
0.96113 13600
0.964282 13940
0.967434 14280
1.0202 14620
1.02336 14960
1.02651 15300
1.02966 15640
1.03281 15980
1.03596 16320
1.03912 16660
1.04227 17000
1.04542 17340
1.04857 17680
1.05172 18020
1.05488 18360
1.05803 18700
1.06118 19040
1.06433 19380
1.06748 19720
1.07064 20060
1.07379 20400
1.07694 20740
1.08009 21080
1.08324 21420
1.11395 21760
1.1171 22100
1.12025 22440
1.12341 22780
1.12656 23120
1.12971 23460
1.13286 23800
1.13601 24140
1.13917 24480
1.14232 24820
1.14547 25160
1.14862 25500
1.15177 25840
1.15493 26180
1.15808 26520
1.16123 26860
1.16438 27200
1.16753 27540
1.17069 27880
1.17384 28220
1.17699 28560
1.18014 28900
1.18329 29240
1.18645 29580
1.1896 29920
1.19275 30260
1.1959 30600
1.19905 30940
1.20221 31280
1.20536 31620
1.20851 31960
1.21166 32300
1.21481 32640
1.21797 32980
1.22112 33320
1.22427 33660
1.22742 34000
1.23057 34340
1.23373 34680
1.23688 35020
1.24003 35360
1.24318 35700
1.24633 36040
1.24949 36380
1.25264 36720
1.25579 37060
1.25894 37400
1.26209 37740
1.26525 38080
1.2684 38420
1.27155 38760
1.2747 39100
1.27785 39440
1.28101 39780
1.28416 40120
1.28731 40460
1.29046 40800
1.29361 41140
1.29677 41480
1.29992 41820
1.30307 42160
1.30622 42500
1.30937 42840
1.31253 43180
1.31568 43520
1.31883 43860
1.32198 44200
1.32513 44540
1.32829 44880
1.33144 45220
1.33459 45560
1.33774 45900
1.34089 46240
1.34405 46580
1.3472 46920
1.35035 47260
1.3535 47600
1.35665 47940
1.35981 48280
1.36296 48620
1.36611 48960
1.36926 49300
1.37241 49640
1.37557 49980
1.37872 50320
1.38187 50660
1.38502 51000
1.38817 51340
1.39133 51680
1.39448 52020
1.39763 52360
1.40078 52700
1.40393 53040
1.40709 53380
1.41024 53720
1.41339 54060
1.41654 54400
1.41969 54740
1.42285 55080
1.426 55420
1.42915 55760
1.4323 56100
1.43545 56440
1.43861 56780
1.44176 57120
1.44491 57460
1.44806 57800
1.45121 58140
1.45437 58480
1.45752 58820
1.46067 59160
1.46382 59500
1.46697 59840
1.47013 60180
1.47328 60520
1.47643 60860
1.47958 61200
1.48273 61540
1.48589 61880
1.48904 62220
1.49219 62560
1.49534 62900
1.49849 63240
1.50165 63580
1.5048 63920
1.50795 64260
1.5111 64600
1.51425 64940
1.51741 65280
1.52056 65620
1.52371 65960
1.52686 66300
1.53001 66640
1.53317 66980
1.53632 67320
1.53947 67660
1.54262 68000
1.54577 68340
1.54893 68680
1.55208 69020
1.55523 69360
1.55838 69700
1.56153 70040
1.56469 70380
1.56784 70720
1.57099 71060
1.57414 71400
1.57729 71740
1.58045 72080
1.5836 72420
1.58675 72760
1.5899 73100
1.59305 73440
1.59621 73780
1.59936 74120
1.60251 74460
1.60566 74800
1.60881 75140
1.61197 75480
1.61512 75820
1.61827 76160
1.62142 76500
1.62457 76840
1.62773 77180
1.63088 77520
1.63403 77860
1.63718 78200
1.64033 78540
1.64349 78880
1.64664 79220
1.64979 79560
1.65294 79900
1.65609 80240
1.65925 80580
1.6624 80920
1.66555 81260
1.6687 81600
1.67185 81940
1.67501 82280
1.67816 82620
1.68131 82960
1.68446 83300
1.68761 83640
1.69077 83980
1.69392 84320
1.69707 84660
1.70022 85000
1.70337 85340
1.70653 85680
1.70968 86020
1.71283 86360
1.71598 86700
1.71913 87040
1.72229 87380
1.72544 87720
1.72859 88060
1.73174 88400
1.73489 88740
1.73805 89080
1.7412 89420
1.74435 89760
1.7475 90100
1.75065 90440
1.75381 90780
1.75696 91120
1.76011 91460
1.76326 91800
1.76641 92140
1.76957 92480
1.77272 92820
1.77587 93160
1.77902 93500
1.78217 93840
1.78533 94180
1.78848 94520
1.79163 94860
1.79478 95200
1.79793 95540
1.80109 95880
1.80424 96220
1.80739 96560
1.81054 96900
1.81369 97240
1.81685 97580
1.82 97920
1.82315 98260
1.8263 98600
1.82945 98940
1.83261 99280
1.83576 99620
1.83891 99960
1.84206 100300
1.84521 100640
1.84837 100980
1.85152 101320
1.85467 101660
1.85782 102000
1.86097 102340
1.86413 102680
1.86728 103020
1.87043 103360
1.87358 103700
1.87673 104040
1.87989 104380
1.88304 104720
1.88619 105060
1.88934 105400
1.89249 105740
1.89565 106080
1.8988 106420
1.90195 106760
1.9051 107100
1.90825 107440
1.91141 107780
1.91456 108120
1.91456 54060
1.91456 54060
1.91771 54062
1.92086 54064
1.92401 54066
1.92717 54068
1.93197 54068
1.93197 51680
2.71363 51682
2.71839 51682
2.71839 23120
2.99569 23125
2.99885 23129
3.002 23133
3.00515 23137
3.0083 23141
3.01145 23145
3.01461 23149
3.01776 23153
3.02091 23157
3.02406 23161
3.02721 23165
3.03037 23169
3.03352 23173
3.03667 23177
3.03982 23181
3.04297 23185
3.04613 23189
3.04928 23193
3.05243 23197
3.05558 23201
3.05873 23205
3.06189 23209
3.06504 23213
3.06819 23217
3.07134 23221
3.07449 23225
3.07765 23229
3.0808 23233
3.08395 23237
3.0871 23241
3.09025 23245
3.09341 23249
3.09656 23253
3.09971 23257
3.10286 23261
3.10601 23265
3.10917 23269
3.11232 23273
3.11547 23277
3.11862 23281
3.12177 23285
3.12493 23289
3.12808 23293
3.13123 23297
3.13438 23301
3.13753 23305
3.14069 23309
3.14384 23313
3.14699 23317
3.15014 23321
3.15329 23325
3.15645 23329
3.1596 23333
3.16275 23337
3.1659 23341
3.16905 23345
3.17221 23349
3.17536 23353
3.17851 23357
3.18166 23361
3.18481 23365
3.18797 23369
3.19112 23373
3.19427 23377
3.19742 23381
3.20057 23385
3.20373 23389
3.20688 23393
3.21003 23397
3.21318 23401
3.21633 23405
3.21949 23409
3.22264 23413
3.22579 23417
3.22894 23421
3.23209 23425
3.23525 23429
3.2384 23433
3.24155 23437
3.2447 23441
3.24785 23445
3.25101 23449
3.25416 23453
3.25731 23457
3.26046 23461
3.26361 23465
3.26677 23469
3.26992 23473
3.27307 23477
3.27622 23481
3.27937 23485
3.28252 23489
3.28568 23493
3.28883 23497
3.29198 23501
3.29513 23505
3.29828 23509
3.30144 23513
3.30459 23517
3.30774 23521
3.31089 23525
3.31404 23529
3.3172 23533
3.32035 23537
3.3235 23541
3.32665 23545
3.3298 23549
3.33296 23553
3.33611 23557
3.33926 23561
3.34241 23565
3.34556 23569
3.34872 23573
3.35187 23577
3.35502 23581
3.35817 23585
3.36132 23589
3.36448 23593
3.36763 23597
3.37078 23601
3.37393 23605
3.37708 23609
3.38024 23613
3.38339 23617
3.38654 23621
3.38969 23625
3.39284 23629
3.396 23633
3.39915 23637
3.4023 23641
3.40545 23645
3.4086 23649
3.41176 23653
3.41491 23657
3.41806 23661
3.42121 23665
3.42436 23669
3.42752 23673
3.43067 23677
3.43382 23681
3.43697 23685
3.44012 23689
3.44328 23693
3.44643 23697
3.44958 23701
3.45273 23705
3.45588 23709
3.45904 23713
3.46219 23717
3.46534 23721
3.46849 23725
3.47164 23729
3.4748 23733
3.47795 23737
3.4811 23741
3.48425 23745
3.4874 23749
3.49056 23753
3.49371 23757
3.49686 23761
3.50001 23765
3.50316 23769
3.50632 23773
3.50947 23777
3.51262 23781
3.51577 23785
3.51892 23789
3.52208 23793
3.52523 23797
3.52838 23801
3.53153 23805
3.53468 23809
3.53784 23813
3.54099 23817
3.54414 23821
3.54729 23825
3.55044 23829
3.5536 23833
3.55675 23837
3.5599 23841
3.56305 23845
3.5662 23849
3.56936 23853
3.57251 23857
3.57566 23861
3.57881 23865
3.58196 23869
3.58512 23873
3.58827 23877
3.59142 23881
3.59457 23885
3.59772 23889
3.60088 23893
3.60403 23897
3.60718 23901
3.61033 23905
3.61348 23909
3.61664 23913
3.61979 23917
3.62294 23921
3.62609 23925
3.62924 23929
3.6324 23933
3.63555 23937
3.6387 23941
3.64185 23945
3.645 23949
3.64816 23953
3.65131 23957
3.65446 23961
3.65761 23965
3.66076 23969
3.66392 23973
3.66707 23977
3.67022 23981
3.67337 23985
3.67652 23989
3.67968 23993
3.68283 23997
3.68598 24001
3.68913 24005
3.69228 24009
3.69544 24013
3.69859 24017
3.70174 24021
3.70489 24025
3.70804 24029
3.7112 24033
3.71435 24037
3.7175 24041
3.72065 24045
3.7238 24049
3.72696 24053
3.73011 24057
3.73326 24061
3.73641 24065
3.73956 24069
3.74272 24073
3.74587 24077
3.74902 24081
3.75217 24085
3.75532 24089
3.75848 24093
3.76163 24097
3.76478 24101
3.76793 24105
3.77108 24109
3.77424 24113
3.77739 24117
3.78054 24121
3.78369 24125
3.78684 24129
3.79 24133
3.79315 24137
3.7963 24141
3.79945 24145
3.8026 24149
3.80576 24153
3.80891 24157
3.81206 24161
3.81521 24165
3.81836 24169
3.82152 24173
3.82467 24177
3.82782 24181
3.83097 24185
3.83412 24189
3.83728 24193
3.84043 24197
3.84358 24201
3.84673 24205
3.84988 24209
3.85304 24213
3.85619 24217
3.85934 24221
3.86249 24225
3.86564 24229
3.8688 24233
3.87195 24237
3.8751 24241
3.87825 24245
3.8814 24249
3.88456 24253
3.88771 24257
3.89086 24261
3.89401 24265
3.89716 24269
3.90032 24273
3.90347 24277
3.90662 24281
3.90977 24285
3.91292 24289
3.91608 24293
3.91923 24297
3.92238 24301
3.92553 24305
3.92868 24309
3.93184 24313
3.93499 24317
3.93814 24321
3.94129 24325
3.94444 24329
3.9476 24333
3.95075 24337
3.9539 24341
3.95705 24345
3.9602 24349
3.96336 24353
3.96651 24357
3.96966 24361
3.97281 24365
3.97596 24369
3.97912 24373
3.98227 24377
3.98542 24381
3.98857 24385
3.99172 24389
3.99488 24393
3.99803 24397
4.00118 24401
4.00433 24405
4.00748 24409
4.01064 24413
4.01379 24417
4.01694 24421
4.02009 24425
4.02324 24429
4.0264 24433
4.02955 24437
4.0327 24441
4.03585 24445
4.039 24449
4.04216 24453
4.04531 24457
4.04846 24461
4.05161 24465
4.05476 24469
4.05792 24473
4.06107 24477
4.06422 24481
4.06737 24485
4.07052 24489
4.07368 24493
4.07683 24497
4.07998 24501
4.08313 24505
4.08628 24509
4.08944 24513
4.09259 24517
4.09574 24521
4.09889 24525
4.10204 24529
4.1052 24533
4.10835 24537
4.1115 24541
4.11465 24545
4.1178 24549
4.12096 24553
4.12411 24557
4.12726 24561
4.13041 24565
4.13356 24569
4.13672 24573
4.13987 24577
4.14302 24581
4.14617 24585
4.14932 24589
4.15248 24593
4.15563 24597
4.15878 24601
4.16193 24605
4.16508 24609
4.16824 24613
4.17139 24617
4.17454 24621
4.17769 24625
4.18084 24629
4.184 24633
4.18715 24637
4.1903 24641
4.19345 24645
4.1966 24649
4.19976 24653
4.20291 24657
4.20606 24661
4.20921 24665
4.21236 24669
4.21552 24673
4.21867 24677
4.22182 24681
4.22497 24685
4.22812 24689
4.23128 24693
4.23443 24697
4.23758 24701
4.24073 24705
4.24388 24709
4.24704 24713
4.25019 24717
4.25334 24721
4.25649 24725
4.25964 24729
4.2628 24733
4.26595 24737
4.2691 24741
4.27225 24745
4.2754 24749
4.27856 24753
4.28171 24757
4.28486 24761
4.28801 24765
4.29116 24769
4.29432 24773
4.29747 24777
4.30062 24781
4.30377 24785
4.30692 24789
4.31008 24793
4.31323 24797
4.31638 24801
4.31953 24805
4.32268 24809
4.32584 24813
4.32899 24817
4.33214 24821
4.33529 24825
4.33844 24829
4.3416 24833
4.34475 24837
4.3479 24841
4.35105 24845
4.3542 24849
4.35736 24853
4.36051 24857
4.36366 24861
4.36681 24865
4.36996 24869
4.37312 24873
4.37627 24877
4.37942 24881
4.38257 24885
4.38572 24889
4.38888 24893
4.39203 24897
4.39518 24901
4.39833 24905
4.40148 24909
4.40464 24913
4.40779 24917
4.41094 24921
4.41409 24925
4.41724 24929
4.4204 24933
4.42355 24937
4.4267 24941
4.42985 24945
4.433 24949
4.43616 24953
4.43931 24957
4.44246 24961
4.44561 24965
4.44876 24969
4.45192 24973
4.45507 24977
4.45822 24981
4.46137 24985
4.46452 24989
4.46768 24993
4.47083 24997
4.47398 25001
4.47713 25005
4.48028 25009
4.48344 25013
4.48659 25017
4.48974 25021
4.49289 25025
4.49604 25029
4.4992 25033
4.50235 25037
4.5055 25041
4.50865 25045
4.5118 25049
4.51496 25053
4.51811 25057
4.52126 25061
4.52441 25065
4.52756 25069
4.53072 25073
4.53387 25077
4.53702 25081
4.54017 25085
4.54332 25089
4.54648 25093
4.54963 25097
4.55278 25101
4.55593 25105
4.55908 25109
4.56224 25113
4.56539 25117
4.56854 25121
4.57169 25125
4.57484 25129
4.578 25133
4.58115 25137
4.5843 25141
4.58745 25145
4.5906 25149
4.59376 25153
4.59691 25157
4.60006 25161
4.60321 25165
4.60636 25169
4.60952 25173
4.61267 25177
4.61582 25181
4.61897 25185
4.62212 25189
4.62528 25193
4.62843 25197
4.63158 25201
4.63473 25205
4.63788 25209
4.64104 25213
4.64419 25217
4.64734 25221
4.65049 25225
4.65364 25229
4.6568 25233
4.65995 25237
4.6631 25241
4.66625 25245
4.6694 25249
4.67256 25253
4.67571 25257
4.67886 25261
4.68201 25265
4.68516 25269
4.68832 25273
4.69147 25277
4.69462 25281
4.69777 25285
4.70092 25289
4.70408 25293
4.70723 25297
4.71038 25301
4.71353 25305
4.71668 25309
4.71984 25313
4.72299 25317
4.72614 25321
4.72929 25325
4.73244 25329
4.7356 25333
4.73875 25337
4.7419 25341
4.74505 25345
4.7482 25349
4.75136 25353
4.75451 25357
4.75766 25361
4.76081 25365
4.76396 25369
4.76712 25373
4.77027 25377
4.77342 25381
4.77657 25385
4.77972 25389
4.78288 25393
4.78603 25397
4.78918 25401
4.79233 25405
4.79548 25409
4.79864 25413
4.80179 25417
4.80494 25421
4.80809 25425
4.81124 25429
4.8144 25433
4.81755 25437
4.8207 25441
4.82385 25445
4.827 25449
4.83016 25453
4.83331 25457
4.83646 25461
4.83961 25465
4.84276 25469
4.84592 25473
4.84907 25477
4.85222 25481
4.85537 25485
4.85852 25489
4.86168 25493
4.86483 25497
4.86798 25501
4.87113 25505
4.87428 25509
4.87744 25513
4.88059 25517
4.88374 25521
4.88689 25525
4.89004 25529
4.8932 25533
4.89635 25537
4.8995 25541
4.90265 25545
4.9058 25549
4.90896 25553
4.91211 25557
4.91526 25561
4.91841 25565
4.92156 25569
4.92472 25573
4.92787 25577
4.93102 25581
4.93417 25585
4.93732 25589
4.94048 25593
4.94363 25597
4.94678 25601
4.94993 25605
4.95308 25609
4.95624 25613
4.95939 25617
4.96254 25621
4.96569 25625
4.96884 25629
4.972 25633
4.97515 25637
4.9783 25641
4.98145 25645
4.9846 25649
4.98776 25653
4.99091 25657
4.99406 25661
4.99721 25665
5.00036 25669
5.00352 25673
5.00667 25677
5.00982 25681
5.01297 25685
5.01612 25689
5.01928 25693
5.02243 25697
5.02558 25701
5.02873 25705
5.03188 25709
5.03504 25713
5.03819 25717
5.04134 25721
5.04449 25725
5.04764 25729
5.0508 25733
5.05395 25737
5.0571 25741
5.06025 25745
5.0634 25749
5.06656 25753
5.06971 25757
5.07286 25761
5.07601 25765
5.07916 25769
5.08232 25773
5.08547 25777
5.08862 25781
5.09177 25785
5.09492 25789
5.09808 25793
5.10123 25797
5.10438 25801
5.10753 25805
5.11068 25809
5.11384 25813
5.11699 25817
5.12014 25821
5.12329 25825
5.12644 25829
5.1296 25833
5.13275 25837
5.1359 25841
5.13905 25845
5.1422 25849
5.14536 25853
5.14851 25857
5.15166 25861
5.15481 25865
5.15796 25869
5.16112 25873
5.16427 25877
5.16742 25881
5.17057 25885
5.17372 25889
5.17688 25893
5.18003 25897
5.18318 25901
5.18633 25905
5.18948 25909
5.19264 25913
5.19579 25917
5.19894 25921
5.20209 25925
5.20524 25929
5.2084 25933
5.21155 25937
5.2147 25941
5.21785 25945
5.221 25949
5.22416 25953
5.22731 25957
5.23046 25961
5.23361 25965
5.23676 25969
5.23992 25973
5.24307 25977
5.24622 25981
5.24937 25985
5.25252 25989
5.25568 25993
5.25883 25997
5.26198 26001
5.26513 26005
5.26828 26009
5.27144 26013
5.27459 26017
5.27774 26021
5.28089 26025
5.28404 26029
5.2872 26033
5.29035 26037
5.2935 26041
5.29665 26045
5.2998 26049
5.30296 26053
5.30611 26057
5.30926 26061
5.31241 26065
5.31556 26069
5.31872 26073
5.32187 26077
5.32502 26081
5.32817 26085
5.33132 26089
5.33448 26093
5.33763 26097
5.34078 26101
5.34393 26105
5.34708 26109
5.35024 26113
5.35339 26117
5.35654 26121
5.35969 26125
5.36284 26129
5.366 26133
5.36915 26137
5.3723 26141
5.37545 26145
5.3786 26149
5.38176 26153
5.38491 26157
5.38806 26161
5.39121 26165
5.39436 26169
5.39752 26173
5.40067 26177
5.40382 26181
5.40697 26185
5.41012 26189
5.41328 26193
5.41643 26197
5.41958 26201
5.42273 26205
5.42588 26209
5.42904 26213
5.43219 26217
5.43534 26221
5.43849 26225
5.44164 26229
5.4448 26233
5.44795 26237
5.4511 26241
5.45425 26245
5.4574 26249
5.46056 26253
5.46371 26257
5.46686 26261
5.47001 26265
5.47316 26269
5.47632 26273
5.47947 26277
5.48262 26281
5.48577 26285
5.48892 26289
5.49208 26293
5.49523 26297
5.49838 26301
5.50153 26305
5.50468 26309
5.50784 26313
5.51099 26317
5.51414 26321
5.51729 26325
5.52044 26329
5.5236 26333
5.52675 26337
5.5299 26341
5.53305 26345
5.5362 26349
5.53936 26353
5.54251 26357
5.54566 26361
5.54881 26365
5.55196 26369
5.55512 26373
5.55827 26377
5.56142 26381
5.56457 26385
5.56772 26389
5.57088 26393
5.57403 26397
5.57718 26401
5.58033 26405
5.58348 26409
5.58664 26413
5.58979 26417
5.59294 26421
5.59609 26425
5.59924 26429
5.6024 26433
5.60555 26437
5.6087 26441
5.61185 26445
5.615 26449
5.61816 26453
5.62131 26457
5.62446 26461
5.62761 26465
5.63076 26469
5.63392 26473
5.63707 26477
5.64022 26481
5.64337 26485
5.64652 26489
5.64968 26493
5.65283 26497
5.65598 26501
5.65913 26505
5.66228 26509
5.66544 26513
5.66859 26517
5.67174 26521
5.67489 26525
5.67804 26529
5.6812 26533
5.68435 26537
5.6875 26541
5.69065 26545
5.6938 26549
5.69696 26553
5.70011 26557
5.70326 26561
5.70641 26565
5.70956 26569
5.71272 26573
5.71587 26577
5.71902 26581
5.72217 26585
5.72532 26589
5.72848 26593
5.73163 26597
5.73478 26601
5.73793 26605
5.74108 26609
5.74424 26613
5.74739 26617
5.75054 26621
5.75369 26625
5.75684 26629
5.76 26633
5.76315 26637
5.7663 26641
5.76945 26645
5.7726 26649
5.77576 26653
5.77891 26657
5.78206 26661
5.78521 26665
5.78836 26669
5.79152 26673
5.79467 26677
5.79782 26681
5.80097 26685
5.80412 26689
5.80728 26693
5.81043 26697
5.81358 26701
5.81673 26705
5.81988 26709
5.82304 26713
5.82619 26717
5.82934 26721
5.83249 26725
5.83564 26729
5.8388 26733
5.84195 26737
5.8451 26741
5.84825 26745
5.8514 26749
5.85456 26753
5.85771 26757
5.86086 26761
5.86401 26765
5.86716 26769
5.87032 26773
5.87347 26777
5.87662 26781
5.87977 26785
5.88292 26789
5.88608 26793
5.88923 26797
5.89238 26801
5.89553 26805
5.89868 26809
5.90184 26813
5.90499 26817
5.90814 26821
5.91129 26825
5.91444 26829
5.9176 26833
5.92075 26837
5.9239 26841
5.92705 26845
5.9302 26849
5.93336 26853
5.93651 26857
5.93966 26861
5.94281 26865
5.94596 26869
5.94912 26873
5.95227 26877
5.95542 26881
5.95857 26885
5.96172 26889
5.96488 26893
5.96803 26897
5.97118 26901
5.97433 26905
5.97748 26909
5.98064 26913
5.98379 26917
5.98694 26921
5.99009 26925
5.99324 26929
5.9964 26933
5.99955 26937
6.0027 26941
6.00585 26945
6.009 26949
6.01216 26953
6.01531 26957
6.01846 26961
6.02161 26965
6.02476 26969
6.02792 26973
6.03107 26977
6.03422 26981
6.03737 26985
6.04052 26989
6.04368 26993
6.04683 26997
6.04998 27001
6.05313 27005
6.05628 27009
6.05944 27013
6.06259 27017
6.06574 27021
6.06889 27025
6.07204 27029
6.0752 27033
6.07835 27037
6.0815 27041
6.08465 27045
6.0878 27049
6.09096 27053
6.09411 27057
6.09726 27061
6.10041 27065
6.10356 27069
6.10672 27073
6.10987 27077
6.11302 27081
6.11617 27085
6.11932 27089
6.12248 27093
6.12563 27097
6.12878 27101
6.13193 27105
6.13508 27109
6.13824 27113
6.14139 27117
6.14454 27121
6.14769 27125
6.15084 27129
6.154 27133
6.15715 27137
6.1603 27141
6.16345 27145
6.1666 27149
6.16976 27153
6.17291 27157
6.17606 27161
6.17921 27165
6.18236 27169
6.18552 27173
6.18867 27177
6.19182 27181
6.19497 27185
6.19812 27189
6.20128 27193
6.20443 27197
6.20758 27201
6.21073 27205
6.21388 27209
6.21704 27213
6.22019 27217
6.22334 27221
6.22649 27225
6.22964 27229
6.2328 27233
6.23595 27237
6.2391 27241
6.24225 27245
6.2454 27249
6.24856 27253
6.25171 27257
6.25486 27261
6.25801 27265
6.26116 27269
6.26432 27273
6.26747 27277
6.27062 27281
6.27377 27285
6.27692 27289
6.28008 27293
6.28323 27297
6.28638 27301
6.28953 27305
6.29268 27309
6.29584 27313
6.29899 27317
6.30214 27321
6.30529 27325
6.30844 27329
6.3116 27333
6.31475 27337
6.3179 27341
6.32105 27345
6.3242 27349
6.32736 27353
6.33051 27357
6.33366 27361
6.33681 27365
6.33996 27369
6.34312 27373
6.34627 27377
6.34942 27381
6.35257 27385
6.35572 27389
6.35888 27393
6.36203 27397
6.36518 27401
6.36833 27405
6.37148 27409
6.37464 27413
6.37779 27417
6.38094 27421
6.38409 27425
6.38724 27429
6.3904 27433
6.39355 27437
6.3967 27441
6.39985 27445
6.403 27449
6.40616 27453
6.40931 27457
6.41246 27461
6.41561 27465
6.41876 27469
6.42192 27473
6.42507 27477
6.42822 27481
6.43137 27485
6.43452 27489
6.43767 27493
6.44083 27497
6.44398 27501
6.44713 27505
6.45028 27509
6.45343 27513
6.45659 27517
6.45974 27521
6.46289 27525
6.46604 27529
6.46919 27533
6.47235 27537
6.4755 27541
6.47865 27545
6.4818 27549
6.48495 27553
6.48811 27557
6.49126 27561
6.49441 27565
6.49756 27569
6.50071 27573
6.50387 27577
6.50702 27581
6.51017 27585
6.51332 27589
6.51647 27593
6.51963 27597
6.52278 27601
6.52593 27605
6.52908 27609
6.53223 27613
6.53539 27617
6.53854 27621
6.54169 27625
6.54484 27629
6.54799 27633
6.55115 27637
6.5543 27641
6.55745 27645
6.5606 27649
6.56375 27653
6.56691 27657
6.57006 27661
6.57321 27665
6.57636 27669
6.57951 27673
6.58267 27677
6.58582 27681
6.58897 27685
6.59212 27689
6.59527 27693
6.59843 27697
6.60158 27701
6.60473 27705
6.60788 27709
6.61103 27713
6.61419 27717
6.61734 27721
6.62049 27725
6.62364 27729
6.62679 27733
6.62995 27737
6.6331 27741
6.63625 27745
6.6394 27749
6.64255 27753
6.64571 27757
6.64886 27761
6.65201 27765
6.65516 27769
6.65831 27773
6.66147 27777
6.66462 27781
6.66777 27785
6.67092 27789
6.67407 27793
6.67723 27797
6.68038 27801
6.68353 27805
6.68668 27809
6.68983 27813
6.69299 27817
6.69614 27821
6.69929 27825
6.70244 27829
6.70559 27833
6.70875 27837
6.7119 27841
6.71505 27845
6.7182 27849
6.72135 27853
6.72451 27857
6.72766 27861
6.73081 27865
6.73396 27869
6.73711 27873
6.74027 27877
6.74342 27881
6.74657 27885
6.74972 27889
6.75287 27893
6.75603 27897
6.75918 27901
6.76233 27905
6.76548 27909
6.76863 27913
6.77179 27917
6.77494 27921
6.77809 27925
6.78124 27929
6.78439 27933
6.78755 27937
6.7907 27941
6.79385 27945
6.797 27949
6.80015 27953
6.80331 27957
6.80646 27961
6.80961 27965
6.81276 27969
6.81591 27973
6.81907 27977
6.82222 27981
6.82537 27985
6.82852 27989
6.83167 27993
6.83483 27997
6.83798 28001
6.84113 28005
6.84428 28009
6.84743 28013
6.85059 28017
6.85374 28021
6.85689 28025
6.86004 28029
6.86319 28033
6.86635 28037
6.8695 28041
6.87265 28045
6.8758 28049
6.87895 28053
6.88211 28057
6.88526 28061
6.88841 28065
6.89156 28069
6.89471 28073
6.89787 28077
6.90102 28081
6.90417 28085
6.90732 28089
6.91047 28093
6.91363 28097
6.91678 28101
6.91993 28105
6.92308 28109
6.92623 28113
6.92939 28117
6.93254 28121
6.93569 28125
6.93884 28129
6.94199 28133
6.94515 28137
6.9483 28141
6.95145 28145
6.9546 28149
6.95775 28153
6.96091 28157
6.96406 28161
6.96721 28165
6.97036 28169
6.97351 28173
6.97667 28177
6.97982 28181
6.98297 28185
6.98612 28189
6.98927 28193
6.99243 28197
6.99558 28201
6.99873 28205
7.00188 28209
7.00503 28213
7.00819 28217
7.01134 28221
7.01449 28225
7.01764 28229
7.02079 28233
7.02395 28237
7.0271 28241
7.03025 28245
7.0334 28249
7.03655 28253
7.03971 28257
7.04286 28261
7.04601 28265
7.04916 28269
7.05231 28273
7.05547 28277
7.05862 28281
7.06177 28285
7.06492 28289
7.06807 28293
7.07123 28297
7.07438 28301
7.07753 28305
7.08068 28309
7.08383 28313
7.08699 28317
7.09014 28321
7.09329 28325
7.09644 28329
7.09959 28333
7.10275 28337
7.1059 28341
7.10905 28345
7.1122 28349
7.11535 28353
7.11851 28357
7.12166 28361
7.12481 28365
7.12796 28369
7.13111 28373
7.13427 28377
7.13742 28381
7.14057 28385
7.14372 28389
7.14687 28393
7.15003 28397
7.15318 28401
7.15633 28405
7.15948 28409
7.16263 28413
7.16579 28417
7.16894 28421
7.17209 28425
7.17524 28429
7.17839 28433
7.18155 28437
7.1847 28441
7.18785 28445
7.191 28449
7.19415 28453
7.19731 28457
7.20046 28461
7.20361 28465
7.20676 28469
7.20991 28473
7.21307 28477
7.21622 28481
7.21937 28485
7.22252 28489
7.22567 28493
7.22883 28497
7.23198 28501
7.23513 28505
7.23828 28509
7.24143 28513
7.24459 28517
7.24774 28521
7.25089 28525
7.25404 28529
7.25719 28533
7.26035 28537
7.2635 28541
7.26665 28545
7.2698 28549
7.27295 28553
7.27611 28557
7.27926 28561
7.28241 28565
7.28556 28569
7.28871 28573
7.29187 28577
7.29502 28581
7.29817 28585
7.30132 28589
7.30447 28593
7.30763 28597
7.31078 28601
7.31393 28605
7.31708 28609
7.32023 28613
7.32339 28617
7.32654 28621
7.32969 28625
7.33284 28629
7.33599 28633
7.33915 28637
7.3423 28641
7.34545 28645
7.3486 28649
7.35175 28653
7.35491 28657
7.35806 28661
7.36121 28665
7.36436 28669
7.36751 28673
7.37067 28677
7.37382 28681
7.37697 28685
7.38012 28689
7.38327 28693
7.38643 28697
7.38958 28701
7.39273 28705
7.39588 28709
7.39903 28713
7.40219 28717
7.40534 28721
7.40849 28725
7.41164 28729
7.41479 28733
7.41795 28737
7.4211 28741
7.42425 28745
7.4274 28749
7.43055 28753
7.43371 28757
7.43686 28761
7.44001 28765
7.44316 28769
7.44631 28773
7.44947 28777
7.45262 28781
7.45577 28785
7.45892 28789
7.46207 28793
7.46523 28797
7.46838 28801
7.47153 28805
7.47468 28809
7.47783 28813
7.48099 28817
7.48414 28821
7.48729 28825
7.49044 28829
7.49359 28833
7.49675 28837
7.4999 28841
7.50305 28845
7.5062 28849
7.50935 28853
7.51251 28857
7.51566 28861
7.51881 28865
7.52196 28869
7.52511 28873
7.52827 28877
7.53142 28881
7.53457 28885
7.53772 28889
7.54087 28893
7.54403 28897
7.54718 28901
7.55033 28904
7.55348 28907
7.55663 28910
7.55979 28913
7.56294 28916
7.56609 28919
7.56924 28922
7.57239 28925
7.57555 28928
7.5787 28931
7.58185 28934
7.585 28937
7.58815 28940
7.59131 28943
7.59446 28946
7.59761 28949
7.60076 28952
7.60391 28955
7.60707 28958
7.61022 28961
7.61337 28964
7.61652 28967
7.61967 28970
7.62283 28973
7.62598 28976
7.62913 28979
7.63228 28982
7.63543 28985
7.63859 28988
7.64174 28991
7.64489 28994
7.64804 28997
7.65119 29000
7.65435 29003
7.6575 29006
7.66065 29009
7.6638 29012
7.66695 29015
7.67011 29018
7.67326 29021
7.67641 29024
7.67956 29027
7.68271 29030
7.68587 29033
7.68902 29036
7.69217 29039
7.69532 29042
7.69847 29045
7.70163 29048
7.70478 29051
7.70793 29054
7.71108 29057
7.71423 29060
7.71739 29063
7.72054 29066
7.72369 29069
7.72684 29072
7.72999 29075
7.73315 29078
7.7363 29081
7.73945 29084
7.7426 29087
7.74575 29090
7.74891 29093
7.75206 29096
7.75521 29099
7.75836 29102
7.76151 29105
7.76467 29108
7.76782 29111
7.77097 29114
7.77412 29117
7.77727 29120
7.78043 29123
7.78358 29126
7.78673 29129
7.78988 29132
7.79303 29135
7.79619 29138
7.79934 29141
7.80249 29144
7.80564 29147
7.80879 29150
7.81195 29153
7.8151 29156
7.81825 29159
7.8214 29162
7.82455 29165
7.82771 29168
7.83086 29171
7.83401 29174
7.83716 29177
7.84031 29180
7.84347 29183
7.84662 29186
7.84977 29189
7.85292 29192
7.85607 29195
7.85923 29198
7.86238 29201
7.86553 29204
7.86868 29207
7.87183 29210
7.87499 29213
7.87814 29216
7.88129 29219
7.88444 29222
7.88759 29225
7.89075 29228
7.8939 29231
7.89705 29234
7.9002 29237
7.90335 29240
7.90651 29243
7.90966 29246
7.91281 29249
7.91596 29252
7.91911 29255
7.92227 29258
7.92542 29261
7.92857 29264
7.93172 29267
7.93487 29270
7.93803 29273
7.94118 29276
7.94433 29279
7.94748 29282
7.95063 29285
7.95379 29288
7.95694 29291
7.96009 29294
7.96324 29297
7.96639 29300
7.96955 29303
7.9727 29306
7.97585 29309
7.979 29312
7.98215 29315
7.98531 29318
7.98846 29321
7.99161 29324
7.99476 29327
7.99791 29330
8.00107 29333
8.00422 29336
8.00737 29339
8.01052 29342
8.01367 29345
8.01683 29348
8.01998 29351
8.02313 29354
8.02628 29357
8.02943 29360
8.03259 29363
8.03574 29366
8.03889 29369
8.04204 29372
8.04519 29375
8.04835 29378
8.0515 29381
8.05465 29384
8.0578 29387
8.06095 29390
8.06411 29393
8.06726 29396
8.07041 29399
8.07356 29402
8.07671 29405
8.07987 29408
8.08302 29411
8.08617 29414
8.08932 29417
8.09247 29420
8.09563 29423
8.09878 29426
8.10193 29429
8.10508 29432
8.10823 29435
8.11139 29438
8.11454 29441
8.11769 29444
8.12084 29447
8.12399 29450
8.12715 29453
8.1303 29456
8.13345 29459
8.1366 29462
8.13975 29465
8.14291 29468
8.14606 29471
8.14921 29474
8.15236 29477
8.15551 29480
8.15867 29483
8.16182 29486
8.16497 29489
8.16812 29492
8.17127 29495
8.17443 29498
8.17758 29501
8.18073 29504
8.18388 29507
8.18703 29510
8.19019 29513
8.19334 29516
8.19649 29519
8.19964 29522
8.20279 29525
8.20595 29528
8.2091 29531
8.21225 29534
8.2154 29537
8.21855 29540
8.22171 29543
8.22486 29546
8.22801 29549
8.23116 29552
8.23431 29555
8.23747 29558
8.24062 29561
8.24377 29564
8.24692 29567
8.25007 29570
8.25323 29573
8.25638 29576
8.25953 29579
8.26268 29582
8.26583 29585
8.26899 29588
8.27214 29591
8.27529 29594
8.27844 29597
8.28159 29600
8.28475 29603
8.2879 29606
8.29105 29609
8.2942 29612
8.29735 29615
8.30051 29618
8.30366 29621
8.30681 29624
8.30996 29627
8.31311 29630
8.31627 29633
8.31942 29636
8.32257 29639
8.32572 29642
8.32887 29645
8.33203 29648
8.33518 29651
8.33833 29654
8.34148 29657
8.34463 29660
8.34779 29663
8.35094 29666
8.35409 29669
8.35724 29672
8.36039 29675
8.36355 29678
8.3667 29681
8.36985 29684
8.373 29687
8.37615 29690
8.37931 29693
8.38246 29696
8.38561 29699
8.38876 29702
8.39191 29705
8.39507 29708
8.39822 29711
8.40137 29714
8.40452 29717
8.40767 29720
8.41083 29723
8.41398 29726
8.41713 29729
8.42028 29732
8.42343 29735
8.42659 29738
8.42974 29741
8.43289 29744
8.43604 29747
8.43919 29750
8.44235 29753
8.4455 29756
8.44865 29759
8.4518 29762
8.45495 29765
8.45811 29768
8.46126 29771
8.46441 29774
8.46756 29777
8.47071 29780
8.47387 29783
8.47702 29786
8.48017 29789
8.48332 29792
8.48647 29795
8.48963 29798
8.49278 29801
8.49593 29804
8.49908 29807
8.50223 29810
8.50539 29813
8.50854 29816
8.51169 29819
8.51484 29822
8.51799 29825
8.52115 29828
8.5243 29831
8.52745 29834
8.5306 29837
8.53375 29840
8.53691 29843
8.54006 29846
8.54321 29849
8.54636 29852
8.54951 29855
8.55267 29858
8.55582 29861
8.55897 29864
8.56212 29867
8.56527 29870
8.56843 29873
8.57158 29876
8.57473 29879
8.57788 29882
8.58103 29885
8.58419 29888
8.58734 29891
8.59049 29894
8.59364 29897
8.59679 29900
8.59995 29903
8.6031 29906
8.60625 29909
8.6094 29912
8.61255 29915
8.61571 29918
8.61886 29921
8.62201 29924
8.62516 29927
8.62831 29930
8.63147 29933
8.63462 29936
8.63777 29939
8.64092 29942
8.64407 29945
8.64723 29948
8.65038 29951
8.65353 29954
8.65668 29957
8.65983 29960
8.66299 29963
8.66614 29966
8.66929 29969
8.67244 29972
8.67559 29975
8.67875 29978
8.6819 29981
8.68505 29984
8.6882 29987
8.69135 29990
8.69451 29993
8.69766 29996
8.70081 29999
8.70396 30002
8.70711 30005
8.71027 30008
8.71342 30011
8.71657 30014
8.71972 30017
8.72287 30020
8.72603 30023
8.72918 30026
8.73233 30029
8.73548 30032
8.73863 30035
8.74179 30038
8.74494 30041
8.74809 30044
8.75124 30047
8.75439 30050
8.75755 30053
8.7607 30056
8.76385 30059
8.767 30062
8.77015 30065
8.77331 30068
8.77646 30071
8.77961 30074
8.78276 30077
8.78591 30080
8.78907 30083
8.79222 30086
8.79537 30089
8.79852 30092
8.80167 30095
8.80483 30098
8.80798 30101
8.81113 30104
8.81428 30107
8.81743 30110
8.82059 30113
8.82374 30116
8.82689 30119
8.83004 30122
8.83319 30125
8.83635 30128
8.8395 30131
8.84265 30134
8.8458 30137
8.84895 30140
8.85211 30143
8.85526 30146
8.85841 30149
8.86156 30152
8.86471 30155
8.86787 30158
8.87102 30161
8.87417 30164
8.87732 30167
8.88047 30170
8.88363 30173
8.88678 30176
8.88993 30179
8.89308 30182
8.89623 30185
8.89939 30188
8.90254 30191
8.90569 30194
8.90884 30197
8.91199 30200
8.91515 30203
8.9183 30206
8.92145 30209
8.9246 30212
8.92775 30215
8.93091 30218
8.93406 30221
8.93721 30224
8.94036 30227
8.94351 30230
8.94667 30233
8.94982 30236
8.95297 30239
8.95612 30242
8.95927 30245
8.96243 30248
8.96558 30251
8.96873 30254
8.97188 30257
8.97503 30260
8.97819 30263
8.98134 30266
8.98449 30269
8.98764 30272
8.99079 30275
8.99395 30278
8.9971 30281
9.00025 30284
9.0034 30287
9.00655 30290
9.00971 30293
9.01286 30296
9.01601 30299
9.01916 30302
9.02231 30305
9.02547 30308
9.02862 30311
9.03177 30314
9.03492 30317
9.03807 30320
9.04123 30323
9.04438 30326
9.04753 30329
9.05068 30332
9.05383 30335
9.05699 30338
9.06014 30341
9.06329 30344
9.06644 30347
9.06959 30350
9.07275 30353
9.0759 30356
9.07905 30359
9.0822 30362
9.08535 30365
9.08851 30368
9.09166 30371
9.09481 30374
9.09796 30377
9.10111 30380
9.10427 30383
9.10742 30386
9.11057 30389
9.11372 30392
9.11687 30395
9.12003 30398
9.12318 30401
9.12633 30404
9.12948 30407
9.13263 30410
9.13579 30413
9.13894 30416
9.14209 30419
9.14524 30422
9.14839 30425
9.15155 30428
9.1547 30431
9.15785 30434
9.161 30437
9.16415 30440
9.16731 30443
9.17046 30446
9.17361 30449
9.17676 30452
9.17991 30455
9.18307 30458
9.18622 30461
9.18937 30464
9.19252 30467
9.19567 30470
9.19883 30473
9.20198 30476
9.20513 30479
9.20828 30482
9.21143 30485
9.21459 30488
9.21774 30491
9.22089 30494
9.22404 30497
9.22719 30500
9.23035 30503
9.2335 30506
9.23665 30509
9.2398 30512
9.24295 30515
9.24611 30518
9.24926 30521
9.25241 30524
9.25556 30527
9.25871 30530
9.26187 30533
9.26502 30536
9.26817 30539
9.27132 30542
9.27447 30545
9.27763 30548
9.28078 30551
9.28393 30554
9.28708 30557
9.29023 30560
9.29339 30563
9.29654 30566
9.29969 30569
9.30284 30572
9.30599 30575
9.30915 30578
9.3123 30581
9.31545 30584
9.3186 30587
9.32175 30590
9.32491 30593
9.32806 30596
9.33121 30599
9.33436 30602
9.33751 30605
9.34067 30608
9.34382 30611
9.34697 30614
9.35012 30617
9.35327 30620
9.35643 30623
9.35958 30626
9.36273 30629
9.36588 30632
9.36903 30635
9.37219 30638
9.37534 30641
9.37849 30644
9.38164 30647
9.38479 30650
9.38795 30653
9.3911 30656
9.39425 30659
9.3974 30662
9.40055 30665
9.40371 30668
9.40686 30671
9.41001 30674
9.41316 30677
9.41631 30680
9.41947 30683
9.42262 30686
9.42577 30689
9.42892 30692
9.43207 30695
9.43523 30698
9.43838 30701
9.44153 30704
9.44468 30707
9.44783 30710
9.45099 30713
9.45414 30716
9.45729 30719
9.46044 30722
9.46359 30725
9.46675 30728
9.4699 30731
9.47305 30734
9.4762 30737
9.47935 30740
9.48251 30743
9.48566 30746
9.48881 30749
9.49196 30752
9.49511 30755
9.49827 30758
9.50142 30761
9.50457 30764
9.50772 30767
9.51087 30770
9.51403 30773
9.51718 30776
9.52033 30779
9.52348 30782
9.52663 30785
9.52979 30788
9.53294 30791
9.53609 30794
9.53924 30797
9.54239 30800
9.54555 30803
9.5487 30806
9.55185 30809
9.555 30812
9.55815 30815
9.56131 30818
9.56446 30821
9.56761 30824
9.57076 30827
9.57391 30830
9.57706 30833
9.58022 30836
9.58337 30839
9.58652 30842
9.58967 30845
9.59282 30848
9.59598 30851
9.59913 30854
9.60228 30857
9.60543 30860
9.60858 30863
9.61174 30866
9.61489 30869
9.61804 30872
9.62119 30875
9.62434 30878
9.6275 30881
9.63065 30884
9.6338 30887
9.63695 30890
9.6401 30893
9.64326 30896
9.64641 30899
9.64956 30902
9.65271 30905
9.65586 30908
9.65902 30911
9.66217 30914
9.66532 30917
9.66847 30920
9.67162 30923
9.67478 30926
9.67793 30929
9.68108 30932
9.68423 30935
9.68738 30938
9.69054 30941
9.69369 30944
9.69684 30947
9.69999 30950
9.70314 30953
9.7063 30956
9.70945 30959
9.7126 30962
9.71575 30965
9.7189 30968
9.72206 30971
9.72521 30974
9.72836 30977
9.73151 30980
9.73466 30983
9.73782 30986
9.74097 30989
9.74412 30992
9.74727 30995
9.75042 30998
9.75358 31001
9.75673 31004
9.75988 31007
9.76303 31010
9.76618 31013
9.76934 31016
9.77249 31019
9.77564 31022
9.77879 31025
9.78194 31028
9.7851 31031
9.78825 31034
9.7914 31037
9.79455 31040
9.7977 31043
9.80086 31046
9.80401 31049
9.80716 31052
9.81031 31055
9.81346 31058
9.81662 31061
9.81977 31064
9.82292 31067
9.82607 31070
9.82922 31073
9.83238 31076
9.83553 31079
9.83868 31082
9.84183 31085
9.84498 31088
9.84814 31091
9.85129 31094
9.85444 31097
9.85759 31100
9.86074 31103
9.8639 31106
9.86705 31109
9.8702 31112
9.87335 31115
9.8765 31118
9.87966 31121
9.88281 31124
9.88596 31127
9.88911 31130
9.89226 31133
9.89542 31136
9.89857 31139
9.90172 31142
9.90487 31145
9.90802 31148
9.91118 31151
9.91433 31154
9.91748 31157
9.92063 31160
9.92378 31163
9.92694 31166
9.93009 31169
9.93324 31172
9.93639 31175
9.93954 31178
9.9427 31181
9.94585 31184
9.949 31187
9.95215 31190
9.9553 31193
9.95846 31196
9.96161 31199
9.96476 31202
9.96791 31205
9.97106 31208
9.97422 31211
9.97737 31214
9.98052 31217
9.98367 31220
9.98682 31223
9.98998 31226
9.99313 31229
9.99628 31232
9.99943 31235
10.0026 31238
10.0057 31241
10.0089 31244
10.012 31247
10.0152 31250
10.0183 31253
10.0215 31256
10.0246 31259
10.0278 31262
10.031 31265
10.0341 31268
10.0373 31271
10.0404 31274
10.0436 31277
10.0467 31280
10.0499 31283
10.053 31286
10.0562 31289
10.0593 31292
10.0625 31295
10.0656 31298
10.0688 31301
10.0719 31304
10.0751 31307
10.0782 31310
10.0814 31313
10.0845 31316
10.0877 31319
10.0908 31322
10.094 31325
10.0971 31328
10.1003 31331
10.1034 31334
10.1066 31337
10.1098 31340
10.1129 31343
10.1161 31346
10.1192 31349
10.1224 31352
10.1255 31355
10.1287 31358
10.1318 31361
10.135 31364
10.1381 31367
10.1413 31370
10.1444 31373
10.1476 31376
10.1507 31379
10.1539 31382
10.157 31385
10.1602 31388
10.1633 31391
10.1665 31394
10.1696 31397
10.1728 31400
10.1759 31403
10.1791 31406
10.1822 31409
10.1854 31412
10.1886 31415
10.1917 31418
10.1949 31421
10.198 31424
10.2012 31427
10.2043 31430
10.2075 31433
10.2106 31436
10.2138 31439
10.2169 31442
10.2201 31445
10.2232 31448
10.2264 31451
10.2295 31454
10.2327 31457
10.2358 31460
10.239 31463
10.2421 31466
10.2453 31469
10.2484 31472
10.2516 31475
10.2547 31478
10.2579 31481
10.261 31484
10.2642 31487
10.2674 31490
10.2705 31493
10.2737 31496
10.2768 31499
10.28 31502
10.2831 31505
10.2863 31508
10.2894 31511
10.2926 31514
10.2957 31517
10.2989 31520
10.302 31523
10.3052 31526
10.3083 31529
10.3115 31532
10.3146 31535
10.3178 31538
10.3209 31541
10.3241 31544
10.3272 31547
10.3304 31550
10.3335 31553
10.3367 31556
10.3398 31559
10.343 31562
10.3462 31565
10.3493 31568
10.3525 31571
10.3556 31574
10.3588 31577
10.3619 31580
10.3651 31583
10.3682 31586
10.3714 31589
10.3745 31592
10.3777 31595
10.3808 31598
10.384 31601
10.3871 31604
10.3903 31607
10.3934 31610
10.3966 31613
10.3997 31616
10.4029 31619
10.406 31622
10.4092 31625
10.4123 31628
10.4155 31631
10.4186 31634
10.4218 31637
10.425 31640
10.4281 31643
10.4313 31646
10.4344 31649
10.4376 31652
10.4407 31655
10.4439 31658
10.447 31661
10.4502 31664
10.4533 31667
10.4565 31670
10.4596 31673
10.4628 31676
10.4659 31679
10.4691 31682
10.4722 31685
10.4754 31688
10.4785 31691
10.4817 31694
10.4848 31697
10.488 31700
10.4911 31703
10.4943 31706
10.4974 31709
10.5006 31712
10.5038 31715
10.5069 31718
10.5101 31721
10.5132 31724
10.5164 31727
10.5195 31730
10.5227 31733
10.5258 31736
10.529 31739
10.5321 31742
10.5353 31745
10.5384 31748
10.5416 31751
10.5447 31754
10.5479 31757
10.551 31760
10.5542 31763
10.5573 31766
10.5605 31769
10.5636 31772
10.5668 31775
10.5699 31778
10.5731 31781
10.5762 31784
10.5794 31787
10.5826 31790
10.5857 31793
10.5889 31796
10.592 31799
10.5952 31802
10.5983 31805
10.6015 31808
10.6046 31811
10.6078 31814
10.6109 31817
10.6141 31820
10.6172 31823
10.6204 31826
10.6235 31829
10.6267 31832
10.6298 31835
10.633 31838
10.6361 31841
10.6393 31844
10.6424 31847
10.6456 31850
10.6487 31853
10.6519 31856
10.655 31859
10.6582 31862
10.6614 31865
10.6645 31868
10.6677 31871
10.6708 31874
10.674 31877
10.6771 31880
10.6803 31883
10.6834 31886
10.6866 31889
10.6897 31892
10.6929 31895
10.696 31898
10.6992 31901
10.7023 31904
10.7055 31907
10.7086 31910
10.7118 31913
10.7149 31916
10.7181 31919
10.7212 31922
10.7244 31925
10.7275 31928
10.7307 31931
10.7338 31934
10.737 31937
10.7402 31940
10.7433 31943
10.7465 31946
10.7496 31949
10.7528 31952
10.7559 31955
10.7591 31958
10.7622 31961
10.7654 31964
10.7685 31967
10.7717 31970
10.7748 31973
10.778 31976
10.7811 31979
10.7843 31982
10.7874 31985
10.7906 31988
10.7937 31991
10.7969 31994
10.8 31997
10.8032 32000
10.8063 32003
10.8095 32006
10.8126 32009
10.8158 32012
10.819 32015
10.8221 32018
10.8253 32021
10.8284 32024
10.8316 32027
10.8347 32030
10.8379 32033
10.841 32036
10.8442 32039
10.8473 32042
10.8505 32045
10.8536 32048
10.8568 32051
10.8599 32054
10.8631 32057
10.8662 32060
10.8694 32063
10.8725 32066
10.8757 32069
10.8788 32072
10.882 32075
10.8851 32078
10.8883 32081
10.8914 32084
10.8946 32087
10.8978 32090
10.9009 32093
10.9041 32096
10.9072 32099
10.9104 32102
10.9135 32105
10.9167 32108
10.9198 32111
10.923 32114
10.9261 32117
10.9293 32120
10.9324 32123
10.9356 32126
10.9387 32129
10.9419 32132
10.945 32135
10.9482 32138
10.9513 32141
10.9545 32144
10.9576 32147
10.9608 32150
10.9639 32153
10.9671 32156
10.9702 32159
10.9734 32162
10.9766 32165
10.9797 32168
10.9829 32171
10.986 32174
10.9892 32177
10.9923 32180
10.9955 32183
10.9986 32186
11.0018 32189
11.0049 32192
11.0081 32195
11.0112 32198
11.0144 32201
11.0175 32204
11.0207 32207
11.0238 32210
11.027 32213
11.0301 32216
11.0333 32219
11.0364 32222
11.0396 32225
11.0427 32228
11.0459 32231
11.049 32234
11.0522 32237
11.0554 32240
11.0585 32243
11.0617 32246
11.0648 32249
11.068 32252
11.0711 32255
11.0743 32258
11.0774 32261
11.0806 32264
11.0837 32267
11.0869 32270
11.09 32273
11.0932 32276
11.0963 32279
11.0995 32282
11.1026 32285
11.1058 32288
11.1089 32291
11.1121 32294
11.1152 32297
11.1184 32300
11.1215 32303
11.1247 32306
11.1278 32309
11.131 32312
11.1342 32315
11.1373 32318
11.1405 32321
11.1436 32324
11.1468 32327
11.1499 32330
11.1531 32333
11.1562 32336
11.1594 32339
11.1625 32342
11.1657 32345
11.1688 32348
11.172 32351
11.1751 32354
11.1783 32357
11.1814 32360
11.1846 32363
11.1877 32366
11.1909 32369
11.194 32372
11.1972 32375
11.2003 32378
11.2035 32381
11.2066 32384
11.2098 32387
11.213 32390
11.2161 32393
11.2193 32396
11.2224 32399
11.2256 32402
11.2287 32405
11.2319 32408
11.235 32411
11.2382 32414
11.2413 32417
11.2445 32420
11.2476 32423
11.2508 32426
11.2539 32429
11.2571 32432
11.2602 32435
11.2634 32438
11.2665 32441
11.2697 32444
11.2728 32447
11.276 32450
11.2791 32453
11.2823 32456
11.2854 32459
11.2886 32462
11.2918 32465
11.2949 32468
11.2981 32471
11.3012 32474
11.3044 32477
11.3075 32480
11.3107 32483
11.3138 32486
11.317 32489
11.3201 32492
11.3233 32495
11.3264 32498
11.3296 32501
11.3327 32504
11.3359 32507
11.339 32510
11.3422 32513
11.3453 32516
11.3485 32519
11.3516 32522
11.3548 32525
11.3579 32528
11.3611 32531
11.3642 32534
11.3674 32537
11.3706 32540
11.3737 32543
11.3769 32546
11.38 32549
11.3832 32552
11.3863 32555
11.3895 32558
11.3926 32561
11.3958 32564
11.3989 32567
11.4021 32570
11.4052 32573
11.4084 32576
11.4115 32579
11.4147 32582
11.4178 32585
11.421 32588
11.4241 32591
11.4273 32594
11.4304 32597
11.4336 32600
11.4367 32603
11.4399 32606
11.443 32609
11.4462 32612
11.4494 32615
11.4525 32618
11.4557 32621
11.4588 32624
11.462 32627
11.4651 32630
11.4683 32633
11.4714 32636
11.4746 32639
11.4777 32642
11.4809 32645
11.484 32648
11.4872 32651
11.4903 32654
11.4935 32657
11.4966 32660
11.4998 32663
11.5029 32666
11.5061 32669
11.5092 32672
11.5124 32675
11.5155 32678
11.5187 32681
11.5218 32684
11.525 32687
11.5282 32690
11.5313 32693
11.5345 32696
11.5376 32699
11.5408 32702
11.5439 32705
11.5471 32708
11.5502 32711
11.5534 32714
11.5565 32717
11.5597 32720
11.5628 32723
11.566 32726
11.5691 32729
11.5723 32732
11.5754 32735
11.5786 32738
11.5817 32741
11.5849 32744
11.588 32747
11.5912 32750
11.5943 32753
11.5975 32756
11.6006 32759
11.6038 32762
11.607 32765
11.6101 32768
11.6133 32771
11.6164 32774
11.6196 32777
11.6227 32780
11.6259 32783
11.629 32786
11.6322 32789
11.6353 32792
11.6385 32795
11.6416 32798
11.6448 32801
11.6479 32804
11.6511 32807
11.6542 32810
11.6574 32813
11.6605 32816
11.6637 32819
11.6668 32822
11.67 32825
11.6731 32828
11.6763 32831
11.6794 32834
11.6826 32837
11.6858 32840
11.6889 32843
11.6921 32846
11.6952 32849
11.6984 32852
11.7015 32855
11.7047 32858
11.7078 32861
11.711 32864
11.7141 32867
11.7173 32870
11.7204 32873
11.7236 32876
11.7267 32879
11.7299 32882
11.733 32885
11.7362 32888
11.7393 32891
11.7425 32894
11.7456 32897
11.7488 32900
11.7519 32903
11.7551 32906
11.7582 32909
11.7614 32912
11.7646 32915
11.7677 32918
11.7709 32921
11.774 32924
11.7772 32927
11.7803 32930
11.7835 32933
11.7866 32936
11.7898 32939
11.7929 32942
11.7961 32945
11.7992 32948
11.8024 32951
11.8055 32954
11.8087 32957
11.8118 32960
11.815 32963
11.8181 32966
11.8213 32969
11.8244 32972
11.8276 32975
11.8307 32978
11.8339 32981
11.837 32984
11.8402 32987
11.8434 32990
11.8465 32993
11.8497 32996
11.8528 32999
11.856 33002
11.8591 33005
11.8623 33008
11.8654 33011
11.8686 33014
11.8717 33017
11.8749 33020
11.878 33023
11.8812 33026
11.8843 33029
11.8875 33032
11.8906 33035
11.8938 33038
11.8969 33041
11.9001 33044
11.9032 33047
11.9064 33050
11.9095 33053
11.9127 33056
11.9158 33059
11.919 33062
11.9222 33065
11.9253 33068
11.9285 33071
11.9316 33074
11.9348 33077
11.9379 33080
11.9411 33083
11.9442 33086
11.9474 33089
11.9505 33092
11.9537 33095
11.9568 33098
11.96 33101
11.9631 33104
11.9663 33107
11.9694 33110
11.9726 33113
11.9757 33116
11.9789 33119
11.982 33122
11.9852 33125
11.9883 33128
11.9915 33131
11.9946 33134
11.9978 33137
12.001 33140
12.0041 33143
12.0073 33146
12.0104 33149
12.0136 33152
12.0167 33155
12.0199 33158
12.023 33161
12.0262 33164
12.0293 33167
12.0325 33170
12.0356 33173
12.0388 33176
12.0419 33179
12.0451 33182
12.0482 33185
12.0514 33188
12.0545 33191
12.0577 33194
12.0608 33197
12.064 33200
12.0671 33203
12.0703 33206
12.0734 33209
12.0766 33212
12.0798 33215
12.0829 33218
12.0861 33221
12.0892 33224
12.0924 33227
12.0955 33230
12.0987 33233
12.1018 33236
12.105 33239
12.1081 33242
12.1113 33245
12.1144 33248
12.1176 33251
12.1207 33254
12.1239 33257
12.127 33260
12.1302 33263
12.1333 33266
12.1365 33269
12.1396 33272
12.1428 33275
12.1459 33278
12.1491 33281
12.1522 33284
12.1554 33287
12.1586 33290
12.1617 33293
12.1649 33296
12.168 33299
12.1712 33302
12.1743 33305
12.1775 33308
12.1806 33311
12.1838 33314
12.1869 33317
12.1901 33320
12.1932 33323
12.1964 33326
12.1995 33329
12.2027 33332
12.2058 33335
12.209 33338
12.2121 33341
12.2153 33344
12.2184 33347
12.2216 33350
12.2247 33353
12.2279 33356
12.231 33359
12.2342 33362
12.2374 33365
12.2405 33368
12.2437 33371
12.2468 33374
12.25 33377
12.2531 33380
12.2563 33383
12.2594 33386
12.2626 33389
12.2657 33392
12.2689 33395
12.272 33398
12.2752 33401
12.2783 33404
12.2815 33407
12.2846 33410
12.2878 33413
12.2909 33416
12.2941 33419
12.2972 33422
12.3004 33425
12.3035 33428
12.3067 33431
12.3098 33434
12.313 33437
12.3162 33440
12.3193 33443
12.3225 33446
12.3256 33449
12.3288 33452
12.3319 33455
12.3351 33458
12.3382 33461
12.3414 33464
12.3445 33467
12.3477 33470
12.3508 33473
12.354 33476
12.3571 33479
12.3603 33482
12.3634 33485
12.3666 33488
12.3697 33491
12.3729 33494
12.376 33497
12.3792 33500
12.3823 33503
12.3855 33506
12.3886 33509
12.3918 33512
12.395 33515
12.3981 33518
12.4013 33521
12.4044 33524
12.4076 33527
12.4107 33530
12.4139 33533
12.417 33536
12.4202 33539
12.4233 33542
12.4265 33545
12.4296 33548
12.4328 33551
12.4359 33554
12.4391 33557
12.4422 33560
12.4454 33563
12.4485 33566
12.4517 33569
12.4548 33572
12.458 33575
12.4611 33578
12.4643 33581
12.4674 33584
12.4706 33587
12.4738 33590
12.4769 33593
12.4801 33596
12.4832 33599
12.4864 33602
12.4895 33605
12.4927 33608
12.4958 33611
12.499 33614
12.5021 33617
12.5053 33620
12.5084 33623
12.5116 33626
12.5147 33629
12.5179 33632
12.521 33635
12.5242 33638
12.5273 33641
12.5305 33644
12.5336 33647
12.5368 33650
12.5399 33653
12.5431 33656
12.5462 33659
12.5494 33662
12.5526 33665
12.5557 33668
12.5589 33671
12.562 33674
12.5652 33677
12.5683 33680
12.5715 33683
12.5746 33686
12.5778 33689
12.5809 33692
12.5841 33695
12.5872 33698
12.5904 33701
12.5935 33704
12.5967 33707
12.5998 33710
12.603 33713
12.6061 33716
12.6093 33719
12.6124 33722
12.6156 33725
12.6187 33728
12.6219 33731
12.625 33734
12.6282 33737
12.6314 33740
12.6345 33743
12.6377 33746
12.6408 33749
12.644 33752
12.6471 33755
12.6503 33758
12.6534 33761
12.6566 33764
12.6597 33767
12.6629 33770
12.666 33773
12.6692 33776
12.6723 33779
12.6755 33782
12.6786 33785
12.6818 33788
12.6849 33791
12.6881 33794
12.6912 33797
12.6944 33800
12.6975 33803
12.7007 33806
12.7038 33809
12.707 33812
12.7102 33815
12.7133 33818
12.7165 33821
12.7196 33824
12.7228 33827
12.7259 33830
12.7291 33833
12.7322 33836
12.7354 33839
12.7385 33842
12.7417 33845
12.7448 33848
12.748 33851
12.7511 33854
12.7543 33857
12.7574 33860
12.7606 33863
12.7637 33866
12.7669 33869
12.77 33872
12.7732 33875
12.7763 33878
12.7795 33881
12.7826 33884
12.7858 33887
12.789 33890
12.7921 33893
12.7953 33896
12.7984 33899
12.8016 33902
12.8047 33905
12.8079 33908
12.811 33911
12.8142 33914
12.8173 33917
12.8205 33920
12.8236 33923
12.8268 33926
12.8299 33929
12.8331 33932
12.8362 33935
12.8394 33938
12.8425 33941
12.8457 33944
12.8488 33947
12.852 33950
12.8551 33953
12.8583 33956
12.8614 33959
12.8646 33962
12.8678 33965
12.8709 33968
12.8741 33971
12.8772 33974
12.8804 33977
12.8835 33980
12.8867 33983
12.8898 33986
12.893 33989
12.8961 33992
12.8993 33995
12.9024 33998
12.9056 34001
12.9087 34004
12.9119 34007
12.915 34010
12.9182 34013
12.9213 34016
12.9245 34019
12.9276 34022
12.9308 34025
12.9339 34028
12.9371 34031
12.9402 34034
12.9434 34037
12.9466 34040
12.9497 34043
12.9529 34046
12.956 34049
12.9592 34052
12.9623 34055
12.9655 34058
12.9686 34061
12.9718 34064
12.9749 34067
12.9781 34070
12.9812 34073
12.9844 34076
12.9875 34079
12.9907 34082
12.9938 34085
12.997 34088
13.0001 34091
13.0033 34094
13.0064 34097
13.0096 34100
13.0127 34103
13.0159 34106
13.019 34109
13.0222 34112
13.0254 34115
13.0285 34118
13.0317 34121
13.0348 34124
13.038 34127
13.0411 34130
13.0443 34133
13.0474 34136
13.0506 34139
13.0537 34142
13.0569 34145
13.06 34148
13.0632 34151
13.0663 34154
13.0695 34157
13.0726 34160
13.0758 34163
13.0789 34166
13.0821 34169
13.0852 34172
13.0884 34175
13.0915 34178
13.0947 34181
13.0978 34184
13.101 34187
13.1042 34190
13.1073 34193
13.1105 34196
13.1136 34199
13.1168 34202
13.1199 34205
13.1231 34208
13.1262 34211
13.1294 34214
13.1325 34217
13.1357 34220
13.1388 34223
13.142 34226
13.1451 34229
13.1483 34232
13.1514 34235
13.1546 34238
13.1577 34241
13.1609 34244
13.164 34247
13.1672 34250
13.1703 34253
13.1735 34256
13.1766 34259
13.1798 34262
13.183 34265
13.1861 34268
13.1893 34271
13.1924 34274
13.1956 34277
13.1987 34280
13.2019 34283
13.205 34286
13.2082 34289
13.2113 34292
13.2145 34295
13.2176 34298
13.2208 34301
13.2239 34304
13.2271 34307
13.2302 34310
13.2334 34313
13.2365 34316
13.2397 34319
13.2428 34322
13.246 34325
13.2491 34328
13.2523 34331
13.2554 34334
13.2586 34337
13.2618 34340
13.2649 34343
13.2681 34346
13.2712 34349
13.2744 34352
13.2775 34355
13.2807 34358
13.2838 34361
13.287 34364
13.2901 34367
13.2933 34370
13.2964 34373
13.2996 34376
13.3027 34379
13.3059 34382
13.309 34385
13.3122 34388
13.3153 34391
13.3185 34394
13.3216 34397
13.3248 34400
13.3279 34403
13.3311 34406
13.3342 34409
13.3374 34412
13.3406 34415
13.3437 34418
13.3469 34421
13.35 34424
13.3532 34427
13.3563 34430
13.3595 34433
13.3626 34436
13.3658 34439
13.3689 34442
13.3721 34445
13.3752 34448
13.3784 34451
13.3815 34454
13.3847 34457
13.3878 34460
13.391 34463
13.3941 34466
13.3973 34469
13.4004 34472
13.4036 34475
13.4067 34478
13.4099 34481
13.413 34484
13.4162 34487
13.4194 34490
13.4225 34493
13.4257 34496
13.4288 34499
13.432 34502
13.4351 34505
13.4383 34508
13.4414 34511
13.4446 34514
13.4477 34517
13.4509 34520
13.454 34523
13.4572 34526
13.4603 34529
13.4635 34532
13.4666 34535
13.4698 34538
13.4729 34541
13.4761 34544
13.4792 34547
13.4824 34550
13.4855 34553
13.4887 34556
13.4918 34559
13.495 34562
13.4982 34565
13.5013 34568
13.5045 34571
13.5076 34574
13.5108 34577
13.5139 34580
13.5171 34583
13.5202 34586
13.5234 34589
13.5265 34592
13.5297 34595
13.5328 34598
13.536 34601
13.5391 34604
13.5423 34607
13.5454 34610
13.5486 34613
13.5517 34616
13.5549 34619
13.558 34622
13.5612 34625
13.5643 34628
13.5675 34631
13.5706 34634
13.5738 34637
13.577 34640
13.5801 34643
13.5833 34646
13.5864 34649
13.5896 34652
13.5927 34655
13.5959 34658
13.599 34661
13.6022 34664
13.6053 34667
13.6085 34670
13.6116 34673
13.6148 34676
13.6179 34679
13.6211 34682
13.6242 34685
13.6274 34688
13.6305 34691
13.6337 34694
13.6368 34697
13.64 34700
13.6431 34703
13.6463 34706
13.6494 34709
13.6526 34712
13.6558 34715
13.6589 34718
13.6621 34721
13.6652 34724
13.6684 34727
13.6715 34730
13.6747 34733
13.6778 34736
13.681 34739
13.6841 34742
13.6873 34745
13.6904 34748
13.6936 34751
13.6967 34754
13.6999 34757
13.703 34760
13.7062 34763
13.7093 34766
13.7125 34769
13.7156 34772
13.7188 34775
13.7219 34778
13.7251 34781
13.7282 34784
13.7314 34787
13.7346 34790
13.7377 34793
13.7409 34796
13.744 34799
13.7472 34802
13.7503 34805
13.7535 34808
13.7566 34811
13.7598 34814
13.7629 34817
13.7661 34820
13.7692 34823
13.7724 34826
13.7755 34829
13.7787 34832
13.7818 34835
13.785 34838
13.7881 34841
13.7913 34844
13.7944 34847
13.7976 34850
13.8007 34853
13.8039 34856
13.807 34859
13.8102 34862
13.8134 34865
13.8165 34868
13.8197 34871
13.8228 34874
13.826 34877
13.8291 34880
13.8323 34883
13.8354 34886
13.8386 34889
13.8417 34892
13.8449 34895
13.848 34898
13.8512 34901
13.8543 34904
13.8575 34907
13.8606 34910
13.8638 34913
13.8669 34916
13.8701 34919
13.8732 34922
13.8764 34925
13.8795 34928
13.8827 34931
13.8858 34934
13.889 34937
13.8922 34940
13.8953 34943
13.8985 34946
13.9016 34949
13.9048 34952
13.9079 34955
13.9111 34958
13.9142 34961
13.9174 34964
13.9205 34967
13.9237 34970
13.9268 34973
13.93 34976
13.9331 34979
13.9363 34982
13.9394 34985
13.9426 34988
13.9457 34991
13.9489 34994
13.952 34997
13.9552 35000
13.9583 35003
13.9615 35006
13.9646 35009
13.9678 35012
13.971 35015
13.9741 35018
13.9773 35021
13.9804 35024
13.9836 35027
13.9867 35030
13.9899 35033
13.993 35036
13.9962 35039
13.9993 35042
14.0025 35045
14.0056 35048
14.0088 35051
14.0119 35054
14.0151 35057
14.0182 35060
14.0214 35063
14.0245 35066
14.0277 35069
14.0308 35072
14.034 35075
14.0371 35078
14.0403 35081
14.0434 35084
14.0466 35087
14.0498 35090
14.0529 35093
14.0561 35096
14.0592 35099
14.0624 35102
14.0655 35105
14.0687 35108
14.0718 35111
14.075 35114
14.0781 35117
14.0813 35120
14.0844 35123
14.0876 35126
14.0907 35129
14.0939 35132
14.097 35135
14.1002 35138
14.1033 35141
14.1065 35144
14.1096 35147
14.1128 35150
14.1159 35153
14.1191 35156
14.1222 35159
14.1254 35162
14.1286 35165
14.1317 35168
14.1349 35171
14.138 35174
14.1412 35177
14.1443 35180
14.1475 35183
14.1506 35186
14.1538 35189
14.1569 35192
14.1601 35195
14.1632 35198
14.1664 35201
14.1695 35204
14.1727 35207
14.1758 35210
14.179 35213
14.1821 35216
14.1853 35219
14.1884 35222
14.1916 35225
14.1947 35228
14.1979 35231
14.201 35234
14.2042 35237
14.2074 35240
14.2105 35243
14.2137 35246
14.2168 35249
14.22 35252
14.2231 35255
14.2263 35258
14.2294 35261
14.2326 35264
14.2357 35267
14.2389 35270
14.242 35273
14.2452 35276
14.2483 35279
14.2515 35282
14.2546 35285
14.2578 35288
14.2609 35291
14.2641 35294
14.2672 35297
14.2704 35300
14.2735 35303
14.2767 35306
14.2798 35309
14.283 35312
14.2862 35315
14.2893 35318
14.2925 35321
14.2956 35324
14.2988 35327
14.3019 35330
14.3051 35333
14.3082 35336
14.3114 35339
14.3145 35342
14.3177 35345
14.3208 35348
14.324 35351
14.3271 35354
14.3303 35357
14.3334 35360
14.3366 35363
14.3397 35366
14.3429 35369
14.346 35372
14.3492 35375
14.3523 35378
14.3555 35381
14.3586 35384
14.3618 35387
14.3649 35390
14.3681 35393
14.3713 35396
14.3744 35399
14.3776 35402
14.3807 35405
14.3839 35408
14.387 35411
14.3902 35414
14.3933 35417
14.3965 35420
14.3996 35423
14.4028 35426
14.4059 35429
14.4091 35432
14.4122 35435
14.4154 35438
14.4185 35441
14.4217 35444
14.4248 35447
14.428 35450
14.4311 35453
14.4343 35456
14.4374 35459
14.4406 35462
14.4437 35465
14.4469 35468
14.4501 35471
14.4532 35474
14.4564 35477
14.4595 35480
14.4627 35483
14.4658 35486
14.469 35489
14.4721 35492
14.4753 35495
14.4784 35498
14.4816 35501
14.4847 35504
14.4879 35507
14.491 35510
14.4942 35513
14.4973 35516
14.5005 35519
14.5036 35522
14.5068 35525
14.5099 35528
14.5131 35531
14.5162 35534
14.5194 35537
14.5225 35540
14.5257 35543
14.5289 35546
14.532 35549
14.5352 35552
14.5383 35555
14.5415 35558
14.5446 35561
14.5478 35564
14.5509 35567
14.5541 35570
14.5572 35573
14.5604 35576
14.5635 35579
14.5667 35582
14.5698 35585
14.573 35588
14.5761 35591
14.5793 35594
14.5824 35597
14.5856 35600
14.5887 35603
14.5919 35606
14.595 35609
14.5982 35612
14.6013 35615
14.6045 35618
14.6077 35621
14.6108 35624
14.614 35627
14.6171 35630
14.6203 35633
14.6234 35636
14.6266 35639
14.6297 35642
14.6329 35645
14.636 35648
14.6392 35651
14.6423 35654
14.6455 35657
14.6486 35660
14.6518 35663
14.6549 35666
14.6581 35669
14.6612 35672
14.6644 35675
14.6675 35678
14.6707 35681
14.6738 35684
14.677 35687
14.6801 35690
14.6833 35693
14.6865 35696
14.6896 35699
14.6928 35702
14.6959 35705
14.6991 35708
14.7022 35711
14.7054 35714
14.7085 35717
14.7117 35720
14.7148 35723
14.718 35726
14.7211 35729
14.7243 35732
14.7274 35735
14.7306 35738
14.7337 35741
14.7369 35744
14.74 35747
14.7432 35750
14.7463 35753
14.7495 35756
14.7526 35759
14.7558 35762
14.7589 35765
14.7621 35768
14.7653 35771
14.7684 35774
14.7716 35777
14.7747 35780
14.7779 35783
14.781 35786
14.7842 35789
14.7873 35792
14.7905 35795
14.7936 35798
14.7968 35801
14.7999 35804
14.8031 35807
14.8062 35810
14.8094 35813
14.8125 35816
14.8157 35819
14.8188 35822
14.822 35825
14.8251 35828
14.8283 35831
14.8314 35834
14.8346 35837
14.8377 35840
14.8409 35843
14.8441 35846
14.8472 35849
14.8504 35852
14.8535 35855
14.8567 35858
14.8598 35861
14.863 35864
14.8661 35867
14.8693 35870
14.8724 35873
14.8756 35876
14.8787 35879
14.8819 35882
14.885 35885
14.8882 35888
14.8913 35891
14.8945 35894
14.8976 35897
14.9008 35900
14.9039 35903
14.9071 35906
14.9102 35909
14.9134 35912
14.9165 35915
14.9197 35918
14.9229 35921
14.926 35924
14.9292 35927
14.9323 35930
14.9355 35933
14.9386 35936
14.9418 35939
14.9449 35942
14.9481 35945
14.9512 35948
14.9544 35951
14.9575 35954
14.9607 35957
14.9638 35960
14.967 35963
14.9701 35966
14.9733 35969
14.9764 35972
14.9796 35975
14.9827 35978
14.9859 35981
14.989 35984
14.9922 35987
14.9953 35990
14.9985 35993
15.0017 35996
15.0048 35999
15.008 36002
15.0111 36005
15.0143 36008
15.0174 36011
15.0206 36014
15.0237 36017
15.0269 36020
15.03 36023
15.0332 36026
15.0363 36029
15.0395 36032
15.0426 36035
15.0458 36038
15.0489 36041
15.0521 36044
15.0552 36047
15.0584 36050
15.0615 36053
15.0647 36056
15.0678 36059
15.071 36062
15.0741 36065
15.0773 36068
15.0805 36071
15.0836 36074
15.0868 36077
15.0899 36080
15.0931 36083
15.0962 36086
15.0994 36089
15.1025 36092
15.1057 36095
15.1088 36098
15.112 36101
15.1151 36104
15.1183 36107
15.1214 36110
15.1246 36113
15.1277 36116
15.1309 36119
15.134 36122
15.1372 36125
15.1403 36128
15.1435 36131
15.1466 36134
15.1498 36137
15.1529 36140
15.1561 36143
15.1593 36146
15.1624 36149
15.1656 36152
15.1687 36155
15.1719 36158
15.175 36161
15.1782 36164
15.1813 36167
15.1845 36170
15.1876 36173
15.1908 36176
15.1939 36179
15.1971 36182
15.2002 36185
15.2034 36188
15.2065 36191
15.2097 36194
15.2128 36197
15.216 36200
15.2191 36203
15.2223 36206
15.2254 36209
15.2286 36212
15.2317 36215
15.2349 36218
15.2381 36221
15.2412 36224
15.2444 36227
15.2475 36230
15.2507 36233
15.2538 36236
15.257 36239
15.2601 36242
15.2633 36245
15.2664 36248
15.2696 36251
15.2727 36254
15.2759 36257
15.279 36260
15.2822 36263
15.2853 36266
15.2885 36269
15.2916 36272
15.2948 36275
15.2979 36278
15.3011 36281
15.3042 36284
15.3074 36287
15.3105 36290
15.3137 36293
15.3169 36296
15.32 36299
15.3232 36302
15.3263 36305
15.3295 36308
15.3326 36311
15.3358 36314
15.3389 36317
15.3421 36320
15.3452 36323
15.3484 36326
15.3515 36329
15.3547 36332
15.3578 36335
15.361 36338
15.3641 36341
15.3673 36344
15.3704 36347
15.3736 36350
15.3767 36353
15.3799 36356
15.383 36359
15.3862 36362
15.3893 36365
15.3925 36368
15.3957 36371
15.3988 36374
15.402 36377
15.4051 36380
15.4083 36383
15.4114 36386
15.4146 36389
15.4177 36392
15.4209 36395
15.424 36398
15.4272 36401
15.4303 36404
15.4335 36407
15.4366 36410
15.4398 36413
15.4429 36416
15.4461 36419
15.4492 36422
15.4524 36425
15.4555 36428
15.4587 36431
15.4618 36434
15.465 36437
15.4681 36440
15.4713 36443
15.4745 36446
15.4776 36449
15.4808 36452
15.4839 36455
15.4871 36458
15.4902 36461
15.4934 36464
15.4965 36467
15.4997 36470
15.5028 36473
15.506 36476
15.5091 36479
15.5123 36482
15.5154 36485
15.5186 36488
15.5217 36491
15.5249 36494
15.528 36497
15.5312 36500
15.5343 36503
15.5375 36506
15.5406 36509
15.5438 36512
15.5469 36515
15.5501 36518
15.5533 36521
15.5564 36524
15.5596 36527
15.5627 36530
15.5659 36533
15.569 36536
15.5722 36539
15.5753 36542
15.5785 36545
15.5816 36548
15.5848 36551
15.5879 36554
15.5911 36557
15.5942 36560
15.5974 36563
15.6005 36566
15.6037 36569
15.6068 36572
15.61 36575
15.6131 36578
15.6163 36581
15.6194 36584
15.6226 36587
15.6257 36590
15.6289 36593
15.6321 36596
15.6352 36599
15.6384 36602
15.6415 36605
15.6447 36608
15.6478 36611
15.651 36614
15.6541 36617
15.6573 36620
15.6604 36623
15.6636 36626
15.6667 36629
15.6699 36632
15.673 36635
15.6762 36638
15.6793 36641
15.6825 36644
15.6856 36647
15.6888 36650
15.6919 36653
15.6951 36656
15.6982 36659
15.7014 36662
15.7045 36665
15.7077 36668
15.7109 36671
15.714 36674
15.7172 36677
15.7203 36680
15.7235 36683
15.7266 36686
15.7298 36689
15.7329 36692
15.7361 36695
15.7392 36698
15.7424 36701
15.7455 36704
15.7487 36707
15.7518 36710
15.755 36713
15.7581 36716
15.7613 36719
15.7644 36722
15.7676 36725
15.7707 36728
15.7739 36731
15.777 36734
15.7802 36737
15.7833 36740
15.7865 36743
15.7897 36746
15.7928 36749
15.796 36752
15.7991 36755
15.8023 36758
15.8054 36761
15.8086 36764
15.8117 36767
15.8149 36770
15.818 36773
15.8212 36776
15.8243 36779
15.8275 36782
15.8306 36785
15.8338 36788
15.8369 36791
15.8401 36794
15.8432 36797
15.8464 36800
15.8495 36803
15.8527 36806
15.8558 36809
15.859 36812
15.8621 36815
15.8653 36818
15.8685 36821
15.8716 36824
15.8748 36827
15.8779 36830
15.8811 36833
15.8842 36836
15.8874 36839
15.8905 36842
15.8937 36845
15.8968 36848
15.9 36851
15.9031 36854
15.9063 36857
15.9094 36860
15.9126 36863
15.9157 36866
15.9189 36869
15.922 36872
15.9252 36875
15.9283 36878
15.9315 36881
15.9346 36884
15.9378 36887
15.9409 36890
15.9441 36893
15.9473 36896
15.9504 36899
15.9536 36902
15.9567 36905
15.9599 36908
15.963 36911
15.9662 36914
15.9693 36917
15.9725 36920
15.9756 36923
15.9788 36926
15.9819 36929
15.9851 36932
15.9882 36935
15.9914 36938
15.9945 36941
15.9977 36944
16.0008 36947
16.004 36950
16.0071 36953
16.0103 36956
16.0134 36959
16.0166 36962
16.0197 36965
16.0229 36968
16.0261 36971
16.0292 36974
16.0324 36977
16.0355 36980
16.0387 36983
16.0418 36986
16.045 36989
16.0481 36992
16.0513 36995
16.0544 36998
16.0576 37001
16.0607 37004
16.0639 37007
16.067 37010
16.0702 37013
16.0733 37016
16.0765 37019
16.0796 37022
16.0828 37025
16.0859 37028
16.0891 37031
16.0922 37034
16.0954 37037
16.0985 37040
16.1017 37043
16.1049 37046
16.108 37049
16.1112 37052
16.1143 37055
16.1175 37058
16.1206 37061
16.1238 37064
16.1269 37067
16.1301 37070
16.1332 37073
16.1364 37076
16.1395 37079
16.1427 37082
16.1458 37085
16.149 37088
16.1521 37091
16.1553 37094
16.1584 37097
16.1616 37100
16.1647 37103
16.1679 37106
16.171 37109
16.1742 37112
16.1773 37115
16.1805 37118
16.1837 37121
16.1868 37124
16.19 37127
16.1931 37130
16.1963 37133
16.1994 37136
16.2026 37139
16.2057 37142
16.2089 37145
16.212 37148
16.2152 37151
16.2183 37154
16.2215 37157
16.2246 37160
16.2278 37163
16.2309 37166
16.2341 37169
16.2372 37172
16.2404 37175
16.2435 37178
16.2467 37181
16.2498 37184
16.253 37187
16.2561 37190
16.2593 37193
16.2625 37196
16.2656 37199
16.2688 37202
16.2719 37205
16.2751 37208
16.2782 37211
16.2814 37214
16.2845 37217
16.2877 37220
16.2908 37223
16.294 37226
16.2971 37229
16.3003 37232
16.3034 37235
16.3066 37238
16.3097 37241
16.3129 37244
16.316 37247
16.3192 37250
16.3223 37253
16.3255 37256
16.3286 37259
16.3318 37262
16.3349 37265
16.3381 37268
16.3413 37271
16.3444 37274
16.3476 37277
16.3507 37280
16.3539 37283
16.357 37286
16.3602 37289
16.3633 37292
16.3665 37295
16.3696 37298
16.3728 37301
16.3759 37304
16.3791 37307
16.3822 37310
16.3854 37313
16.3885 37316
16.3917 37319
16.3948 37322
16.398 37325
16.4011 37328
16.4043 37331
16.4074 37334
16.4106 37337
16.4137 37340
16.4169 37343
16.4201 37346
16.4232 37349
16.4264 37352
16.4295 37355
16.4327 37358
16.4358 37361
16.439 37364
16.4421 37367
16.4453 37370
16.4484 37373
16.4516 37376
16.4547 37379
16.4579 37382
16.461 37385
16.4642 37388
16.4673 37391
16.4705 37394
16.4736 37397
16.4768 37400
16.4799 37403
16.4831 37406
16.4862 37409
16.4894 37412
16.4925 37415
16.4957 37418
16.4989 37421
16.502 37424
16.5052 37427
16.5083 37430
16.5115 37433
16.5146 37436
16.5178 37439
16.5209 37442
16.5241 37445
16.5272 37448
16.5304 37451
16.5335 37454
16.5367 37457
16.5398 37460
16.543 37463
16.5461 37466
16.5493 37469
16.5524 37472
16.5556 37475
16.5587 37478
16.5619 37481
16.565 37484
16.5682 37487
16.5713 37490
16.5745 37493
16.5777 37496
16.5808 37499
16.584 37502
16.5871 37505
16.5903 37508
16.5934 37511
16.5966 37514
16.5997 37517
16.6029 37520
16.606 37523
16.6092 37526
16.6123 37529
16.6155 37532
16.6186 37535
16.6218 37538
16.6249 37541
16.6281 37544
16.6312 37547
16.6344 37550
16.6375 37553
16.6407 37556
16.6438 37559
16.647 37562
16.6501 37565
16.6533 37568
16.6565 37571
16.6596 37574
16.6628 37577
16.6659 37580
16.6691 37583
16.6722 37586
16.6754 37589
16.6785 37592
16.6817 37595
16.6848 37598
16.688 37601
16.6911 37604
16.6943 37607
16.6974 37610
16.7006 37613
16.7037 37616
16.7069 37619
16.71 37622
16.7132 37625
16.7163 37628
16.7195 37631
16.7226 37634
16.7258 37637
16.7289 37640
16.7321 37643
16.7353 37646
16.7384 37649
16.7416 37652
16.7447 37655
16.7479 37658
16.751 37661
16.7542 37664
16.7573 37667
16.7605 37670
16.7636 37673
16.7668 37676
16.7699 37679
16.7731 37682
16.7762 37685
16.7794 37688
16.7825 37691
16.7857 37694
16.7888 37697
16.792 37700
16.7951 37703
16.7983 37706
16.8014 37709
16.8046 37712
16.8077 37715
16.8109 37718
16.8141 37721
16.8172 37724
16.8204 37727
16.8235 37730
16.8267 37733
16.8298 37736
16.833 37739
16.8361 37742
16.8393 37745
16.8424 37748
16.8456 37751
16.8487 37754
16.8519 37757
16.855 37760
16.8582 37763
16.8613 37766
16.8645 37769
16.8676 37772
16.8708 37775
16.8739 37778
16.8771 37781
16.8802 37784
16.8834 37787
16.8865 37790
16.8897 37793
16.8929 37796
16.896 37799
16.8992 37802
16.9023 37805
16.9055 37808
16.9086 37811
16.9118 37814
16.9149 37817
16.9181 37820
16.9212 37823
16.9244 37826
16.9275 37829
16.9307 37832
16.9338 37835
16.937 37838
16.9401 37841
16.9433 37844
16.9464 37847
16.9496 37850
16.9527 37853
16.9559 37856
16.959 37859
16.9622 37862
16.9653 37865
16.9685 37868
16.9717 37871
16.9748 37874
16.978 37877
16.9811 37880
16.9843 37883
16.9874 37886
16.9906 37889
16.9937 37892
16.9969 37895
17 37898
17.0032 37901
17.0063 37904
17.0095 37907
17.0126 37910
17.0158 37913
17.0189 37916
17.0221 37919
17.0252 37922
17.0284 37925
17.0315 37928
17.0347 37931
17.0378 37934
17.041 37937
17.0441 37940
17.0473 37943
17.0505 37946
17.0536 37949
17.0568 37952
17.0599 37955
17.0631 37958
17.0662 37961
17.0694 37964
17.0725 37967
17.0757 37970
17.0788 37973
17.082 37976
17.0851 37979
17.0883 37982
17.0914 37985
17.0946 37988
17.0977 37991
17.1009 37994
17.104 37997
17.1072 38000
17.1103 38003
17.1135 38006
17.1166 38009
17.1198 38012
17.1229 38015
17.1261 38018
17.1293 38021
17.1324 38024
17.1356 38027
17.1387 38030
17.1419 38033
17.145 38036
17.1482 38039
17.1513 38042
17.1545 38045
17.1576 38048
17.1608 38051
17.1639 38054
17.1671 38057
17.1702 38060
17.1734 38063
17.1765 38066
17.1797 38069
17.1828 38072
17.186 38075
17.1891 38078
17.1923 38081
17.1954 38084
17.1986 38087
17.2017 38090
17.2049 38093
17.2081 38096
17.2112 38099
17.2144 38102
17.2175 38105
17.2207 38108
17.2238 38111
17.227 38114
17.2301 38117
17.2333 38120
17.2364 38123
17.2396 38126
17.2427 38129
17.2459 38132
17.249 38135
17.2522 38138
17.2553 38141
17.2585 38144
17.2616 38147
17.2648 38150
17.2679 38153
17.2711 38156
17.2742 38159
17.2774 38162
17.2805 38165
17.2837 38168
17.2869 38171
17.29 38174
17.2932 38177
17.2963 38180
17.2995 38183
17.3026 38186
17.3058 38189
17.3089 38192
17.3121 38195
17.3152 38198
17.3184 38201
17.3215 38204
17.3247 38207
17.3278 38210
17.331 38213
17.3341 38216
17.3373 38219
17.3404 38222
17.3436 38225
17.3467 38228
17.3499 38231
17.353 38234
17.3562 38237
17.3593 38240
17.3625 38243
17.3657 38246
17.3688 38249
17.372 38252
17.3751 38255
17.3783 38258
17.3814 38261
17.3846 38264
17.3877 38267
17.3909 38270
17.394 38273
17.3972 38276
17.4003 38279
17.4035 38282
17.4066 38285
17.4098 38288
17.4129 38291
17.4161 38294
17.4192 38297
17.4224 38300
17.4255 38303
17.4287 38306
17.4318 38309
17.435 38312
17.4381 38315
17.4413 38318
17.4445 38321
17.4476 38324
17.4508 38327
17.4539 38330
17.4571 38333
17.4602 38336
17.4634 38339
17.4665 38342
17.4697 38345
17.4728 38348
17.476 38351
17.4791 38354
17.4823 38357
17.4854 38360
17.4886 38363
17.4917 38366
17.4949 38369
17.498 38372
17.5012 38375
17.5043 38378
17.5075 38381
17.5106 38384
17.5138 38387
17.5169 38390
17.5201 38393
17.5233 38396
17.5264 38399
17.5296 38402
17.5327 38405
17.5359 38408
17.539 38411
17.5422 38414
17.5453 38417
17.5485 38420
17.5516 38423
17.5548 38426
17.5579 38429
17.5611 38432
17.5642 38435
17.5674 38438
17.5705 38441
17.5737 38444
17.5768 38447
17.58 38450
17.5831 38453
17.5863 38456
17.5894 38459
17.5926 38462
17.5957 38465
17.5989 38468
17.6021 38471
17.6052 38474
17.6084 38477
17.6115 38480
17.6147 38483
17.6178 38486
17.621 38489
17.6241 38492
17.6273 38495
17.6304 38498
17.6336 38501
17.6367 38504
17.6399 38507
17.643 38510
17.6462 38513
17.6493 38516
17.6525 38519
17.6556 38522
17.6588 38525
17.6619 38528
17.6651 38531
17.6682 38534
17.6714 38536
17.6745 38538
17.6777 38540
17.6809 38542
17.684 38544
17.6872 38546
17.6903 38548
17.6935 38550
17.6966 38552
17.6998 38554
17.7029 38556
17.7061 38558
17.7092 38560
17.7124 38562
17.7155 38564
17.7187 38566
17.7218 38568
17.725 38570
17.7281 38572
17.7313 38574
17.7344 38576
17.7376 38578
17.7407 38580
17.7439 38582
17.747 38584
17.7502 38586
17.7533 38588
17.7565 38590
17.7597 38592
17.7628 38594
17.766 38596
17.7691 38598
17.7723 38600
17.7754 38602
17.7786 38604
17.7817 38606
17.7849 38608
17.788 38610
17.7912 38612
17.7943 38614
17.7975 38616
17.8006 38618
17.8038 38620
17.8069 38622
17.8101 38624
17.8132 38626
17.8164 38628
17.8195 38630
17.8227 38632
17.8258 38634
17.829 38636
17.8321 38638
17.8353 38640
17.8385 38642
17.8416 38644
17.8448 38646
17.8479 38648
17.8511 38650
17.8542 38652
17.8574 38654
17.8605 38656
17.8637 38658
17.8668 38660
17.87 38662
17.8731 38664
17.8763 38666
17.8794 38668
17.8826 38670
17.8857 38672
17.8889 38674
17.892 38676
17.8952 38678
17.8983 38680
17.9015 38682
17.9046 38684
17.9078 38686
17.9109 38688
17.9141 38690
17.9173 38692
17.9204 38694
17.9236 38696
17.9267 38698
17.9299 38700
17.933 38702
17.9362 38704
17.9393 38706
17.9425 38708
17.9456 38710
17.9488 38712
17.9519 38714
17.9551 38716
17.9582 38718
17.9614 38720
17.9645 38722
17.9677 38724
17.9708 38726
17.974 38728
17.9771 38730
17.9803 38732
17.9834 38734
17.9866 38736
17.9897 38738
17.9929 38740
17.9961 38742
17.9992 38744
18.0024 38746
18.0055 38748
18.0087 38750
18.0118 38752
18.015 38754
18.0181 38756
18.0213 38758
18.0244 38760
18.0276 38762
18.0307 38764
18.0339 38766
18.037 38768
18.0402 38770
18.0433 38772
18.0465 38774
18.0496 38776
18.0528 38778
18.0559 38780
18.0591 38782
18.0622 38784
18.0654 38786
18.0685 38788
18.0717 38790
18.0749 38792
18.078 38794
18.0812 38796
18.0843 38798
18.0875 38800
18.0906 38802
18.0938 38804
18.0969 38806
18.1001 38808
18.1032 38810
18.1064 38812
18.1095 38814
18.1127 38816
18.1158 38818
18.119 38820
18.1221 38822
18.1253 38824
18.1284 38826
18.1316 38828
18.1347 38830
18.1379 38832
18.141 38834
18.1442 38836
18.1473 38838
18.1505 38840
18.1537 38842
18.1568 38844
18.16 38846
18.1631 38848
18.1663 38850
18.1694 38852
18.1726 38854
18.1757 38856
18.1789 38858
18.182 38860
18.1852 38862
18.1883 38864
18.1915 38866
18.1946 38868
18.1978 38870
18.2009 38872
18.2041 38874
18.2072 38876
18.2104 38878
18.2135 38880
18.2167 38882
18.2198 38884
18.223 38886
18.2261 38888
18.2293 38890
18.2325 38892
18.2356 38894
18.2388 38896
18.2419 38898
18.2451 38900
18.2482 38902
18.2514 38904
18.2545 38906
18.2577 38908
18.2608 38910
18.264 38912
18.2671 38914
18.2703 38916
18.2734 38918
18.2766 38920
18.2797 38922
18.2829 38924
18.286 38926
18.2892 38928
18.2923 38930
18.2955 38932
18.2986 38934
18.3018 38936
18.3049 38938
18.3081 38940
18.3113 38942
18.3144 38944
18.3176 38946
18.3207 38948
18.3239 38950
18.327 38952
18.3302 38954
18.3333 38956
18.3365 38958
18.3396 38960
18.3428 38962
18.3459 38964
18.3491 38966
18.3522 38968
18.3554 38970
18.3585 38972
18.3617 38974
18.3648 38976
18.368 38978
18.3711 38980
18.3743 38982
18.3774 38984
18.3806 38986
18.3837 38988
18.3869 38990
18.3901 38992
18.3932 38994
18.3964 38996
18.3995 38998
18.4027 39000
18.4058 39002
18.409 39004
18.4121 39006
18.4153 39008
18.4184 39010
18.4216 39012
18.4247 39014
18.4279 39016
18.431 39018
18.4342 39020
18.4373 39022
18.4405 39024
18.4436 39026
18.4468 39028
18.4499 39030
18.4531 39032
18.4562 39034
18.4594 39036
18.4625 39038
18.4657 39040
18.4689 39042
18.472 39044
18.4752 39046
18.4783 39048
18.4815 39050
18.4846 39052
18.4878 39054
18.4909 39056
18.4941 39058
18.4972 39060
18.5004 39062
18.5035 39064
18.5067 39066
18.5098 39068
18.513 39070
18.5161 39072
18.5193 39074
18.5224 39076
18.5256 39078
18.5287 39080
18.5319 39082
18.535 39084
18.5382 39086
18.5413 39088
18.5445 39090
18.5477 39092
18.5508 39094
18.554 39096
18.5571 39098
18.5603 39100
18.5634 39102
18.5666 39104
18.5697 39106
18.5729 39108
18.576 39110
18.5792 39112
18.5823 39114
18.5855 39116
18.5886 39118
18.5918 39120
18.5949 39122
18.5981 39124
18.6012 39126
18.6044 39128
18.6075 39130
18.6107 39132
18.6138 39134
18.617 39136
18.6201 39138
18.6233 39140
18.6265 39142
18.6296 39144
18.6328 39146
18.6359 39148
18.6391 39150
18.6422 39152
18.6454 39154
18.6485 39156
18.6517 39158
18.6548 39160
18.658 39162
18.6611 39164
18.6643 39166
18.6674 39168
18.6706 39170
18.6737 39172
18.6769 39174
18.68 39176
18.6832 39178
18.6863 39180
18.6895 39182
18.6926 39184
18.6958 39186
18.6989 39188
18.7021 39190
18.7053 39192
18.7084 39194
18.7116 39196
18.7147 39198
18.7179 39200
18.721 39202
18.7242 39204
18.7273 39206
18.7305 39208
18.7336 39210
18.7368 39212
18.7399 39214
18.7431 39216
18.7462 39218
18.7494 39220
18.7525 39222
18.7557 39224
18.7588 39226
18.762 39228
18.7651 39230
18.7683 39232
18.7714 39234
18.7746 39236
18.7777 39238
18.7809 39240
18.7841 39242
18.7872 39244
18.7904 39246
18.7935 39248
18.7967 39250
18.7998 39252
18.803 39254
18.8061 39256
18.8093 39258
18.8124 39260
18.8156 39262
18.8187 39264
18.8219 39266
18.825 39268
18.8282 39270
18.8313 39272
18.8345 39274
18.8376 39276
18.8408 39278
18.8439 39280
18.8471 39282
18.8502 39284
18.8534 39286
18.8565 39288
18.8597 39290
18.8629 39292
18.866 39294
18.8692 39296
18.8723 39298
18.8755 39300
18.8786 39302
18.8818 39304
18.8849 39306
18.8881 39308
18.8912 39310
18.8944 39312
18.8975 39314
18.9007 39316
18.9038 39318
18.907 39320
18.9101 39322
18.9133 39324
18.9164 39326
18.9196 39328
18.9227 39330
18.9259 39332
18.929 39334
18.9322 39336
18.9353 39338
18.9385 39340
18.9417 39342
18.9448 39344
18.948 39346
18.9511 39348
18.9543 39350
18.9574 39352
18.9606 39354
18.9637 39356
18.9669 39358
18.97 39360
18.9732 39362
18.9763 39364
18.9795 39366
18.9826 39368
18.9858 39370
18.9889 39372
18.9921 39374
18.9952 39376
18.9984 39378
19.0015 39380
19.0047 39382
19.0078 39384
19.011 39386
19.0141 39388
19.0173 39390
19.0205 39392
19.0236 39394
19.0268 39396
19.0299 39398
19.0331 39400
19.0362 39402
19.0394 39404
19.0425 39406
19.0457 39408
19.0488 39410
19.052 39412
19.0551 39414
19.0583 39416
19.0614 39418
19.0646 39420
19.0677 39422
19.0709 39424
19.074 39426
19.0772 39428
19.0803 39430
19.0835 39432
19.0866 39434
19.0898 39436
19.0929 39438
19.0961 39440
19.0993 39442
19.1024 39444
19.1056 39446
19.1087 39448
19.1119 39450
19.115 39452
19.1182 39454
19.1213 39456
19.1245 39458
19.1276 39460
19.1308 39462
19.1339 39464
19.1371 39466
19.1402 39468
19.1434 39470
19.1465 39472
19.1497 39474
19.1528 39476
19.156 39478
19.1591 39480
19.1623 39482
19.1654 39484
19.1686 39486
19.1717 39488
19.1749 39490
19.1781 39492
19.1812 39494
19.1844 39496
19.1875 39498
19.1907 39500
19.1938 39502
19.197 39504
19.2001 39506
19.2033 39508
19.2064 39510
19.2096 39512
19.2127 39514
19.2159 39516
19.219 39518
19.2222 39520
19.2253 39522
19.2285 39524
19.2316 39526
19.2348 39528
19.2379 39530
19.2411 39532
19.2442 39534
19.2474 39536
19.2505 39538
19.2537 39540
19.2569 39542
19.26 39544
19.2632 39546
19.2663 39548
19.2695 39550
19.2726 39552
19.2758 39554
19.2789 39556
19.2821 39558
19.2852 39560
19.2884 39562
19.2915 39564
19.2947 39566
19.2978 39568
19.301 39570
19.3041 39572
19.3073 39574
19.3104 39576
19.3136 39578
19.3167 39580
19.3199 39582
19.323 39584
19.3262 39586
19.3293 39588
19.3325 39590
19.3357 39592
19.3388 39594
19.342 39596
19.3451 39598
19.3483 39600
19.3514 39602
19.3546 39604
19.3577 39606
19.3609 39608
19.364 39610
19.3672 39612
19.3703 39614
19.3735 39616
19.3766 39618
19.3798 39620
19.3829 39622
19.3861 39624
19.3892 39626
19.3924 39628
19.3955 39630
19.3987 39632
19.4018 39634
19.405 39636
19.4081 39638
19.4113 39640
19.4145 39642
19.4176 39644
19.4208 39646
19.4239 39648
19.4271 39650
19.4302 39652
19.4334 39654
19.4365 39656
19.4397 39658
19.4428 39660
19.446 39662
19.4491 39664
19.4523 39666
19.4554 39668
19.4586 39670
19.4617 39672
19.4649 39674
19.468 39676
19.4712 39678
19.4743 39680
19.4775 39682
19.4806 39684
19.4838 39686
19.4869 39688
19.4901 39690
19.4933 39692
19.4964 39694
19.4996 39696
19.5027 39698
19.5059 39700
19.509 39702
19.5122 39704
19.5153 39706
19.5185 39708
19.5216 39710
19.5248 39712
19.5279 39714
19.5311 39716
19.5342 39718
19.5374 39720
19.5405 39722
19.5437 39724
19.5468 39726
19.55 39728
19.5531 39730
19.5563 39732
19.5594 39734
19.5626 39736
19.5657 39738
19.5689 39740
19.5721 39742
19.5752 39744
19.5784 39746
19.5815 39748
19.5847 39750
19.5878 39752
19.591 39754
19.5941 39756
19.5973 39758
19.6004 39760
19.6036 39762
19.6067 39764
19.6099 39766
19.613 39768
19.6162 39770
19.6193 39772
19.6225 39774
19.6256 39776
19.6288 39778
19.6319 39780
19.6351 39782
19.6382 39784
19.6414 39786
19.6445 39788
19.6477 39790
19.6509 39792
19.654 39794
19.6572 39796
19.6603 39798
19.6635 39800
19.6666 39802
19.6698 39804
19.6729 39806
19.6761 39808
19.6792 39810
19.6824 39812
19.6855 39814
19.6887 39816
19.6918 39818
19.695 39820
19.6981 39822
19.7013 39824
19.7044 39826
19.7076 39828
19.7107 39830
19.7139 39832
19.717 39834
19.7202 39836
19.7233 39838
19.7265 39840
19.7297 39842
19.7328 39844
19.736 39846
19.7391 39848
19.7423 39850
19.7454 39852
19.7486 39854
19.7517 39856
19.7549 39858
19.758 39860
19.7612 39862
19.7643 39864
19.7675 39866
19.7706 39868
19.7738 39870
19.7769 39872
19.7801 39874
19.7832 39876
19.7864 39878
19.7895 39880
19.7927 39882
19.7958 39884
19.799 39886
19.8021 39888
19.8053 39890
19.8085 39892
19.8116 39894
19.8148 39896
19.8179 39898
19.8211 39900
19.8242 39902
19.8274 39904
19.8305 39906
19.8337 39908
19.8368 39910
19.84 39912
19.8431 39914
19.8463 39916
19.8494 39918
19.8526 39920
19.8557 39922
19.8589 39924
19.862 39926
19.8652 39928
19.8683 39930
19.8715 39932
19.8746 39934
19.8778 39936
19.8809 39938
19.8841 39940
19.8873 39942
19.8904 39944
19.8936 39946
19.8967 39948
19.8999 39950
19.903 39952
19.9062 39954
19.9093 39956
19.9125 39958
19.9156 39960
19.9188 39962
19.9219 39964
19.9251 39966
19.9282 39968
19.9314 39970
19.9345 39972
19.9377 39974
19.9408 39976
19.944 39978
19.9471 39980
19.9503 39982
19.9534 39984
19.9566 39986
19.9597 39988
19.9629 39990
19.9661 39992
19.9692 39994
19.9724 39996
19.9755 39998
19.9787 40000
19.9818 40002
19.985 40004
19.9881 40006
19.9913 40008
19.9944 40010
19.9976 40012
20.0007 40014
20.0039 40016
20.007 40018
20.0102 40020
20.0133 40022
20.0165 40024
20.0196 40026
20.0228 40028
20.0259 40030
20.0291 40032
20.0322 40034
20.0354 40036
20.0385 40038
20.0417 40040
20.0449 40042
20.048 40044
20.0512 40046
20.0543 40048
20.0575 40050
20.0606 40052
20.0638 40054
20.0669 40056
20.0701 40058
20.0732 40060
20.0764 40062
20.0795 40064
20.0827 40066
20.0858 40068
20.089 40070
20.0921 40072
20.0953 40074
20.0984 40076
