0.0 0
0.0905768 0.09
0.18279 0.09025
0.276537 0.0907188
0.370283 0.0911289
0.462454 0.102988
0.465606 0.101989
0.5562 0.100991
0.559352 0.100492
0.562504 0.100055
0.649946 0.0991734
0.653098 0.0989017
0.65625 0.098664
0.659402 0.098456
0.742117 0.108649
0.745269 0.107068
0.748421 0.105559
0.751573 0.104614
0.754725 0.103788
0.757877 0.103064
0.834287 0.112056
0.837439 0.109924
0.840591 0.108059
0.843743 0.106801
0.846895 0.105701
0.850047 0.104864
0.853199 0.104506
0.856351 0.104192
0.859503 0.103918
0.926458 0.112054
0.92961 0.109922
0.932762 0.108057
0.935914 0.1068
0.939066 0.105825
0.942218 0.104972
0.94537 0.1046
0.948522 0.104275
0.951674 0.103866
0.954826 0.103882
0.957978 0.103897
0.96113 0.104035
0.964282 0.104531
0.967434 0.104964
1.0202 0.103594
1.02336 0.10277
1.02651 0.102048
1.02966 0.101417
1.03281 0.10124
1.03596 0.101085
1.03912 0.100949
1.04227 0.101206
1.04542 0.10143
1.04857 0.101626
1.05172 0.102173
1.05488 0.102651
1.05803 0.103195
1.06118 0.104046
1.06433 0.10479
1.06748 0.105441
1.07064 0.106386
1.07379 0.107088
1.07694 0.107702
1.08009 0.108739
1.08324 0.109647
1.11395 0.107566
1.1171 0.106245
1.12025 0.105089
1.12341 0.104078
1.12656 0.103569
1.12971 0.103122
1.13286 0.102732
1.13601 0.102891
1.13917 0.103029
1.14232 0.103026
1.14547 0.103397
1.14862 0.103723
1.15177 0.104007
1.15493 0.104631
1.15808 0.105303
1.16123 0.10589
1.16438 0.106779
1.16753 0.107556
1.17069 0.108112
1.17384 0.108973
1.17699 0.109726
1.18014 0.11051
1.18329 0.111572
1.18645 0.1125
1.1896 0.113313
1.19275 0.114399
1.1959 0.115349
1.19905 0.116305
1.20221 0.117517
1.20536 0.118452
1.20851 0.119271
1.21166 0.120362
1.21481 0.117942
1.21797 0.115699
1.22112 0.114237
1.22427 0.112957
1.22742 0.111837
1.23057 0.111233
1.23373 0.110704
1.23688 0.110241
1.24003 0.110336
1.24318 0.110419
1.24633 0.110366
1.24949 0.110696
1.25264 0.110984
1.25579 0.111236
1.25894 0.111831
1.26209 0.112477
1.26525 0.113043
1.2684 0.113912
1.27155 0.114673
1.2747 0.115339
1.27785 0.116297
1.28101 0.117135
1.28416 0.117868
1.28731 0.118884
1.29046 0.119774
1.29361 0.120552
1.29677 0.121608
1.29992 0.122532
1.30307 0.123466
1.30622 0.124657
1.30937 0.1257
1.31253 0.126488
1.31568 0.127552
1.31883 0.128483
1.32198 0.129297
1.32513 0.13051
1.32829 0.131571
1.33144 0.1325
1.33459 0.133688
1.33774 0.134727
1.34089 0.135511
1.34405 0.136697
1.3472 0.137735
1.35035 0.138643
1.3535 0.139813
1.35665 0.140836
1.35981 0.141732
1.36296 0.14289
1.36611 0.144029
1.36926 0.145025
1.37241 0.146272
1.37557 0.147238
1.37872 0.148083
1.38187 0.149198
1.38502 0.150298
1.38817 0.151261
1.39133 0.152478
1.39448 0.153543
1.39763 0.154476
1.40078 0.155666
1.40393 0.156583
1.40709 0.15751
1.41024 0.158696
1.41339 0.159734
1.41654 0.160642
1.41969 0.161812
1.42285 0.162836
1.426 0.163731
1.42915 0.165015
1.4323 0.166138
1.43545 0.166996
1.43861 0.168121
1.44176 0.169106
1.44491 0.169968
1.44806 0.171222
1.45121 0.172319
1.45437 0.173279
1.45752 0.174494
1.46067 0.175558
1.46382 0.176363
1.46697 0.177442
1.47013 0.178512
1.47328 0.179448
1.47643 0.180642
1.47958 0.181687
1.48273 0.182601
1.48589 0.183776
1.48904 0.184929
1.49219 0.185938
1.49534 0.187196
1.49849 0.188171
1.50165 0.189025
1.5048 0.190147
1.50795 0.191128
1.5111 0.192112
1.51425 0.193348
1.51741 0.19443
1.52056 0.195376
1.52371 0.196579
1.52686 0.197632
1.53001 0.198553
1.53317 0.199734
1.53632 0.200767
1.53947 0.201671
1.54262 0.202837
1.54577 0.203858
1.54893 0.20475
1.55208 0.206032
1.55523 0.207153
1.55838 0.208009
1.56153 0.209132
1.56469 0.210116
1.56784 0.210976
1.57099 0.212104
1.57414 0.213216
1.57729 0.214189
1.58045 0.215416
1.5836 0.216489
1.58675 0.217428
1.5899 0.218624
1.59305 0.219671
1.59621 0.220587
1.59936 0.221764
1.60251 0.222793
1.60566 0.223694
1.60881 0.224857
1.61197 0.225875
1.61512 0.226891
1.61827 0.228154
1.62142 0.229135
1.62457 0.229993
1.62773 0.231119
1.63088 0.232104
1.63403 0.233091
1.63718 0.23433
1.64033 0.235414
1.64349 0.236362
1.64664 0.237567
1.64979 0.238621
1.65294 0.239418
1.65609 0.240616
1.65925 0.241664
1.6624 0.242581
1.66555 0.243758
1.6687 0.244789
1.67185 0.24569
1.67501 0.246979
1.67816 0.248106
1.68131 0.249093
1.68446 0.250331
1.68761 0.25129
1.69077 0.252129
1.69392 0.253238
1.69707 0.254333
1.70022 0.255291
1.70337 0.256505
1.70653 0.257567
1.70968 0.258496
1.71283 0.259684
1.71598 0.260598
1.71913 0.261524
1.72229 0.262708
1.72544 0.263745
1.72859 0.264652
1.73174 0.26582
1.73489 0.266843
1.73805 0.267862
1.7412 0.26913
1.74435 0.270238
1.7475 0.271084
1.75065 0.272198
1.75381 0.273173
1.75696 0.274027
1.76011 0.275273
1.76326 0.276364
1.76641 0.277319
1.76957 0.278529
1.77272 0.279588
1.77587 0.280389
1.77902 0.281591
1.78217 0.282642
1.78533 0.283562
1.78848 0.284741
1.79163 0.285774
1.79478 0.286677
1.79793 0.287842
1.80109 0.288987
1.80424 0.289989
1.80739 0.29124
1.81054 0.29221
1.81369 0.293059
1.81685 0.294176
1.82 0.295154
1.82315 0.296135
1.8263 0.297368
1.82945 0.298447
1.83261 0.299391
1.83576 0.300592
1.83891 0.301518
1.84206 0.302454
1.84521 0.303647
1.84837 0.304691
1.85152 0.305605
1.85467 0.306779
1.85782 0.307807
1.86097 0.308706
1.86413 0.309993
1.86728 0.311119
1.87043 0.311979
1.87358 0.313106
1.87673 0.314093
1.87989 0.314956
1.88304 0.316212
1.88619 0.31731
1.88934 0.318272
1.89249 0.319488
1.89565 0.320552
1.8988 0.321483
1.90195 0.322672
1.9051 0.323713
1.90825 0.324624
1.91141 0.325796
1.91456 0.326822
1.91771 0.327719
1.92086 0.328879
1.92401 0.330019
1.92717 0.331017
2.99569 0.30339
2.99885 0.279216
3.002 0.258064
3.00515 0.239681
3.0083 0.223471
3.01145 0.209287
3.01461 0.196876
3.01776 0.186017
3.02091 0.176515
3.02406 0.168325
3.02721 0.161035
3.03037 0.154655
3.03352 0.149073
3.03667 0.143939
3.03982 0.139447
3.04297 0.135766
3.04613 0.132795
3.04928 0.130446
3.05243 0.128515
3.05558 0.126951
3.05873 0.125832
3.06189 0.124978
3.06504 0.124606
3.06819 0.124405
3.07134 0.124479
3.07449 0.124669
3.07765 0.124961
3.0808 0.125466
3.08395 0.126032
3.0871 0.126903
3.09025 0.12779
3.09341 0.128817
3.09656 0.12984
3.09971 0.13086
3.10286 0.132002
3.10601 0.133252
3.10917 0.134595
3.11232 0.135896
3.11547 0.137159
3.11862 0.138514
3.12177 0.139825
3.12493 0.141222
3.12808 0.142694
3.13123 0.144232
3.13438 0.145703
3.13753 0.147115
3.14069 0.148601
3.14384 0.150026
3.14699 0.151523
3.15014 0.153082
3.15329 0.154697
3.15645 0.156235
3.1596 0.157705
3.16275 0.158867
3.1659 0.159884
3.16905 0.160898
3.17221 0.161661
3.17536 0.162328
3.17851 0.162912
3.18166 0.163423
3.18481 0.16387
3.18797 0.164262
3.19112 0.164604
3.19427 0.164903
3.19742 0.165166
3.20057 0.165395
3.20373 0.165595
3.20688 0.165771
3.21003 0.16555
3.21318 0.164981
3.21633 0.164108
3.21949 0.162845
3.22264 0.161364
3.22579 0.159694
3.22894 0.157857
3.23209 0.155875
3.23525 0.153765
3.2384 0.151545
3.24155 0.149102
3.2447 0.146589
3.24785 0.144015
3.25101 0.141388
3.25416 0.138715
3.25731 0.136001
3.26046 0.13325
3.26361 0.130344
3.26677 0.127426
3.26992 0.124873
3.27307 0.122764
3.27622 0.120793
3.27937 0.119069
3.28252 0.11756
3.28568 0.11624
3.28883 0.115085
3.29198 0.114075
3.29513 0.113315
3.29828 0.112526
3.30144 0.111835
3.30459 0.111231
3.30774 0.110702
3.31089 0.110239
3.31404 0.109959
3.3172 0.109589
3.32035 0.109266
3.3235 0.108982
3.32665 0.108735
3.3298 0.108518
3.33296 0.108328
3.33611 0.108287
3.33926 0.108126
3.34241 0.107985
3.34556 0.107862
3.34872 0.107754
3.35187 0.10766
3.35502 0.107703
3.35817 0.107615
3.36132 0.107538
3.36448 0.107471
3.36763 0.107412
3.37078 0.107735
3.37393 0.108018
3.37708 0.108391
3.38024 0.108717
3.38339 0.108878
3.38654 0.109018
3.38969 0.109141
3.39284 0.109248
3.396 0.109342
3.39915 0.109549
3.4023 0.109731
3.40545 0.109764
3.4086 0.109794
3.41176 0.10982
3.41491 0.109842
3.41806 0.109987
3.42121 0.110113
3.42436 0.110099
3.42752 0.110087
3.43067 0.110076
3.43382 0.110067
3.43697 0.110058
3.44012 0.110176
3.44328 0.110279
3.44643 0.110244
3.44958 0.110214
3.45273 0.110187
3.45588 0.110164
3.45904 0.110268
3.46219 0.11036
3.46534 0.110315
3.46849 0.110275
3.47164 0.110241
3.4748 0.110211
3.47795 0.110184
3.4811 0.110286
3.48425 0.110376
3.4874 0.110329
3.49056 0.110288
3.49371 0.110252
3.49686 0.11022
3.50001 0.110318
3.50316 0.110403
3.50632 0.110478
3.50947 0.110418
3.51262 0.110366
3.51577 0.11032
3.51892 0.11028
3.52208 0.11037
3.52523 0.110449
3.52838 0.110393
3.53153 0.110344
3.53468 0.110301
3.53784 0.110263
3.54099 0.11023
3.54414 0.110326
3.54729 0.110411
3.55044 0.110359
3.5536 0.110314
3.55675 0.110275
3.5599 0.110241
3.56305 0.110336
3.5662 0.110419
3.56936 0.110366
3.57251 0.110321
3.57566 0.11028
3.57881 0.110245
3.58196 0.110215
3.58512 0.110313
3.58827 0.110399
3.59142 0.110349
3.59457 0.110305
3.59772 0.110267
3.60088 0.110234
3.60403 0.11033
3.60718 0.110413
3.61033 0.110362
3.61348 0.110316
3.61664 0.110277
3.61979 0.110242
3.62294 0.110212
3.62609 0.110311
3.62924 0.110397
3.6324 0.110347
3.63555 0.110304
3.6387 0.110266
3.64185 0.110233
3.645 0.110328
3.64816 0.110412
3.65131 0.110486
3.65446 0.110425
3.65761 0.110372
3.66076 0.110325
3.66392 0.110285
3.66707 0.110374
3.67022 0.110452
3.67337 0.110396
3.67652 0.110346
3.67968 0.110303
3.68283 0.110265
3.68598 0.110232
3.68913 0.110328
3.69228 0.110412
3.69544 0.110361
3.69859 0.110315
3.70174 0.110276
3.70489 0.110242
3.70804 0.110336
3.7112 0.110419
3.71435 0.110367
3.7175 0.110321
3.72065 0.110281
3.7238 0.110246
3.72696 0.110215
3.73011 0.110313
3.73326 0.110399
3.73641 0.110349
3.73956 0.110306
3.74272 0.110267
3.74587 0.110234
3.74902 0.11033
3.75217 0.110413
3.75532 0.110362
3.75848 0.110317
3.76163 0.110277
3.76478 0.110242
3.76793 0.110212
3.77108 0.110311
3.77424 0.110397
3.77739 0.110347
3.78054 0.110304
3.78369 0.110266
3.78684 0.110233
3.79 0.110203
3.79315 0.110303
3.7963 0.11039
3.79945 0.110341
3.8026 0.110299
3.80576 0.110261
3.80891 0.110229
3.81206 0.110325
3.81521 0.110409
3.81836 0.110358
3.82152 0.110314
3.82467 0.110274
3.82782 0.11024
3.83097 0.11021
3.83412 0.110309
3.83728 0.110395
3.84043 0.110346
3.84358 0.110303
3.84673 0.110265
3.84988 0.110232
3.85304 0.110328
3.85619 0.110412
3.85934 0.11036
3.86249 0.110315
3.86564 0.110276
3.8688 0.110241
3.87195 0.110211
3.8751 0.11031
3.87825 0.110396
3.8814 0.110347
3.88456 0.110303
3.88771 0.110265
3.89086 0.110232
3.89401 0.110328
3.89716 0.110412
3.90032 0.110486
3.90347 0.110425
3.90662 0.110372
3.90977 0.1107
3.91292 0.110988
3.91608 0.111364
3.91923 0.111694
3.92238 0.111982
3.92553 0.112109
3.92868 0.112221
3.93184 0.112318
3.93499 0.112403
3.93814 0.112603
3.94129 0.112778
3.94444 0.11293
3.9476 0.112939
3.95075 0.112947
3.9539 0.112953
3.95705 0.113084
3.9602 0.113199
3.96336 0.113299
3.96651 0.113261
3.96966 0.113229
3.97281 0.1132
3.97596 0.113175
3.97912 0.113278
3.98227 0.113368
3.98542 0.113447
3.98857 0.113391
3.99172 0.113343
3.99488 0.1133
3.99803 0.113387
4.00118 0.113464
4.00433 0.113531
4.00748 0.113465
4.01064 0.113406
4.01379 0.113356
4.01694 0.113311
4.02009 0.113397
4.02324 0.113473
4.0264 0.113539
4.02955 0.113471
4.0327 0.113412
4.03585 0.113361
4.039 0.113441
4.04216 0.113511
4.04531 0.113572
4.04846 0.113625
4.05161 0.113547
4.05476 0.113479
4.05792 0.113419
4.06107 0.113492
4.06422 0.113555
4.06737 0.113611
4.07052 0.113534
4.07368 0.113468
4.07683 0.113409
4.07998 0.113358
4.08313 0.113438
4.08628 0.113508
4.08944 0.11357
4.09259 0.113499
4.09574 0.113436
4.09889 0.113382
4.10204 0.113459
4.1052 0.113527
4.10835 0.113586
4.1115 0.113513
4.11465 0.113449
4.1178 0.113392
4.12096 0.113343
4.12411 0.113425
4.12726 0.113497
4.13041 0.11356
4.13356 0.11349
4.13672 0.113429
4.13987 0.113375
4.14302 0.113453
4.14617 0.113522
4.14932 0.113581
4.15248 0.113509
4.15563 0.113445
4.15878 0.11339
4.16193 0.113341
4.16508 0.113423
4.16824 0.113495
4.17139 0.113558
4.17454 0.113489
4.17769 0.113428
4.18084 0.113374
4.184 0.113327
4.18715 0.113411
4.1903 0.113485
4.19345 0.113549
4.1966 0.113481
4.19976 0.113421
4.20291 0.113368
4.20606 0.113447
4.20921 0.113516
4.21236 0.113577
4.21552 0.113505
4.21867 0.113441
4.22182 0.113386
4.22497 0.113338
4.22812 0.113421
4.23128 0.113493
4.23443 0.113557
4.23758 0.113487
4.24073 0.113426
4.24388 0.113373
4.24704 0.113451
4.25019 0.11352
4.25334 0.11358
4.25649 0.113507
4.25964 0.113444
4.2628 0.113388
4.26595 0.11334
4.2691 0.113422
4.27225 0.113495
4.2754 0.113558
4.27856 0.113488
4.28171 0.113427
4.28486 0.113374
4.28801 0.113452
4.29116 0.11352
4.29432 0.11358
4.29747 0.113633
4.30062 0.113554
4.30377 0.113485
4.30692 0.113424
4.31008 0.113496
4.31323 0.113559
4.31638 0.113614
4.31953 0.113537
4.32268 0.11347
4.32584 0.113411
4.32899 0.11336
4.33214 0.11344
4.33529 0.11351
4.33844 0.113571
4.3416 0.1135
4.34475 0.113437
4.3479 0.113383
4.35105 0.11346
4.3542 0.113527
4.35736 0.113586
4.36051 0.113513
4.36366 0.113449
4.36681 0.113393
4.36996 0.113344
4.37312 0.113426
4.37627 0.113498
4.37942 0.11356
4.38257 0.11349
4.38572 0.113429
4.38888 0.113375
4.39203 0.113453
4.39518 0.113522
4.39833 0.113582
4.40148 0.113509
4.40464 0.113445
4.40779 0.11339
4.41094 0.113341
4.41409 0.113423
4.41724 0.113495
4.4204 0.113558
4.42355 0.113489
4.4267 0.113428
4.42985 0.113374
4.433 0.113452
4.43616 0.113521
4.43931 0.113581
4.44246 0.113633
4.44561 0.113554
4.44876 0.11386
4.45192 0.114127
4.45507 0.114486
4.45822 0.114801
4.46137 0.115075
4.46452 0.115316
4.46768 0.115402
4.47083 0.115476
4.47398 0.115542
4.47713 0.115724
4.48028 0.115884
4.48344 0.116023
4.48659 0.116145
4.48974 0.116127
4.49289 0.116111
4.49604 0.116222
4.4992 0.11632
4.50235 0.116405
4.5055 0.116479
4.50865 0.116419
4.5118 0.116367
4.51496 0.116321
4.51811 0.116406
4.52126 0.11648
4.52441 0.116545
4.52756 0.116602
4.53072 0.116527
4.53387 0.116461
4.53702 0.116528
4.54017 0.116587
4.54332 0.116639
4.54648 0.116684
4.54963 0.116598
4.55278 0.116524
4.55593 0.116458
4.55908 0.116526
4.56224 0.116585
4.56539 0.116637
4.56854 0.116682
4.57169 0.116597
4.57484 0.116522
4.578 0.116457
4.58115 0.116525
4.5843 0.116584
4.58745 0.116636
4.5906 0.116682
4.59376 0.116597
4.59691 0.116522
4.60006 0.116582
4.60321 0.116634
4.60636 0.11668
4.60952 0.11672
4.61267 0.11663
4.61582 0.116551
4.61897 0.116482
4.62212 0.116547
4.62528 0.116604
4.62843 0.116653
4.63158 0.116696
4.63473 0.116609
4.63788 0.116533
4.64104 0.116592
4.64419 0.116643
4.64734 0.116687
4.65049 0.116726
4.65364 0.116636
4.6568 0.116556
4.65995 0.116487
4.6631 0.116551
4.66625 0.116607
4.6694 0.116656
4.67256 0.116699
4.67571 0.116612
4.67886 0.116535
4.68201 0.116593
4.68516 0.116644
4.68832 0.116689
4.69147 0.116728
4.69462 0.116762
4.69777 0.116666
4.70092 0.116583
4.70408 0.116635
4.70723 0.116681
4.71038 0.116721
4.71353 0.116756
4.71668 0.116661
4.71984 0.116579
4.72299 0.116506
4.72614 0.116568
4.72929 0.116622
4.73244 0.116669
4.7356 0.116711
4.73875 0.116622
4.7419 0.116544
4.74505 0.116601
4.7482 0.116651
4.75136 0.116695
4.75451 0.116733
4.75766 0.116641
4.76081 0.116561
4.76396 0.116491
4.76712 0.116554
4.77027 0.11661
4.77342 0.116659
4.77657 0.116702
4.77972 0.116614
4.78288 0.116537
4.78603 0.116595
4.78918 0.116646
4.79233 0.11669
4.79548 0.116729
4.79864 0.116638
4.80179 0.116558
4.80494 0.116488
4.80809 0.116552
4.81124 0.116608
4.8144 0.116657
4.81755 0.1167
4.8207 0.116612
4.82385 0.116536
4.827 0.116594
4.83016 0.116645
4.83331 0.116689
4.83646 0.116728
4.83961 0.116762
4.84276 0.116667
4.84592 0.116583
4.84907 0.116635
4.85222 0.116681
4.85537 0.116721
4.85852 0.116756
4.86168 0.116661
4.86483 0.116579
4.86798 0.116506
4.87113 0.116568
4.87428 0.116622
4.87744 0.116669
4.88059 0.116711
4.88374 0.116622
4.88689 0.116544
4.89004 0.116601
4.8932 0.116651
4.89635 0.116695
4.8995 0.116733
4.90265 0.116641
4.9058 0.116561
4.90896 0.116491
4.91211 0.116555
4.91526 0.11661
4.91841 0.116659
4.92156 0.116702
4.92472 0.116614
4.92787 0.116537
4.93102 0.116595
4.93417 0.116646
4.93732 0.11669
4.94048 0.116729
4.94363 0.116638
4.94678 0.116558
4.94993 0.116488
4.95308 0.116552
4.95624 0.116608
4.95939 0.116657
4.96254 0.1167
4.96569 0.116612
4.96884 0.116536
4.972 0.116469
4.97515 0.116535
4.9783 0.116593
4.98145 0.116644
4.9846 0.116689
4.98776 0.117103
4.99091 0.11734
4.99406 0.117672
4.99721 0.117963
5.00036 0.118218
5.00352 0.118441
5.00667 0.118636
5.00982 0.118681
5.01297 0.118721
5.01612 0.118881
5.01928 0.119021
5.02243 0.119143
5.02558 0.11925
5.02873 0.119344
5.03188 0.119301
5.03504 0.119388
5.03819 0.119465
5.04134 0.119532
5.04449 0.11959
5.04764 0.119641
5.0508 0.119561
5.05395 0.119491
5.0571 0.119555
5.06025 0.11961
5.0634 0.119659
5.06656 0.119702
5.06971 0.119739
5.07286 0.119647
5.07601 0.119691
5.07916 0.119729
5.08232 0.119763
5.08547 0.119793
5.08862 0.119819
5.09177 0.119841
5.09492 0.119736
5.09808 0.119769
5.10123 0.119798
5.10438 0.119823
5.10753 0.119845
5.11068 0.119865
5.11384 0.119757
5.11699 0.119662
5.12014 0.119704
5.12329 0.119741
5.12644 0.119774
5.1296 0.119802
5.13275 0.119827
5.1359 0.119723
5.13905 0.119758
5.1422 0.119788
5.14536 0.119815
5.14851 0.119838
5.15166 0.119858
5.15481 0.119751
5.15796 0.119657
5.16112 0.1197
5.16427 0.119737
5.16742 0.11977
5.17057 0.119799
5.17372 0.119824
5.17688 0.119721
5.18003 0.119756
5.18318 0.119786
5.18633 0.119813
5.18948 0.119836
5.19264 0.119857
5.19579 0.11975
5.19894 0.119656
5.20209 0.119699
5.20524 0.119737
5.2084 0.11977
5.21155 0.119798
5.2147 0.119824
5.21785 0.119721
5.221 0.119756
5.22416 0.119786
5.22731 0.119813
5.23046 0.119836
5.23361 0.119857
5.23676 0.119875
5.23992 0.119765
5.24307 0.119795
5.24622 0.11982
5.24937 0.119843
5.25252 0.119862
5.25568 0.11988
5.25883 0.11977
5.26198 0.119673
5.26513 0.119714
5.26828 0.11975
5.27144 0.119781
5.27459 0.119809
5.27774 0.119833
5.28089 0.119728
5.28404 0.119762
5.2872 0.119792
5.29035 0.119818
5.2935 0.119841
5.29665 0.119861
5.2998 0.119753
5.30296 0.119659
5.30611 0.119702
5.30926 0.119739
5.31241 0.119772
5.31556 0.1198
5.31872 0.119825
5.32187 0.119722
5.32502 0.119757
5.32817 0.119787
5.33132 0.119814
5.33448 0.119837
5.33763 0.119857
5.34078 0.11975
5.34393 0.119656
5.34708 0.119699
5.35024 0.119737
5.35339 0.11977
5.35654 0.119799
5.35969 0.119824
5.36284 0.119721
5.366 0.119631
5.36915 0.119677
5.3723 0.119717
5.37545 0.119753
5.3786 0.119784
5.38176 0.119811
5.38491 0.119709
5.38806 0.119746
5.39121 0.119777
5.39436 0.119805
5.39752 0.11983
5.40067 0.119851
5.40382 0.119745
5.40697 0.119651
5.41012 0.119695
5.41328 0.119733
5.41643 0.119766
5.41958 0.119796
5.42273 0.119821
5.42588 0.119719
5.42904 0.119754
5.43219 0.119785
5.43534 0.119811
5.43849 0.119835
5.44164 0.119856
5.4448 0.119749
5.44795 0.119655
5.4511 0.119698
5.45425 0.119736
5.4574 0.119769
5.46056 0.119798
5.46371 0.119823
5.46686 0.11972
5.47001 0.119755
5.47316 0.119786
5.47632 0.119813
5.47947 0.119836
5.48262 0.119856
5.48577 0.119874
5.48892 0.119765
5.49208 0.119794
5.49523 0.11982
5.49838 0.119843
5.50153 0.119862
5.50468 0.11988
5.50784 0.11977
5.51099 0.119673
5.51414 0.119714
5.51729 0.11975
5.52044 0.119781
5.5236 0.119809
5.52675 0.120207
5.5299 0.120557
5.53305 0.120862
5.5362 0.121129
5.53936 0.121363
5.54251 0.121568
5.54566 0.121747
5.54881 0.121903
5.55196 0.121915
5.55512 0.122051
5.55827 0.12217
5.56142 0.122273
5.56457 0.122364
5.56772 0.122444
5.57088 0.122513
5.57403 0.122574
5.57718 0.122627
5.58033 0.122674
5.58348 0.122715
5.58664 0.12275
5.58979 0.122782
5.59294 0.122684
5.59609 0.122723
5.59924 0.122758
5.6024 0.122788
5.60555 0.122815
5.6087 0.122838
5.61185 0.122858
5.615 0.122876
5.61816 0.122891
5.62131 0.122905
5.62446 0.122917
5.62761 0.122927
5.63076 0.122936
5.63392 0.122944
5.63707 0.122951
5.64022 0.122957
5.64337 0.122963
5.64652 0.122967
5.64968 0.122971
5.65283 0.122975
5.65598 0.122853
5.65913 0.122871
5.66228 0.122888
5.66544 0.122902
5.66859 0.122914
5.67174 0.122925
5.67489 0.122934
5.67804 0.122942
5.6812 0.12295
5.68435 0.122956
5.6875 0.122961
5.69065 0.122966
5.6938 0.12297
5.69696 0.122849
5.70011 0.122868
5.70326 0.122884
5.70641 0.122899
5.70956 0.122912
5.71272 0.122923
5.71587 0.122932
5.71902 0.122941
5.72217 0.122948
5.72532 0.122955
5.72848 0.12296
5.73163 0.122965
5.73478 0.12297
5.73793 0.122848
5.74108 0.122867
5.74424 0.122884
5.74739 0.122898
5.75054 0.122911
5.75369 0.122922
5.75684 0.122932
5.76 0.122815
5.76315 0.122839
5.7663 0.122859
5.76945 0.122876
5.7726 0.122892
5.77576 0.122905
5.77891 0.122917
5.78206 0.122928
5.78521 0.122937
5.78836 0.122945
5.79152 0.122951
5.79467 0.122958
5.79782 0.122963
5.80097 0.122842
5.80412 0.122862
5.80728 0.122879
5.81043 0.122894
5.81358 0.122908
5.81673 0.122919
5.81988 0.122929
5.82304 0.122938
5.82619 0.122946
5.82934 0.122953
5.83249 0.122959
5.83564 0.122964
5.8388 0.122968
5.84195 0.122847
5.8451 0.122866
5.84825 0.122883
5.8514 0.122898
5.85456 0.12291
5.85771 0.122922
5.86086 0.122931
5.86401 0.12294
5.86716 0.122948
5.87032 0.122954
5.87347 0.12296
5.87662 0.122965
5.87977 0.122969
5.88292 0.122973
5.88608 0.122976
5.88923 0.122979
5.89238 0.122982
5.89553 0.122984
5.89868 0.122986
5.90184 0.122988
5.90499 0.122864
5.90814 0.122881
5.91129 0.122896
5.91444 0.122909
5.9176 0.122921
5.92075 0.12293
5.9239 0.122939
5.92705 0.122947
5.9302 0.122953
5.93336 0.122959
5.93651 0.122964
5.93966 0.122969
5.94281 0.122973
5.94596 0.122851
5.94912 0.12287
5.95227 0.122886
5.95542 0.1229
5.95857 0.122913
5.96172 0.122924
5.96488 0.122933
5.96803 0.122942
5.97118 0.122949
5.97433 0.122955
5.97748 0.122961
5.98064 0.122966
5.98379 0.12297
5.98694 0.122849
5.99009 0.122868
5.99324 0.122884
5.9964 0.122899
5.99955 0.122911
6.0027 0.122922
6.00585 0.122932
6.009 0.122941
6.01216 0.122948
6.01531 0.122955
6.01846 0.12296
6.02161 0.122965
6.02476 0.12297
6.02792 0.122973
6.03107 0.122977
6.03422 0.12298
6.03737 0.122982
6.04052 0.122984
6.04368 0.122986
6.04683 0.122988
6.04998 0.122865
6.05313 0.122881
6.05628 0.122896
6.05944 0.122909
6.06259 0.122921
6.06574 0.123306
6.06889 0.123642
6.07204 0.124062
6.0752 0.124304
6.07835 0.124516
6.0815 0.124702
6.08465 0.124864
6.0878 0.125006
6.09096 0.12513
6.09411 0.125239
6.09726 0.125334
6.10041 0.125417
6.10356 0.12549
6.10672 0.125554
6.10987 0.12561
6.11302 0.125783
6.11617 0.125811
6.11932 0.125834
6.12248 0.125855
6.12563 0.125873
6.12878 0.125889
6.13193 0.125903
6.13508 0.125915
6.13824 0.125926
6.14139 0.125935
6.14454 0.125943
6.14769 0.12595
6.15084 0.125956
6.154 0.125962
6.15715 0.125967
6.1603 0.125971
6.16345 0.125974
6.1666 0.125978
6.16976 0.12598
6.17291 0.125983
6.17606 0.12611
6.17921 0.126096
6.18236 0.126084
6.18552 0.126074
6.18867 0.126064
6.19182 0.126056
6.19497 0.126049
6.19812 0.126043
6.20128 0.126038
6.20443 0.126033
6.20758 0.126029
6.21073 0.126025
6.21388 0.126022
6.21704 0.126144
6.22019 0.126126
6.22334 0.126111
6.22649 0.126097
6.22964 0.126085
6.2328 0.126074
6.23595 0.126065
6.2391 0.126057
6.24225 0.12605
6.2454 0.126043
6.24856 0.126038
6.25171 0.126033
6.25486 0.126029
6.25801 0.12615
6.26116 0.126132
6.26432 0.126115
6.26747 0.126101
6.27062 0.126088
6.27377 0.126077
6.27692 0.126068
6.28008 0.126184
6.28323 0.126161
6.28638 0.126141
6.28953 0.126123
6.29268 0.126108
6.29584 0.126094
6.29899 0.126083
6.30214 0.126072
6.30529 0.126063
6.30844 0.126055
6.3116 0.126048
6.31475 0.126042
6.3179 0.126037
6.32105 0.126157
6.3242 0.126138
6.32736 0.126121
6.33051 0.126105
6.33366 0.126092
6.33681 0.126081
6.33996 0.126071
6.34312 0.126062
6.34627 0.126054
6.34942 0.126047
6.35257 0.126041
6.35572 0.126036
6.35888 0.126032
6.36203 0.126153
6.36518 0.126134
6.36833 0.126117
6.37148 0.126102
6.37464 0.12609
6.37779 0.126078
6.38094 0.126069
6.38409 0.12606
6.38724 0.126052
6.3904 0.126046
6.39355 0.12604
6.3967 0.126035
6.39985 0.126031
6.403 0.126152
6.40616 0.126133
6.40931 0.126116
6.41246 0.126102
6.41561 0.126089
6.41876 0.126078
6.42192 0.126068
6.42507 0.126185
6.42822 0.126162
6.43137 0.126141
6.43452 0.126124
6.43767 0.126108
6.44083 0.126095
6.44398 0.126083
6.44713 0.126073
6.45028 0.126063
6.45343 0.126056
6.45659 0.126049
6.45974 0.126043
6.46289 0.126037
6.46604 0.126158
6.46919 0.126138
6.47235 0.126121
6.4755 0.126106
6.47865 0.126092
6.4818 0.126081
6.48495 0.126071
6.48811 0.126062
6.49126 0.126054
6.49441 0.126047
6.49756 0.126041
6.50071 0.126036
6.50387 0.126032
6.50702 0.126153
6.51017 0.126134
6.51332 0.126117
6.51647 0.126102
6.51963 0.12609
6.52278 0.126078
6.52593 0.126069
6.52908 0.12606
6.53223 0.126052
6.53539 0.126046
6.53854 0.12604
6.54169 0.126035
6.54484 0.126031
6.54799 0.126027
6.55115 0.126024
6.5543 0.126021
6.55745 0.126018
6.5606 0.126016
6.56375 0.126014
6.56691 0.126012
6.57006 0.126136
6.57321 0.126119
6.57636 0.126104
6.57951 0.126091
6.58267 0.126079
6.58582 0.12607
6.58897 0.126061
6.59212 0.126053
6.59527 0.126047
6.59843 0.126041
6.60158 0.126036
6.60473 0.126406
6.60788 0.12673
6.61103 0.127139
6.61419 0.127497
6.61734 0.127685
6.62049 0.127849
6.62364 0.127993
6.62679 0.128119
6.62995 0.128229
6.6331 0.12845
6.63625 0.128519
6.6394 0.128579
6.64255 0.128632
6.64571 0.128678
6.64886 0.128718
6.65201 0.128878
6.65516 0.129019
6.65831 0.129016
6.66147 0.129014
6.66462 0.129012
6.66777 0.129011
6.67092 0.129009
6.67407 0.129133
6.67723 0.129242
6.68038 0.129211
6.68353 0.129185
6.68668 0.129162
6.68983 0.129142
6.69299 0.129124
6.69614 0.129233
6.69929 0.129204
6.70244 0.129179
6.70559 0.129156
6.70875 0.129137
6.7119 0.12912
6.71505 0.12923
6.7182 0.129326
6.72135 0.129285
6.72451 0.12925
6.72766 0.129218
6.73081 0.129191
6.73396 0.129167
6.73711 0.129271
6.74027 0.129237
6.74342 0.129208
6.74657 0.129182
6.74972 0.129159
6.75287 0.129139
6.75603 0.129247
6.75918 0.129341
6.76233 0.129298
6.76548 0.129261
6.76863 0.129228
6.77179 0.1292
6.77494 0.129175
6.77809 0.129278
6.78124 0.129243
6.78439 0.129213
6.78755 0.129186
6.7907 0.129163
6.79385 0.129143
6.797 0.12925
6.80015 0.129344
6.80331 0.129301
6.80646 0.129263
6.80961 0.12923
6.81276 0.129201
6.81591 0.129176
6.81907 0.129279
6.82222 0.129369
6.82537 0.129323
6.82852 0.129283
6.83167 0.129247
6.83483 0.129216
6.83798 0.129189
6.84113 0.129291
6.84428 0.129254
6.84743 0.129223
6.85059 0.129195
6.85374 0.12917
6.85689 0.129149
6.86004 0.129255
6.86319 0.129349
6.86635 0.129305
6.8695 0.129267
6.87265 0.129233
6.8758 0.129204
6.87895 0.129179
6.88211 0.129281
6.88526 0.129246
6.88841 0.129215
6.89156 0.129189
6.89471 0.129165
6.89787 0.129144
6.90102 0.129251
6.90417 0.129345
6.90732 0.129302
6.91047 0.129264
6.91363 0.129231
6.91678 0.129202
6.91993 0.129177
6.92308 0.12928
6.92623 0.129245
6.92939 0.129214
6.93254 0.129187
6.93569 0.129164
6.93884 0.129144
6.94199 0.129126
6.94515 0.129235
6.9483 0.129206
6.95145 0.12918
6.9546 0.129157
6.95775 0.129138
6.96091 0.12912
6.96406 0.12923
6.96721 0.129327
6.97036 0.129286
6.97351 0.12925
6.97667 0.129219
6.97982 0.129191
6.98297 0.129168
6.98612 0.129272
6.98927 0.129238
6.99243 0.129208
6.99558 0.129182
6.99873 0.129159
7.00188 0.129139
7.00503 0.129247
7.00819 0.129341
7.01134 0.129298
7.01449 0.129261
7.01764 0.129228
7.02079 0.1292
7.02395 0.129175
7.0271 0.129278
7.03025 0.129243
7.0334 0.129213
7.03655 0.129186
7.03971 0.129163
7.04286 0.129143
7.04601 0.12925
7.04916 0.129344
7.05231 0.129301
7.05547 0.129263
7.05862 0.12923
7.06177 0.129201
7.06492 0.129176
7.06807 0.129279
7.07123 0.129369
7.07438 0.129323
7.07753 0.129283
7.08068 0.129247
7.08383 0.129216
7.08699 0.129189
7.09014 0.129291
7.09329 0.129254
7.09644 0.129223
7.09959 0.129195
7.10275 0.12917
7.1059 0.129149
7.10905 0.129255
7.1122 0.129349
7.11535 0.129305
7.11851 0.129267
7.12166 0.129233
7.12481 0.129204
7.12796 0.129179
7.13111 0.129281
7.13427 0.129246
7.13742 0.129215
7.14057 0.129189
7.14372 0.12954
7.14687 0.129847
7.15003 0.130242
7.15318 0.130586
7.15633 0.130888
7.15948 0.131027
7.16263 0.131149
7.16579 0.131255
7.16894 0.131348
7.17209 0.131555
7.17524 0.131735
7.17839 0.131768
7.18155 0.131797
7.1847 0.131823
7.18785 0.131845
7.191 0.131989
7.19415 0.132116
7.19731 0.132226
7.20046 0.132198
7.20361 0.132173
7.20676 0.132151
7.20991 0.132133
7.21307 0.132241
7.21622 0.132336
7.21937 0.132419
7.22252 0.132367
7.22567 0.132321
7.22883 0.132281
7.23198 0.132246
7.23513 0.13234
7.23828 0.132422
7.24143 0.13237
7.24459 0.132323
7.24774 0.132283
7.25089 0.132248
7.25404 0.132342
7.25719 0.132424
7.26035 0.132496
7.2635 0.132434
7.26665 0.13238
7.2698 0.132332
7.27295 0.132291
7.27611 0.132379
7.27926 0.132457
7.28241 0.1324
7.28556 0.13235
7.28871 0.132306
7.29187 0.132268
7.29502 0.132359
7.29817 0.132439
7.30132 0.13251
7.30447 0.132446
7.30763 0.13239
7.31078 0.132341
7.31393 0.132299
7.31708 0.132386
7.32023 0.132463
7.32339 0.132405
7.32654 0.132355
7.32969 0.13231
7.33284 0.132271
7.33599 0.132237
7.33915 0.132333
7.3423 0.132416
7.34545 0.132364
7.3486 0.132319
7.35175 0.132279
7.35491 0.132244
7.35806 0.132338
7.36121 0.132421
7.36436 0.132494
7.36751 0.132432
7.37067 0.132378
7.37382 0.132331
7.37697 0.132289
7.38012 0.132378
7.38327 0.132456
7.38643 0.132399
7.38958 0.132349
7.39273 0.132305
7.39588 0.132267
7.39903 0.132359
7.40219 0.132439
7.40534 0.132509
7.40849 0.132445
7.41164 0.13239
7.41479 0.132341
7.41795 0.132298
7.4211 0.132386
7.42425 0.132463
7.4274 0.132405
7.43055 0.132354
7.43371 0.13231
7.43686 0.132271
7.44001 0.132362
7.44316 0.132442
7.44631 0.132512
7.44947 0.132448
7.45262 0.132392
7.45577 0.132343
7.45892 0.1323
7.46207 0.132388
7.46523 0.132464
7.46838 0.132531
7.47153 0.132465
7.47468 0.132407
7.47783 0.132356
7.48099 0.132311
7.48414 0.132397
7.48729 0.132473
7.49044 0.132414
7.49359 0.132362
7.49675 0.132317
7.4999 0.132277
7.50305 0.132367
7.5062 0.132447
7.50935 0.132516
7.51251 0.132451
7.51566 0.132395
7.51881 0.132345
7.52196 0.132302
7.52511 0.13239
7.52827 0.132466
7.53142 0.132408
7.53457 0.132357
7.53772 0.132312
7.54087 0.132273
7.54403 0.132364
7.54718 0.132443
7.55033 0.132513
7.55348 0.132449
7.55663 0.132393
7.55979 0.132344
7.56294 0.132301
7.56609 0.132388
7.56924 0.132465
7.57239 0.132407
7.57555 0.132356
7.5787 0.132311
7.58185 0.132272
7.585 0.132363
7.58815 0.132443
7.59131 0.132513
7.59446 0.132448
7.59761 0.132392
7.60076 0.132343
7.60391 0.1323
7.60707 0.132388
7.61022 0.132464
7.61337 0.132531
7.61652 0.132465
7.61967 0.132407
7.62283 0.132356
7.62598 0.132311
7.62913 0.132398
7.63228 0.132473
7.63543 0.132414
7.63859 0.132362
7.64174 0.132317
7.64489 0.132277
7.64804 0.132368
7.65119 0.132447
7.65435 0.132516
7.6575 0.132451
7.66065 0.132395
7.6638 0.132346
7.66695 0.132302
7.67011 0.13239
7.67326 0.132466
7.67641 0.132408
7.67956 0.132357
7.68271 0.132687
7.68587 0.132976
7.68902 0.133354
7.69217 0.133685
7.69532 0.133974
7.69847 0.134227
7.70163 0.134324
7.70478 0.134409
7.70793 0.134482
7.71108 0.134672
7.71423 0.134838
7.71739 0.134983
7.72054 0.134985
7.72369 0.134987
7.72684 0.134989
7.72999 0.13499
7.73315 0.135116
7.7363 0.135227
7.73945 0.135324
7.7426 0.135283
7.74575 0.135248
7.74891 0.135217
7.75206 0.135315
7.75521 0.1354
7.75836 0.135475
7.76151 0.135541
7.76467 0.135473
7.76782 0.135414
7.77097 0.135362
7.77412 0.135442
7.77727 0.135512
7.78043 0.135573
7.78358 0.135501
7.78673 0.135439
7.78988 0.135384
7.79303 0.135461
7.79619 0.135528
7.79934 0.135587
7.80249 0.135639
7.80564 0.135559
7.80879 0.135489
7.81195 0.135428
7.8151 0.135499
7.81825 0.135562
7.8214 0.135617
7.82455 0.13554
7.82771 0.135472
7.83086 0.135413
7.83401 0.135487
7.83716 0.135551
7.84031 0.135607
7.84347 0.135656
7.84662 0.135574
7.84977 0.135502
7.85292 0.135439
7.85607 0.13551
7.85923 0.135571
7.86238 0.135624
7.86553 0.135671
7.86868 0.135587
7.87183 0.135514
7.87499 0.13545
7.87814 0.135519
7.88129 0.135579
7.88444 0.135631
7.88759 0.135552
7.89075 0.135483
7.8939 0.135423
7.89705 0.135495
7.9002 0.135558
7.90335 0.135613
7.90651 0.135662
7.90966 0.135579
7.91281 0.135507
7.91596 0.135443
7.91911 0.135513
7.92227 0.135574
7.92542 0.135627
7.92857 0.135549
7.93172 0.13548
7.93487 0.13542
7.93803 0.135493
7.94118 0.135556
7.94433 0.135612
7.94748 0.13566
7.95063 0.135578
7.95379 0.135505
7.95694 0.135442
7.96009 0.135512
7.96324 0.135573
7.96639 0.135626
7.96955 0.135548
7.9727 0.13548
7.97585 0.13542
7.979 0.135492
7.98215 0.135556
7.98531 0.135611
7.98846 0.13566
7.99161 0.135577
7.99476 0.135505
7.99791 0.135442
8.00107 0.135512
8.00422 0.135573
8.00737 0.135626
8.01052 0.135673
8.01367 0.135589
8.01683 0.135515
8.01998 0.135451
8.02313 0.135519
8.02628 0.13558
8.02943 0.135632
8.03259 0.135553
8.03574 0.135484
8.03889 0.135423
8.04204 0.135496
8.04519 0.135559
8.04835 0.135614
8.0515 0.135662
8.05465 0.135579
8.0578 0.135507
8.06095 0.135444
8.06411 0.135513
8.06726 0.135574
8.07041 0.135627
8.07356 0.135549
8.07671 0.13548
8.07987 0.13542
8.08302 0.135493
8.08617 0.135556
8.08932 0.135612
8.09247 0.13566
8.09563 0.135578
8.09878 0.135505
8.10193 0.135442
8.10508 0.135512
8.10823 0.135573
8.11139 0.135626
8.11454 0.135548
8.11769 0.13548
8.12084 0.13542
8.12399 0.135367
8.12715 0.135446
8.1303 0.135515
8.13345 0.135576
8.1366 0.135504
8.13975 0.135441
8.14291 0.135386
8.14606 0.135463
8.14921 0.13553
8.15236 0.135589
8.15551 0.13564
8.15867 0.13556
8.16182 0.13549
8.16497 0.135429
8.16812 0.1355
8.17127 0.135563
8.17443 0.135617
8.17758 0.13554
8.18073 0.135473
8.18388 0.135414
8.18703 0.135487
8.19019 0.135551
8.19334 0.135607
8.19649 0.135656
8.19964 0.135574
8.20279 0.135502
8.20595 0.13544
8.2091 0.13551
8.21225 0.135571
8.2154 0.135625
8.21855 0.135547
8.22171 0.135478
8.22486 0.135418
8.22801 0.135491
8.23116 0.135555
8.23431 0.13561
8.23747 0.135659
8.24062 0.135577
8.24377 0.135505
8.24692 0.135442
8.25007 0.135511
8.25323 0.135572
8.25638 0.135626
8.25953 0.135673
8.26268 0.135589
8.26583 0.135515
8.26899 0.135451
8.27214 0.135519
8.27529 0.135579
8.27844 0.135632
8.28159 0.135553
8.28475 0.135484
8.2879 0.135423
8.29105 0.135495
8.2942 0.135559
8.29735 0.135614
8.30051 0.135662
8.30366 0.135579
8.30681 0.135507
8.30996 0.135443
8.31311 0.135513
8.31627 0.135574
8.31942 0.135627
8.32257 0.135549
8.32572 0.13548
8.32887 0.13542
8.33203 0.135493
8.33518 0.135556
8.33833 0.135612
8.34148 0.13566
8.34463 0.135578
8.34779 0.135505
8.35094 0.135442
8.35409 0.135512
8.35724 0.135573
8.36039 0.135626
8.36355 0.135548
8.3667 0.13548
8.36985 0.13542
8.373 0.135492
8.37615 0.135556
8.37931 0.135611
8.38246 0.13566
8.38561 0.135577
8.38876 0.135505
8.39191 0.135442
8.39507 0.135512
8.39822 0.135573
8.40137 0.136001
8.40452 0.136376
8.40767 0.136704
8.41083 0.136866
8.41398 0.137008
8.41713 0.137257
8.42028 0.137475
8.42343 0.137665
8.42659 0.137832
8.42974 0.137853
8.43289 0.137872
8.43604 0.138013
8.43919 0.138136
8.44235 0.138244
8.4455 0.138339
8.44865 0.138421
8.4518 0.138369
8.45495 0.138322
8.45811 0.138407
8.46126 0.138481
8.46441 0.138546
8.46756 0.138603
8.47071 0.138527
8.47387 0.138462
8.47702 0.138529
8.48017 0.138588
8.48332 0.138639
8.48647 0.138684
8.48963 0.138724
8.49278 0.138633
8.49593 0.138554
8.49908 0.13861
8.50223 0.138659
8.50539 0.138701
8.50854 0.138739
8.51169 0.138646
8.51484 0.138566
8.51799 0.138495
8.52115 0.138558
8.5243 0.138613
8.52745 0.138662
8.5306 0.138704
8.53375 0.138616
8.53691 0.138539
8.54006 0.138597
8.54321 0.138647
8.54636 0.138691
8.54951 0.13873
8.55267 0.138764
8.55582 0.138668
8.55897 0.138585
8.56212 0.138636
8.56527 0.138682
8.56843 0.138722
8.57158 0.138756
8.57473 0.138662
8.57788 0.138579
8.58103 0.138632
8.58419 0.138678
8.58734 0.138718
8.59049 0.138753
8.59364 0.138784
8.59679 0.138686
8.59995 0.1386
8.6031 0.13865
8.60625 0.138694
8.6094 0.138732
8.61255 0.138766
8.61571 0.13867
8.61886 0.138586
8.62201 0.138638
8.62516 0.138683
8.62831 0.138723
8.63147 0.138757
8.63462 0.138788
8.63777 0.138689
8.64092 0.138603
8.64407 0.138653
8.64723 0.138696
8.65038 0.138734
8.65353 0.138767
8.65668 0.138796
8.65983 0.138697
8.66299 0.13861
8.66614 0.138659
8.66929 0.138701
8.67244 0.138739
8.67559 0.138771
8.67875 0.138675
8.6819 0.13859
8.68505 0.138642
8.6882 0.138686
8.69135 0.138726
8.69451 0.13876
8.69766 0.13879
8.70081 0.138691
8.70396 0.138605
8.70711 0.138654
8.71027 0.138697
8.71342 0.138735
8.71657 0.138768
8.71972 0.138672
8.72287 0.138588
8.72603 0.13864
8.72918 0.138685
8.73233 0.138724
8.73548 0.138759
8.73863 0.138789
8.74179 0.13869
8.74494 0.138604
8.74809 0.138653
8.75124 0.138697
8.75439 0.138735
8.75755 0.138768
8.7607 0.138672
8.76385 0.138588
8.767 0.138639
8.77015 0.138684
8.77331 0.138724
8.77646 0.138758
8.77961 0.138789
8.78276 0.13869
8.78591 0.138604
8.78907 0.138653
8.79222 0.138697
8.79537 0.138735
8.79852 0.138768
8.80167 0.138797
8.80483 0.138697
8.80798 0.13861
8.81113 0.138659
8.81428 0.138701
8.81743 0.138739
8.82059 0.138771
8.82374 0.138675
8.82689 0.138591
8.83004 0.138642
8.83319 0.138687
8.83635 0.138726
8.8395 0.13876
8.84265 0.13879
8.8458 0.138691
8.84895 0.138605
8.85211 0.138654
8.85526 0.138697
8.85841 0.138735
8.86156 0.138768
8.86471 0.138672
8.86787 0.138588
8.87102 0.13864
8.87417 0.138685
8.87732 0.138724
8.88047 0.138759
8.88363 0.138789
8.88678 0.13869
8.88993 0.138604
8.89308 0.138653
8.89623 0.138697
8.89939 0.138735
8.90254 0.138768
8.90569 0.138672
8.90884 0.138588
8.91199 0.138514
8.91515 0.138575
8.9183 0.138628
8.92145 0.138675
8.9246 0.138715
8.92775 0.138626
8.93091 0.138548
8.93406 0.138604
8.93721 0.138654
8.94036 0.138697
8.94351 0.138735
8.94667 0.138768
8.94982 0.138672
8.95297 0.138588
8.95612 0.138639
8.95927 0.138685
8.96243 0.138724
8.96558 0.138758
8.96873 0.138664
8.97188 0.138581
8.97503 0.138633
8.97819 0.138679
8.98134 0.138719
8.98449 0.138754
8.98764 0.138785
8.99079 0.138687
8.99395 0.138601
8.9971 0.138651
9.00025 0.138694
9.0034 0.138733
9.00655 0.138766
9.00971 0.13867
9.01286 0.138587
9.01601 0.138638
9.01916 0.138683
9.02231 0.138723
9.02547 0.138758
9.02862 0.138788
9.03177 0.138689
9.03492 0.138603
9.03807 0.138653
9.04123 0.138696
9.04438 0.138734
9.04753 0.138767
9.05068 0.138797
9.05383 0.138697
9.05699 0.13861
9.06014 0.138659
9.06329 0.138701
9.06644 0.138739
9.06959 0.138771
9.07275 0.138675
9.0759 0.138591
9.07905 0.138642
9.0822 0.138686
9.08535 0.138726
9.08851 0.13876
9.09166 0.13879
9.09481 0.138691
9.09796 0.138605
9.10111 0.138654
9.10427 0.138697
9.10742 0.138735
9.11057 0.138768
9.11372 0.138672
9.11687 0.138963
9.12003 0.139343
9.12318 0.139675
9.12633 0.139966
9.12948 0.14022
9.13263 0.140442
9.13579 0.140637
9.13894 0.140682
9.14209 0.140847
9.14524 0.140991
9.14839 0.141117
9.15155 0.141228
9.1547 0.141324
9.15785 0.141284
9.161 0.141373
9.16415 0.141452
9.16731 0.14152
9.17046 0.14158
9.17361 0.141633
9.17676 0.141679
9.17991 0.141594
9.18307 0.141644
9.18622 0.141689
9.18937 0.141728
9.19252 0.141762
9.19567 0.141792
9.19883 0.141818
9.20198 0.141715
9.20513 0.141751
9.20828 0.141782
9.21143 0.141809
9.21459 0.141833
9.21774 0.141854
9.22089 0.141747
9.22404 0.141779
9.22719 0.141807
9.23035 0.141831
9.2335 0.141852
9.23665 0.14187
9.2398 0.141887
9.24295 0.141776
9.24611 0.141804
9.24926 0.141828
9.25241 0.14185
9.25556 0.141869
9.25871 0.141885
9.26187 0.141774
9.26502 0.141803
9.26817 0.141827
9.27132 0.141849
9.27447 0.141868
9.27763 0.141884
9.28078 0.141899
9.28393 0.141786
9.28708 0.141813
9.29023 0.141836
9.29339 0.141857
9.29654 0.141875
9.29969 0.14189
9.30284 0.141779
9.30599 0.141682
9.30915 0.141722
9.3123 0.141756
9.31545 0.141787
9.3186 0.141813
9.32175 0.141837
9.32491 0.141732
9.32806 0.141766
9.33121 0.141795
9.33436 0.141821
9.33751 0.141843
9.34067 0.141863
9.34382 0.14188
9.34697 0.14177
9.35012 0.141799
9.35327 0.141824
9.35643 0.141846
9.35958 0.141865
9.36273 0.141882
9.36588 0.141772
9.36903 0.1418
9.37219 0.141825
9.37534 0.141847
9.37849 0.141866
9.38164 0.141883
9.38479 0.141898
9.38795 0.141785
9.3911 0.141812
9.39425 0.141836
9.3974 0.141856
9.40055 0.141874
9.40371 0.14189
9.40686 0.141779
9.41001 0.141806
9.41316 0.141831
9.41631 0.141852
9.41947 0.14187
9.42262 0.141886
9.42577 0.141901
9.42892 0.141788
9.43207 0.141815
9.43523 0.141838
9.43838 0.141858
9.44153 0.141876
9.44468 0.141891
9.44783 0.141905
9.45099 0.141792
9.45414 0.141818
9.45729 0.141841
9.46044 0.141861
9.46359 0.141878
9.46675 0.141893
9.4699 0.141782
9.47305 0.141809
9.4762 0.141833
9.47935 0.141854
9.48251 0.141872
9.48566 0.141888
9.48881 0.141902
9.49196 0.141789
9.49511 0.141816
9.49827 0.141839
9.50142 0.141859
9.50457 0.141876
9.50772 0.141892
9.51087 0.14178
9.51403 0.141808
9.51718 0.141832
9.52033 0.141853
9.52348 0.141871
9.52663 0.141887
9.52979 0.141901
9.53294 0.141789
9.53609 0.141815
9.53924 0.141838
9.54239 0.141858
9.54555 0.141876
9.5487 0.141892
9.55185 0.14178
9.555 0.141808
9.55815 0.141832
9.56131 0.141853
9.56446 0.141871
9.56761 0.141887
9.57076 0.141901
9.57391 0.141789
9.57706 0.141815
9.58022 0.141838
9.58337 0.141858
9.58652 0.141876
9.58967 0.141892
9.59282 0.141905
9.59598 0.141792
9.59913 0.141818
9.60228 0.141841
9.60543 0.141861
9.60858 0.141878
9.61174 0.141893
9.61489 0.141782
9.61804 0.141809
9.62119 0.141833
9.62434 0.141854
9.6275 0.141872
9.63065 0.141888
9.6338 0.141902
9.63695 0.141789
9.6401 0.141816
9.64326 0.141839
9.64641 0.141859
9.64956 0.141876
9.65271 0.141892
9.65586 0.14178
9.65902 0.141808
9.66217 0.141832
9.66532 0.141853
9.66847 0.141871
9.67162 0.141887
9.67478 0.141901
9.67793 0.141789
9.68108 0.141815
9.68423 0.141838
9.68738 0.141858
9.69054 0.141876
9.69369 0.141892
9.69684 0.14178
9.69999 0.141683
9.70314 0.141722
9.7063 0.141757
9.70945 0.141787
9.7126 0.141814
9.71575 0.141837
9.7189 0.141733
9.72206 0.141766
9.72521 0.141795
9.72836 0.141821
9.73151 0.141843
9.73466 0.141863
9.73782 0.14188
9.74097 0.14177
9.74412 0.141799
9.74727 0.141824
9.75042 0.141846
9.75358 0.141865
9.75673 0.141882
9.75988 0.141772
9.76303 0.1418
9.76618 0.141825
9.76934 0.141847
9.77249 0.141866
9.77564 0.141883
9.77879 0.141898
9.78194 0.141785
9.7851 0.141812
9.78825 0.141836
9.7914 0.141856
9.79455 0.141874
9.7977 0.14189
9.80086 0.141779
9.80401 0.141806
9.80716 0.141831
9.81031 0.141852
9.81346 0.14187
9.81662 0.141886
9.81977 0.141901
9.82292 0.141788
9.82607 0.141815
9.82922 0.141838
9.83238 0.141858
9.83553 0.142251
9.83868 0.142594
9.84183 0.142895
9.84498 0.143158
9.84814 0.143388
9.85129 0.14359
9.85444 0.143766
9.85759 0.14392
9.86074 0.144055
9.8639 0.144173
9.86705 0.144277
9.8702 0.144367
9.87335 0.144446
9.8765 0.144515
9.87966 0.144576
9.88281 0.144629
9.88596 0.144675
9.88911 0.144716
9.89226 0.144751
9.89542 0.144783
9.89857 0.14481
9.90172 0.144834
9.90487 0.144854
9.90802 0.144873
9.91118 0.144888
9.91433 0.144902
9.91748 0.144915
9.92063 0.144925
9.92378 0.144935
9.92694 0.144943
9.93009 0.14495
9.93324 0.144956
9.93639 0.144962
9.93954 0.144966
9.9427 0.144971
9.94585 0.144974
9.949 0.144978
9.95215 0.14498
9.9553 0.144983
9.95846 0.144985
9.96161 0.144987
9.96476 0.144988
9.96791 0.14499
9.97106 0.144991
9.97422 0.144992
9.97737 0.144993
9.98052 0.144994
9.98367 0.144995
9.98682 0.144995
9.98998 0.144996
9.99313 0.144997
9.99628 0.144997
9.99943 0.144997
10.0026 0.144998
10.0057 0.144998
10.0089 0.144998
10.012 0.144998
10.0152 0.144999
10.0183 0.144999
10.0215 0.144999
10.0246 0.144999
10.0278 0.144999
10.031 0.144999
10.0341 0.144999
10.0373 0.144999
10.0404 0.145
10.0436 0.145
10.0467 0.145
10.0499 0.145
10.053 0.145
10.0562 0.145
10.0593 0.145
10.0625 0.145
10.0656 0.145
10.0688 0.145
10.0719 0.145
10.0751 0.145
10.0782 0.145
10.0814 0.145
10.0845 0.145
10.0877 0.145
10.0908 0.145
10.094 0.144875
10.0971 0.144891
10.1003 0.144904
10.1034 0.144916
10.1066 0.144927
10.1098 0.144936
10.1129 0.144944
10.1161 0.144951
10.1192 0.144957
10.1224 0.144962
10.1255 0.144967
10.1287 0.144971
10.1318 0.144975
10.135 0.144978
10.1381 0.144981
10.1413 0.144983
10.1444 0.144985
10.1476 0.144987
10.1507 0.144989
10.1539 0.14499
10.157 0.144991
10.1602 0.144992
10.1633 0.144993
10.1665 0.144994
10.1696 0.144995
10.1728 0.144996
10.1759 0.144996
10.1791 0.144997
10.1822 0.144997
10.1854 0.144997
10.1886 0.144998
10.1917 0.144998
10.1949 0.144998
10.198 0.144998
10.2012 0.144999
10.2043 0.144999
10.2075 0.144999
10.2106 0.144999
10.2138 0.144999
10.2169 0.144999
10.2201 0.144999
10.2232 0.144999
10.2264 0.145
10.2295 0.145
10.2327 0.145
10.2358 0.145
10.239 0.145
10.2421 0.145
10.2453 0.145
10.2484 0.145
10.2516 0.145
10.2547 0.145
10.2579 0.145
10.261 0.145
10.2642 0.145
10.2674 0.145
10.2705 0.145
10.2737 0.145
10.2768 0.145
10.28 0.145
10.2831 0.145
10.2863 0.145
10.2894 0.145
10.2926 0.145
10.2957 0.145
10.2989 0.145
10.302 0.145
10.3052 0.145
10.3083 0.145
10.3115 0.145
10.3146 0.145
10.3178 0.145
10.3209 0.145
10.3241 0.145
10.3272 0.145
10.3304 0.145
10.3335 0.145
10.3367 0.145
10.488 0.144875
10.4911 0.144891
10.4943 0.144904
10.4974 0.144916
10.5006 0.144927
10.5038 0.144936
10.5069 0.144944
10.5101 0.144951
10.5132 0.144957
10.5164 0.144962
10.5195 0.144967
10.5227 0.144971
10.5258 0.144975
10.529 0.144978
10.5321 0.144981
10.5353 0.144983
10.5384 0.144985
10.5416 0.144987
10.5447 0.144989
10.5479 0.14499
10.551 0.144991
10.5542 0.145367
10.5573 0.145696
10.5605 0.145984
10.5636 0.146236
10.5668 0.146457
10.5699 0.14665
10.5731 0.146944
10.5762 0.147076
10.5794 0.147191
10.5826 0.147292
10.5857 0.147381
10.5889 0.147458
10.592 0.147651
10.5952 0.147694
10.5983 0.147733
10.6015 0.147766
10.6046 0.147795
10.6078 0.147821
10.6109 0.147843
10.6141 0.147988
10.6172 0.147989
10.6204 0.147991
10.6235 0.147992
10.6267 0.147993
10.6298 0.147994
10.633 0.147995
10.6361 0.14812
10.6393 0.148105
10.6424 0.148092
10.6456 0.148081
10.6487 0.14807
10.6519 0.148062
10.655 0.148179
10.6582 0.148157
10.6614 0.148137
10.6645 0.14812
10.6677 0.148105
10.6708 0.148092
10.674 0.14808
10.6771 0.148195
10.6803 0.148171
10.6834 0.14815
10.6866 0.148131
10.6897 0.148114
10.6929 0.1481
10.696 0.148213
10.6992 0.148186
10.7023 0.148163
10.7055 0.148142
10.7086 0.148125
10.7118 0.148109
10.7149 0.148095
10.7181 0.148208
10.7212 0.148182
10.7244 0.14816
10.7275 0.14814
10.7307 0.148122
10.7338 0.148107
10.737 0.148219
10.7402 0.148191
10.7433 0.148167
10.7465 0.148146
10.7496 0.148128
10.7528 0.148112
10.7559 0.148098
10.7591 0.148211
10.7622 0.148184
10.7654 0.148161
10.7685 0.148141
10.7717 0.148124
10.7748 0.148108
10.778 0.148095
10.7811 0.148208
10.7843 0.148182
10.7874 0.148159
10.7906 0.148139
10.7937 0.148122
10.7969 0.148107
10.8 0.148218
10.8032 0.148191
10.8063 0.148167
10.8095 0.148146
10.8126 0.148128
10.8158 0.148112
10.819 0.148098
10.8221 0.148211
10.8253 0.148184
10.8284 0.148161
10.8316 0.148141
10.8347 0.148124
10.8379 0.148108
10.841 0.14822
10.8442 0.148192
10.8473 0.148168
10.8505 0.148147
10.8536 0.148129
10.8568 0.148113
10.8599 0.148099
10.8631 0.148211
10.8662 0.148185
10.8694 0.148162
10.8725 0.148141
10.8757 0.148124
10.8788 0.148108
10.882 0.148095
10.8851 0.148083
10.8883 0.148073
10.8914 0.148064
10.8946 0.148056
10.8978 0.148049
10.9009 0.148043
10.9041 0.148162
10.9072 0.148142
10.9104 0.148124
10.9135 0.148109
10.9167 0.148095
10.9198 0.148083
10.923 0.148073
10.9261 0.148189
10.9293 0.148165
10.9324 0.148144
10.9356 0.148126
10.9387 0.148111
10.9419 0.148097
10.945 0.14821
10.9482 0.148183
10.9513 0.148161
10.9545 0.14814
10.9576 0.148123
10.9608 0.148108
10.9639 0.148094
10.9671 0.148207
10.9702 0.148181
10.9734 0.148159
10.9766 0.148139
10.9797 0.148122
10.9829 0.148106
10.986 0.148218
10.9892 0.148191
10.9923 0.148167
10.9955 0.148146
10.9986 0.148128
11.0018 0.148112
11.0049 0.148098
11.0081 0.148211
11.0112 0.148184
11.0144 0.148161
11.0175 0.148141
11.0207 0.148123
11.0238 0.148108
11.027 0.148095
11.0301 0.148208
11.0333 0.148182
11.0364 0.148159
11.0396 0.148139
11.0427 0.148122
11.0459 0.148107
11.049 0.148218
11.0522 0.148191
11.0554 0.148167
11.0585 0.148146
11.0617 0.148128
11.0648 0.148112
11.068 0.148098
11.0711 0.148211
11.0743 0.148184
11.0774 0.148161
11.0806 0.148141
11.0837 0.148124
11.0869 0.148108
11.09 0.14822
11.0932 0.148192
11.0963 0.148168
11.0995 0.148147
11.1026 0.148129
11.1058 0.148113
11.1089 0.148099
11.1121 0.148211
11.1152 0.148185
11.1184 0.148162
11.1215 0.148141
11.1247 0.148124
11.1278 0.148108
11.131 0.14822
11.1342 0.148192
11.1373 0.148168
11.1405 0.148147
11.1436 0.148129
11.1468 0.148113
11.1499 0.148099
11.1531 0.148211
11.1562 0.148185
11.1594 0.148162
11.1625 0.148142
11.1657 0.148124
11.1688 0.148108
11.172 0.148095
11.1751 0.148208
11.1783 0.148182
11.1814 0.148159
11.1846 0.148139
11.1877 0.148122
11.1909 0.148107
11.194 0.148218
11.1972 0.148191
11.2003 0.148167
11.2035 0.148146
11.2066 0.148128
11.2098 0.148112
11.213 0.148098
11.2161 0.148211
11.2193 0.148184
11.2224 0.148161
11.2256 0.148141
11.2287 0.148124
11.2319 0.148108
11.235 0.14822
11.2382 0.148192
11.2413 0.148168
11.2445 0.148147
11.2476 0.148129
11.2508 0.148113
11.2539 0.148099
11.2571 0.148211
11.2602 0.148185
11.2634 0.148162
11.2665 0.148142
11.2697 0.148499
11.2728 0.148811
11.276 0.149085
11.2791 0.149449
11.2823 0.149643
11.2854 0.149813
11.2886 0.149961
11.2918 0.150091
11.2949 0.150205
11.2981 0.150429
11.3012 0.150625
11.3044 0.150672
11.3075 0.150713
11.3107 0.150749
11.3138 0.15078
11.317 0.150808
11.3201 0.150957
11.3233 0.151087
11.3264 0.151076
11.3296 0.151067
11.3327 0.151058
11.3359 0.151051
11.339 0.15117
11.3422 0.151274
11.3453 0.151239
11.3485 0.151209
11.3516 0.151183
11.3548 0.15116
11.3579 0.15114
11.3611 0.151248
11.3642 0.151342
11.3674 0.151299
11.3706 0.151262
11.3737 0.151229
11.3769 0.1512
11.38 0.1513
11.3832 0.151388
11.3863 0.151339
11.3895 0.151297
11.3926 0.15126
11.3958 0.151227
11.3989 0.151199
11.4021 0.151299
11.4052 0.151387
11.4084 0.151338
11.4115 0.151296
11.4147 0.151259
11.4178 0.151227
11.421 0.151198
11.4241 0.151299
11.4273 0.151386
11.4304 0.151338
11.4336 0.151296
11.4367 0.151259
11.4399 0.151226
11.443 0.151323
11.4462 0.151408
11.4494 0.151357
11.4525 0.151312
11.4557 0.151273
11.4588 0.151239
11.462 0.151209
11.4651 0.151308
11.4683 0.151394
11.4714 0.151345
11.4746 0.151302
11.4777 0.151264
11.4809 0.151231
11.484 0.151327
11.4872 0.151411
11.4903 0.15136
11.4935 0.151315
11.4966 0.151276
11.4998 0.151241
11.5029 0.151211
11.5061 0.15131
11.5092 0.151396
11.5124 0.151346
11.5155 0.151303
11.5187 0.151265
11.5218 0.151232
11.525 0.151203
11.5282 0.151303
11.5313 0.151265
11.5345 0.151232
11.5376 0.151203
11.5408 0.151177
11.5439 0.151155
11.5471 0.151261
11.5502 0.151353
11.5534 0.151309
11.5565 0.15127
11.5597 0.151237
11.5628 0.151207
11.566 0.151181
11.5691 0.151284
11.5723 0.151373
11.5754 0.151326
11.5786 0.151286
11.5817 0.15125
11.5849 0.151219
11.588 0.151316
11.5912 0.151402
11.5943 0.151352
11.5975 0.151308
11.6006 0.151269
11.6038 0.151236
11.607 0.151206
11.6101 0.151305
11.6133 0.151392
11.6164 0.151343
11.6196 0.1513
11.6227 0.151263
11.6259 0.15123
11.629 0.151326
11.6322 0.15141
11.6353 0.151359
11.6385 0.151314
11.6416 0.151275
11.6448 0.151241
11.6479 0.15121
11.6511 0.151309
11.6542 0.151396
11.6574 0.151346
11.6605 0.151303
11.6637 0.151265
11.6668 0.151232
11.67 0.151203
11.6731 0.151303
11.6763 0.15139
11.6794 0.151341
11.6826 0.151298
11.6858 0.151261
11.6889 0.151228
11.6921 0.151325
11.6952 0.151409
11.6984 0.151358
11.7015 0.151313
11.7047 0.151274
11.7078 0.15124
11.711 0.15121
11.7141 0.151309
11.7173 0.151395
11.7204 0.151346
11.7236 0.151302
11.7267 0.151265
11.7299 0.151232
11.733 0.151328
11.7362 0.151412
11.7393 0.15136
11.7425 0.151315
11.7456 0.151276
11.7488 0.151241
11.7519 0.151211
11.7551 0.15131
11.7582 0.151396
11.7614 0.151347
11.7646 0.151303
11.7677 0.151265
11.7709 0.151232
11.774 0.151328
11.7772 0.151412
11.7803 0.151361
11.7835 0.151316
11.7866 0.151276
11.7898 0.151242
11.7929 0.151211
11.7961 0.15131
11.7992 0.151396
11.8024 0.151347
11.8055 0.151303
11.8087 0.151265
11.8118 0.151232
11.815 0.151203
11.8181 0.151303
11.8213 0.15139
11.8244 0.151341
11.8276 0.151299
11.8307 0.151261
11.8339 0.151229
11.837 0.151325
11.8402 0.151409
11.8434 0.151358
11.8465 0.151313
11.8497 0.151274
11.8528 0.15124
11.856 0.15121
11.8591 0.151309
11.8623 0.151395
11.8654 0.151346
11.8686 0.151303
11.8717 0.151265
11.8749 0.151232
11.878 0.151328
11.8812 0.151412
11.8843 0.15136
11.8875 0.151315
11.8906 0.151276
11.8938 0.151241
11.8969 0.151211
11.9001 0.15131
11.9032 0.151396
11.9064 0.151347
11.9095 0.151303
11.9127 0.151265
11.9158 0.151232
11.919 0.151203
11.9222 0.151303
11.9253 0.151265
11.9285 0.151232
11.9316 0.151203
11.9348 0.151177
11.9379 0.151155
11.9411 0.151261
11.9442 0.151353
11.9474 0.151309
11.9505 0.15127
11.9537 0.151237
11.9568 0.151207
11.96 0.151181
11.9631 0.151284
11.9663 0.151373
11.9694 0.151326
11.9726 0.151286
11.9757 0.15125
11.9789 0.151219
11.982 0.151316
11.9852 0.151402
11.9883 0.151852
11.9915 0.15212
11.9946 0.152355
11.9978 0.152561
12.001 0.152741
12.0041 0.153023
12.0073 0.15327
12.0104 0.153486
12.0136 0.153551
12.0167 0.153607
12.0199 0.153656
12.023 0.153824
12.0262 0.153971
12.0293 0.1541
12.0325 0.154087
12.0356 0.154076
12.0388 0.154067
12.0419 0.154058
12.0451 0.154176
12.0482 0.154279
12.0514 0.154369
12.0545 0.154323
12.0577 0.154283
12.0608 0.154247
12.064 0.154216
12.0671 0.154314
12.0703 0.1544
12.0734 0.154475
12.0766 0.154416
12.0798 0.154364
12.0829 0.154318
12.0861 0.154403
12.0892 0.154478
12.0924 0.154543
12.0955 0.154475
12.0987 0.154416
12.1018 0.154364
12.105 0.154318
12.1081 0.154404
12.1113 0.154478
12.1144 0.154543
12.1176 0.154475
12.1207 0.154416
12.1239 0.154364
12.127 0.154444
12.1302 0.154513
12.1333 0.154574
12.1365 0.154502
12.1396 0.154439
12.1428 0.154385
12.1459 0.154336
12.1491 0.154419
12.1522 0.154492
12.1554 0.154555
12.1586 0.154486
12.1617 0.154425
12.1649 0.154372
12.168 0.154451
12.1712 0.154519
12.1743 0.154579
12.1775 0.154507
12.1806 0.154444
12.1838 0.154388
12.1869 0.15434
12.1901 0.154422
12.1932 0.154494
12.1964 0.154558
12.1995 0.154488
12.2027 0.154427
12.2058 0.154374
12.209 0.154327
12.2121 0.154411
12.2153 0.154485
12.2184 0.154549
12.2216 0.15448
12.2247 0.15442
12.2279 0.154368
12.231 0.154447
12.2342 0.154516
12.2374 0.154576
12.2405 0.154504
12.2437 0.154441
12.2468 0.154386
12.25 0.154338
12.2531 0.154421
12.2563 0.154493
12.2594 0.154556
12.2626 0.154487
12.2657 0.154426
12.2689 0.154373
12.272 0.154451
12.2752 0.15452
12.2783 0.15458
12.2815 0.154507
12.2846 0.154444
12.2878 0.154388
12.2909 0.15434
12.2941 0.154422
12.2972 0.154495
12.3004 0.154558
12.3035 0.154488
12.3067 0.154427
12.3098 0.154374
12.313 0.154327
12.3162 0.154411
12.3193 0.154485
12.3225 0.154424
12.3256 0.154371
12.3288 0.154325
12.3319 0.154284
12.3351 0.154374
12.3382 0.154452
12.3414 0.15452
12.3445 0.154455
12.3477 0.154398
12.3508 0.154349
12.354 0.154305
12.3571 0.154392
12.3603 0.154468
12.3634 0.154534
12.3666 0.154468
12.3697 0.154409
12.3729 0.154358
12.376 0.154438
12.3792 0.154508
12.3823 0.15457
12.3855 0.154499
12.3886 0.154436
12.3918 0.154382
12.395 0.154334
12.3981 0.154417
12.4013 0.15449
12.4044 0.154554
12.4076 0.154485
12.4107 0.154424
12.4139 0.154371
12.417 0.15445
12.4202 0.154518
12.4233 0.154579
12.4265 0.154506
12.4296 0.154443
12.4328 0.154388
12.4359 0.154339
12.4391 0.154422
12.4422 0.154494
12.4454 0.154557
12.4485 0.154488
12.4517 0.154427
12.4548 0.154373
12.458 0.154327
12.4611 0.154411
12.4643 0.154484
12.4674 0.154549
12.4706 0.15448
12.4738 0.15442
12.4769 0.154368
12.4801 0.154447
12.4832 0.154516
12.4864 0.154576
12.4895 0.154504
12.4927 0.154441
12.4958 0.154386
12.499 0.154338
12.5021 0.154421
12.5053 0.154493
12.5084 0.154556
12.5116 0.154487
12.5147 0.154426
12.5179 0.154373
12.521 0.154451
12.5242 0.15452
12.5273 0.15458
12.5305 0.154507
12.5336 0.154444
12.5368 0.154388
12.5399 0.15434
12.5431 0.154422
12.5462 0.154495
12.5494 0.154558
12.5526 0.154488
12.5557 0.154427
12.5589 0.154374
12.562 0.154452
12.5652 0.15452
12.5683 0.15458
12.5715 0.154508
12.5746 0.154444
12.5778 0.154389
12.5809 0.15434
12.5841 0.154423
12.5872 0.154495
12.5904 0.154558
12.5935 0.154488
12.5967 0.154427
12.5998 0.154374
12.603 0.154327
12.6061 0.154411
12.6093 0.154485
12.6124 0.154549
12.6156 0.154481
12.6187 0.15442
12.6219 0.154368
12.625 0.154447
12.6282 0.154516
12.6314 0.154577
12.6345 0.154504
12.6377 0.154441
12.6408 0.154386
12.644 0.154338
12.6471 0.154421
12.6503 0.154493
12.6534 0.154556
12.6566 0.154487
12.6597 0.154426
12.6629 0.154373
12.666 0.154451
12.6692 0.15452
12.6723 0.15458
12.6755 0.154507
12.6786 0.154444
12.6818 0.154388
12.6849 0.15434
12.6881 0.154422
12.6912 0.154495
12.6944 0.154558
12.6975 0.154488
12.7007 0.154427
12.7038 0.154374
12.707 0.154702
12.7102 0.155114
12.7133 0.155475
12.7165 0.155791
12.7196 0.155942
12.7228 0.156074
12.7259 0.15619
12.7291 0.156416
12.7322 0.156614
12.7354 0.156787
12.7385 0.156939
12.7417 0.156947
12.7448 0.156953
12.748 0.156959
12.7511 0.157089
12.7543 0.157203
12.7574 0.157303
12.7606 0.15739
12.7637 0.157341
12.7669 0.157298
12.77 0.157386
12.7732 0.157463
12.7763 0.15753
12.7795 0.157589
12.7826 0.157515
12.7858 0.157451
12.789 0.157394
12.7921 0.15747
12.7953 0.157536
12.7984 0.157594
12.8016 0.157645
12.8047 0.157564
12.8079 0.157494
12.811 0.157557
12.8142 0.157612
12.8173 0.157661
12.8205 0.157703
12.8236 0.157615
12.8268 0.157538
12.8299 0.157471
12.8331 0.157537
12.8362 0.157595
12.8394 0.157646
12.8425 0.15769
12.8457 0.157604
12.8488 0.157528
12.852 0.157462
12.8551 0.157529
12.8583 0.157588
12.8614 0.15764
12.8646 0.157685
12.8678 0.157599
12.8709 0.157524
12.8741 0.157584
12.8772 0.157636
12.8804 0.157681
12.8835 0.157721
12.8867 0.157631
12.8898 0.157552
12.893 0.157483
12.8961 0.157548
12.8993 0.157604
12.9024 0.157654
12.9056 0.157697
12.9087 0.15761
12.9119 0.157534
12.915 0.157592
12.9182 0.157643
12.9213 0.157688
12.9245 0.157727
12.9276 0.157636
12.9308 0.157556
12.9339 0.157487
12.9371 0.157551
12.9402 0.157607
12.9434 0.157656
12.9466 0.157699
12.9497 0.157612
12.9529 0.157535
12.956 0.157593
12.9592 0.157644
12.9623 0.157689
12.9655 0.157728
12.9686 0.157637
12.9718 0.157557
12.9749 0.157487
12.9781 0.157552
12.9812 0.157608
12.9844 0.157657
12.9875 0.1577
12.9907 0.157612
12.9938 0.157536
12.997 0.157469
13.0001 0.157535
13.0033 0.157593
13.0064 0.157644
13.0096 0.157689
13.0127 0.157602
13.0159 0.157527
13.019 0.157586
13.0222 0.157638
13.0254 0.157683
13.0285 0.157723
13.0317 0.157632
13.0348 0.157553
13.038 0.157484
13.0411 0.157549
13.0443 0.157605
13.0474 0.157654
13.0506 0.157698
13.0537 0.15761
13.0569 0.157534
13.06 0.157592
13.0632 0.157643
13.0663 0.157688
13.0695 0.157727
13.0726 0.157636
13.0758 0.157557
13.0789 0.157487
13.0821 0.157551
13.0852 0.157607
13.0884 0.157656
13.0915 0.157699
13.0947 0.157612
13.0978 0.157535
13.101 0.157468
13.1042 0.157535
13.1073 0.157593
13.1105 0.157644
13.1136 0.157563
13.1168 0.157493
13.1199 0.157431
13.1231 0.157502
13.1262 0.157565
13.1294 0.157619
13.1325 0.157667
13.1357 0.157583
13.1388 0.15751
13.142 0.157447
13.1451 0.157516
13.1483 0.157576
13.1514 0.157629
13.1546 0.157676
13.1577 0.157591
13.1609 0.157517
13.164 0.157578
13.1672 0.15763
13.1703 0.157677
13.1735 0.157717
13.1766 0.157627
13.1798 0.157549
13.183 0.15748
13.1861 0.157545
13.1893 0.157602
13.1924 0.157652
13.1956 0.157695
13.1987 0.157608
13.2019 0.157532
13.205 0.157591
13.2082 0.157642
13.2113 0.157687
13.2145 0.157726
13.2176 0.157635
13.2208 0.157556
13.2239 0.157486
13.2271 0.157551
13.2302 0.157607
13.2334 0.157656
13.2365 0.157699
13.2397 0.157612
13.2428 0.157535
13.246 0.157468
13.2491 0.157535
13.2523 0.157593
13.2554 0.157644
13.2586 0.157688
13.2618 0.157602
13.2649 0.157527
13.2681 0.157586
13.2712 0.157638
13.2744 0.157683
13.2775 0.157723
13.2807 0.157632
13.2838 0.157553
13.287 0.157484
13.2901 0.157549
13.2933 0.157605
13.2964 0.157654
13.2996 0.157698
13.3027 0.15761
13.3059 0.157534
13.309 0.157592
13.3122 0.157643
13.3153 0.157688
13.3185 0.157727
13.3216 0.157636
13.3248 0.157557
13.3279 0.157487
13.3311 0.157551
13.3342 0.157607
13.3374 0.157656
13.3406 0.157699
13.3437 0.157612
13.3469 0.157535
13.35 0.157593
13.3532 0.157644
13.3563 0.157689
13.3595 0.157728
13.3626 0.157637
13.3658 0.157557
13.3689 0.157487
13.3721 0.157552
13.3752 0.157608
13.3784 0.157657
13.3815 0.1577
13.3847 0.157612
13.3878 0.157536
13.391 0.157469
13.3941 0.157535
13.3973 0.157593
13.4004 0.157644
13.4036 0.157689
13.4067 0.157602
13.4099 0.157527
13.413 0.157586
13.4162 0.157638
13.4194 0.157683
13.4225 0.158098
13.4257 0.158461
13.4288 0.158653
13.432 0.158821
13.4351 0.159094
13.4383 0.159332
13.4414 0.159541
13.4446 0.159723
13.4477 0.159883
13.4509 0.159897
13.454 0.160035
13.4572 0.160156
13.4603 0.160261
13.4635 0.160354
13.4666 0.160434
13.4698 0.16038
13.4729 0.160333
13.4761 0.160416
13.4792 0.160489
13.4824 0.160553
13.4855 0.160609
13.4887 0.160658
13.4918 0.160575
13.495 0.160504
13.4982 0.160566
13.5013 0.16062
13.5045 0.160667
13.5076 0.160709
13.5108 0.16062
13.5139 0.160543
13.5171 0.1606
13.5202 0.16065
13.5234 0.160694
13.5265 0.160732
13.5297 0.160766
13.5328 0.16067
13.536 0.160586
13.5391 0.160638
13.5423 0.160683
13.5454 0.160723
13.5486 0.160757
13.5517 0.160788
13.5549 0.160689
13.558 0.160728
13.5612 0.160762
13.5643 0.160792
13.5675 0.160818
13.5706 0.160841
13.5738 0.160736
13.577 0.160644
13.5801 0.160688
13.5833 0.160727
13.5864 0.160761
13.5896 0.160791
13.5927 0.160817
13.5959 0.160715
13.599 0.160751
13.6022 0.160782
13.6053 0.160809
13.6085 0.160833
13.6116 0.160854
13.6148 0.160747
13.6179 0.160654
13.6211 0.160697
13.6242 0.160735
13.6274 0.160768
13.6305 0.160797
13.6337 0.160822
13.6368 0.16072
13.64 0.16063
13.6431 0.160676
13.6463 0.160716
13.6494 0.160752
13.6526 0.160783
13.6558 0.16081
13.6589 0.160709
13.6621 0.160745
13.6652 0.160777
13.6684 0.160805
13.6715 0.160829
13.6747 0.160851
13.6778 0.160744
13.681 0.160651
13.6841 0.160695
13.6873 0.160733
13.6904 0.160766
13.6936 0.160796
13.6967 0.160821
13.6999 0.160718
13.703 0.160754
13.7062 0.160784
13.7093 0.160811
13.7125 0.160835
13.7156 0.160856
13.7188 0.160749
13.7219 0.160655
13.7251 0.160698
13.7282 0.160736
13.7314 0.160769
13.7346 0.160798
13.7377 0.160823
13.7409 0.16072
13.744 0.160755
13.7472 0.160786
13.7503 0.160813
13.7535 0.160836
13.7566 0.160856
13.7598 0.160749
13.7629 0.160656
13.7661 0.160699
13.7692 0.160736
13.7724 0.160769
13.7755 0.160798
13.7787 0.160823
13.7818 0.16072
13.785 0.16063
13.7881 0.160677
13.7913 0.160717
13.7944 0.160752
13.7976 0.160783
13.8007 0.16081
13.8039 0.160709
13.807 0.160745
13.8102 0.160777
13.8134 0.160805
13.8165 0.16083
13.8197 0.160851
13.8228 0.160744
13.826 0.160651
13.8291 0.160695
13.8323 0.160733
13.8354 0.160766
13.8386 0.160796
13.8417 0.160821
13.8449 0.160719
13.848 0.160754
13.8512 0.160785
13.8543 0.160811
13.8575 0.160835
13.8606 0.160856
13.8638 0.160749
13.8669 0.160655
13.8701 0.160698
13.8732 0.160736
13.8764 0.160769
13.8795 0.160798
13.8827 0.160823
13.8858 0.16072
13.889 0.16063
13.8922 0.160676
13.8953 0.160717
13.8985 0.160752
13.9016 0.160783
13.9048 0.160685
13.9079 0.1606
13.9111 0.16065
13.9142 0.160693
13.9174 0.160732
13.9205 0.160765
13.9237 0.160795
13.9268 0.160695
13.93 0.160608
13.9331 0.160657
13.9363 0.1607
13.9394 0.160738
13.9426 0.16077
13.9457 0.160799
13.9489 0.160699
13.952 0.160737
13.9552 0.16077
13.9583 0.160799
13.9615 0.160824
13.9646 0.160846
13.9678 0.16074
13.971 0.160648
13.9741 0.160692
13.9773 0.16073
13.9804 0.160764
13.9836 0.160793
13.9867 0.160819
13.9899 0.160717
13.993 0.160752
13.9962 0.160783
13.9993 0.16081
14.0025 0.160834
14.0056 0.160855
14.0088 0.160748
14.0119 0.160654
14.0151 0.160698
14.0182 0.160735
14.0214 0.160768
14.0245 0.160797
14.0277 0.160823
14.0308 0.16072
14.034 0.16063
14.0371 0.160676
14.0403 0.160717
14.0434 0.160752
14.0466 0.160783
14.0498 0.16081
14.0529 0.160709
14.0561 0.160745
14.0592 0.160777
14.0624 0.160805
14.0655 0.160829
14.0687 0.160851
14.0718 0.160744
14.075 0.160651
14.0781 0.160695
14.0813 0.160733
14.0844 0.160766
14.0876 0.160796
14.0907 0.160821
14.0939 0.160719
14.097 0.160754
14.1002 0.160784
14.1033 0.160811
14.1065 0.160835
14.1096 0.160856
14.1128 0.160749
14.1159 0.160655
14.1191 0.160698
14.1222 0.160736
14.1254 0.160769
14.1286 0.160798
14.1317 0.160823
14.1349 0.16072
14.138 0.160755
14.1412 0.161161
14.1443 0.161516
14.1475 0.161826
14.1506 0.162098
14.1538 0.162336
14.1569 0.162419
14.1601 0.162616
14.1632 0.162789
14.1664 0.162941
14.1695 0.163073
14.1727 0.163189
14.1758 0.16329
14.179 0.163254
14.1821 0.163347
14.1853 0.163429
14.1884 0.1635
14.1916 0.163563
14.1947 0.163617
14.1979 0.163665
14.201 0.163707
14.2042 0.163744
14.2074 0.163776
14.2105 0.163804
14.2137 0.163828
14.2168 0.16385
14.22 0.163744
14.2231 0.163776
14.2263 0.163804
14.2294 0.163828
14.2326 0.16385
14.2357 0.163868
14.2389 0.163885
14.242 0.163899
14.2452 0.163912
14.2483 0.163923
14.2515 0.163933
14.2546 0.163941
14.2578 0.163948
14.2609 0.16383
14.2641 0.163851
14.2672 0.16387
14.2704 0.163886
14.2735 0.1639
14.2767 0.163913
14.2798 0.163924
14.283 0.163808
14.2862 0.163832
14.2893 0.163853
14.2925 0.163871
14.2956 0.163888
14.2988 0.163902
14.3019 0.163789
14.3051 0.163815
14.3082 0.163838
14.3114 0.163859
14.3145 0.163876
14.3177 0.163892
14.3208 0.163905
14.324 0.163792
14.3271 0.163818
14.3303 0.163841
14.3334 0.163861
14.3366 0.163878
14.3397 0.163893
14.3429 0.163907
14.346 0.163918
14.3492 0.163929
14.3523 0.163937
14.3555 0.163945
14.3586 0.163952
14.3618 0.163958
14.3649 0.163838
14.3681 0.163859
14.3713 0.163876
14.3744 0.163892
14.3776 0.163905
14.3807 0.163917
14.3839 0.163927
14.387 0.163937
14.3902 0.163944
14.3933 0.163951
14.3965 0.163957
14.3996 0.163963
14.4028 0.163967
14.4059 0.163847
14.4091 0.163866
14.4122 0.163882
14.4154 0.163897
14.4185 0.16391
14.4217 0.163921
14.4248 0.163931
14.428 0.163815
14.4311 0.163838
14.4343 0.163858
14.4374 0.163876
14.4406 0.163891
14.4437 0.163905
14.4469 0.163917
14.4501 0.163927
14.4532 0.163936
14.4564 0.163944
14.4595 0.163951
14.4627 0.163957
14.4658 0.163963
14.469 0.163842
14.4721 0.163862
14.4753 0.163879
14.4784 0.163894
14.4816 0.163908
14.4847 0.163919
14.4879 0.163929
14.491 0.163938
14.4942 0.163946
14.4973 0.163953
14.5005 0.163959
14.5036 0.163964
14.5068 0.163968
14.5099 0.163847
14.5131 0.163866
14.5162 0.163883
14.5194 0.163898
14.5225 0.16391
14.5257 0.163922
14.5289 0.163931
14.532 0.16394
14.5352 0.163947
14.5383 0.163954
14.5415 0.16396
14.5446 0.163965
14.5478 0.163969
14.5509 0.163848
14.5541 0.163867
14.5572 0.163884
14.5604 0.163898
14.5635 0.163911
14.5667 0.163922
14.5698 0.163932
14.573 0.163815
14.5761 0.163838
14.5793 0.163859
14.5824 0.163876
14.5856 0.163892
14.5887 0.163905
14.5919 0.163917
14.595 0.163927
14.5982 0.163937
14.6013 0.163944
14.6045 0.163951
14.6077 0.163957
14.6108 0.163963
14.614 0.163842
14.6171 0.163862
14.6203 0.163879
14.6234 0.163894
14.6266 0.163908
14.6297 0.163919
14.6329 0.163929
14.636 0.163938
14.6392 0.163946
14.6423 0.163953
14.6455 0.163959
14.6486 0.163964
14.6518 0.163968
14.6549 0.163847
14.6581 0.163866
14.6612 0.163883
14.6644 0.163898
14.6675 0.16391
14.6707 0.163922
14.6738 0.163931
14.677 0.163815
14.6801 0.163838
14.6833 0.163858
14.6865 0.163876
14.6896 0.163892
14.6928 0.163905
14.6959 0.163792
14.6991 0.163818
14.7022 0.163841
14.7054 0.163861
14.7085 0.163878
14.7117 0.163893
14.7148 0.163907
14.718 0.163793
14.7211 0.163819
14.7243 0.163842
14.7274 0.163862
14.7306 0.163879
14.7337 0.163894
14.7369 0.163907
14.74 0.163919
14.7432 0.163929
14.7463 0.163938
14.7495 0.163946
14.7526 0.163952
14.7558 0.163958
14.7589 0.163839
14.7621 0.163859
14.7653 0.163876
14.7684 0.163892
14.7716 0.163905
14.7747 0.163917
14.7779 0.163928
14.781 0.163937
14.7842 0.163945
14.7873 0.163951
14.7905 0.163958
14.7936 0.163963
14.7968 0.163967
14.7999 0.163847
14.8031 0.163866
14.8062 0.163883
14.8094 0.163897
14.8125 0.16391
14.8157 0.163921
14.8188 0.163931
14.822 0.163815
14.8251 0.163838
14.8283 0.163858
14.8314 0.163876
14.8346 0.163891
14.8377 0.163905
14.8409 0.163917
14.8441 0.163927
14.8472 0.163936
14.8504 0.163944
14.8535 0.163951
14.8567 0.163957
14.8598 0.164338
14.863 0.16467
14.8661 0.164962
14.8693 0.165216
14.8724 0.165439
14.8756 0.165634
14.8787 0.165805
14.8819 0.165955
14.885 0.16621
14.8882 0.166309
14.8913 0.166395
14.8945 0.166471
14.8976 0.166537
14.9008 0.166595
14.9039 0.166646
14.9071 0.16669
14.9102 0.166729
14.9134 0.166763
14.9165 0.166792
14.9197 0.166818
14.9229 0.166841
14.926 0.166986
14.9292 0.166988
14.9323 0.166989
14.9355 0.16699
14.9386 0.166992
14.9418 0.166993
14.9449 0.166994
14.9481 0.166994
14.9512 0.166995
14.9544 0.166996
14.9575 0.166996
14.9607 0.166997
14.9638 0.166997
14.967 0.166997
14.9701 0.166998
14.9733 0.166998
14.9764 0.166998
14.9796 0.166999
14.9827 0.166999
14.9859 0.166999
14.989 0.167124
14.9922 0.167109
14.9953 0.167095
14.9985 0.167083
15.0017 0.167073
15.0048 0.167064
15.008 0.167056
15.0111 0.167049
15.0143 0.167043
15.0174 0.167037
15.0206 0.167033
15.0237 0.167029
15.0269 0.167025
15.03 0.167147
15.0332 0.167128
15.0363 0.167112
15.0395 0.167098
15.0426 0.167086
15.0458 0.167075
15.0489 0.167066
15.0521 0.167058
15.0552 0.16705
15.0584 0.167044
15.0615 0.167039
15.0647 0.167034
15.0678 0.16703
15.071 0.167026
15.0741 0.167023
15.0773 0.16702
15.0805 0.167017
15.0836 0.167015
15.0868 0.167013
15.0899 0.167012
15.0931 0.16701
15.0962 0.167009
15.0994 0.167008
15.1025 0.167007
15.1057 0.167006
15.1088 0.167005
15.112 0.167005
15.1151 0.167004
15.1183 0.167003
15.1214 0.167003
15.1246 0.167003
15.1277 0.167002
15.1309 0.167002
15.134 0.167127
15.1372 0.167111
15.1403 0.167097
15.1435 0.167085
15.1466 0.167074
15.1498 0.167065
15.1529 0.167057
15.1561 0.16705
15.1593 0.167044
15.1624 0.167038
15.1656 0.167033
15.1687 0.167029
15.1719 0.167026
15.175 0.167147
15.1782 0.167129
15.1813 0.167113
15.1845 0.167099
15.1876 0.167086
15.1908 0.167076
15.1939 0.167066
15.1971 0.167058
15.2002 0.167051
15.2034 0.167044
15.2065 0.167039
15.2097 0.167034
15.2128 0.16703
15.216 0.167026
15.2191 0.167023
15.2223 0.16702
15.2254 0.167017
15.2286 0.167015
15.2317 0.167013
15.2349 0.167012
15.2381 0.167135
15.2412 0.167118
15.2444 0.167104
15.2475 0.167091
15.2507 0.167079
15.2538 0.167069
15.257 0.167061
15.2601 0.167053
15.2633 0.167046
15.2664 0.167041
15.2696 0.167036
15.2727 0.167031
15.2759 0.167027
15.279 0.167149
15.2822 0.16713
15.2853 0.167114
15.2885 0.1671
15.2916 0.167087
15.2948 0.167076
15.2979 0.167067
15.3011 0.167058
15.3042 0.167051
15.3074 0.167045
15.3105 0.167039
15.3137 0.167034
15.3169 0.16703
15.32 0.167151
15.3232 0.167132
15.3263 0.167116
15.3295 0.167101
15.3326 0.167089
15.3358 0.167078
15.3389 0.167068
15.3421 0.167059
15.3452 0.167052
15.3484 0.167045
15.3515 0.16704
15.3547 0.167035
15.3578 0.16703
15.361 0.167027
15.3641 0.167023
15.3673 0.16702
15.3704 0.167018
15.3736 0.167016
15.3767 0.167014
15.3799 0.167012
15.383 0.167135
15.3862 0.167119
15.3893 0.167104
15.3925 0.167091
15.3957 0.167079
15.3988 0.167069
15.402 0.167061
15.4051 0.167053
15.4083 0.167047
15.4114 0.167041
15.4146 0.167036
15.4177 0.167031
15.4209 0.167027
15.424 0.167149
15.4272 0.16713
15.4303 0.167114
15.4335 0.1671
15.4366 0.167087
15.4398 0.167076
15.4429 0.167067
15.4461 0.167058
15.4492 0.167051
15.4524 0.167045
15.4555 0.167039
15.4587 0.167034
15.4618 0.16703
15.465 0.167026
15.4681 0.167023
15.4713 0.16702
15.4745 0.167018
15.4776 0.167015
15.4808 0.167013
15.4839 0.167012
15.4871 0.16701
15.4902 0.167009
15.4934 0.167008
15.4965 0.167007
15.4997 0.167006
15.5028 0.167005
15.506 0.167005
15.5091 0.167004
15.5123 0.167004
15.5154 0.167003
15.5186 0.167003
15.5217 0.167002
15.5249 0.167002
15.528 0.167127
15.5312 0.167111
15.5343 0.167097
15.5375 0.167085
15.5406 0.167074
15.5438 0.167065
15.5469 0.167057
15.5501 0.16705
15.5533 0.167044
15.5564 0.167038
15.5596 0.167033
15.5627 0.167029
15.5659 0.167026
15.569 0.167147
15.5722 0.167129
15.5753 0.167488
15.5785 0.167802
15.5816 0.168077
15.5848 0.168317
15.5879 0.168527
15.5911 0.168836
15.5942 0.168982
15.5974 0.169109
15.6005 0.169221
15.6037 0.169318
15.6068 0.169403
15.61 0.169478
15.6131 0.169668
15.6163 0.16971
15.6194 0.169746
15.6226 0.169778
15.6257 0.169805
15.6289 0.16983
15.6321 0.169976
15.6352 0.170104
15.6384 0.170091
15.6415 0.17008
15.6447 0.17007
15.6478 0.170061
15.651 0.170053
15.6541 0.170172
15.6573 0.17015
15.6604 0.170131
15.6636 0.170115
15.6667 0.170101
15.6699 0.170088
15.673 0.170202
15.6762 0.170302
15.6793 0.170264
15.6825 0.170231
15.6856 0.170202
15.6888 0.170177
15.6919 0.170155
15.6951 0.17026
15.6982 0.170228
15.7014 0.170199
15.7045 0.170174
15.7077 0.170153
15.7109 0.170134
15.714 0.170242
15.7172 0.170337
15.7203 0.170295
15.7235 0.170258
15.7266 0.170226
15.7298 0.170197
15.7329 0.170173
15.7361 0.170276
15.7392 0.170242
15.7424 0.170211
15.7455 0.170185
15.7487 0.170162
15.7518 0.170142
15.755 0.170124
15.7581 0.170233
15.7613 0.170204
15.7644 0.170179
15.7676 0.170156
15.7707 0.170137
15.7739 0.17012
15.777 0.17023
15.7802 0.170326
15.7833 0.170285
15.7865 0.17025
15.7897 0.170218
15.7928 0.170191
15.796 0.170167
15.7991 0.170271
15.8023 0.170237
15.8054 0.170208
15.8086 0.170182
15.8117 0.170159
15.8149 0.170139
15.818 0.170247
15.8212 0.170341
15.8243 0.170298
15.8275 0.170261
15.8306 0.170228
15.8338 0.1702
15.8369 0.170175
15.8401 0.170278
15.8432 0.170243
15.8464 0.170213
15.8495 0.170186
15.8527 0.170163
15.8558 0.170143
15.859 0.170125
15.8621 0.170234
15.8653 0.170205
15.8685 0.170179
15.8716 0.170157
15.8748 0.170137
15.8779 0.17012
15.8811 0.17023
15.8842 0.170201
15.8874 0.170176
15.8905 0.170154
15.8937 0.170135
15.8968 0.170118
15.9 0.170103
15.9031 0.170215
15.9063 0.170188
15.9094 0.170165
15.9126 0.170144
15.9157 0.170126
15.9189 0.17011
15.922 0.170222
15.9252 0.170319
15.9283 0.170279
15.9315 0.170244
15.9346 0.170214
15.9378 0.170187
15.9409 0.170164
15.9441 0.170268
15.9473 0.170235
15.9504 0.170205
15.9536 0.17018
15.9567 0.170157
15.9599 0.170138
15.963 0.170245
15.9662 0.17034
15.9693 0.170297
15.9725 0.17026
15.9756 0.170228
15.9788 0.170199
15.9819 0.170174
15.9851 0.170277
15.9882 0.170243
15.9914 0.170212
15.9945 0.170186
15.9977 0.170163
16.0008 0.170142
16.004 0.170125
16.0071 0.170234
16.0103 0.170205
16.0134 0.170179
16.0166 0.170157
16.0197 0.170137
16.0229 0.17012
16.0261 0.17023
16.0292 0.170326
16.0324 0.170285
16.0355 0.17025
16.0387 0.170219
16.0418 0.170191
16.045 0.170167
16.0481 0.170271
16.0513 0.170237
16.0544 0.170208
16.0576 0.170182
16.0607 0.170159
16.0639 0.170139
16.067 0.170247
16.0702 0.170341
16.0733 0.170298
16.0765 0.170261
16.0796 0.170228
16.0828 0.1702
16.0859 0.170175
16.0891 0.170278
16.0922 0.170243
16.0954 0.170213
16.0985 0.170186
16.1017 0.170163
16.1049 0.170143
16.108 0.17025
16.1112 0.170344
16.1143 0.170301
16.1175 0.170263
16.1206 0.17023
16.1238 0.170201
16.1269 0.170176
16.1301 0.170279
16.1332 0.170244
16.1364 0.170214
16.1395 0.170187
16.1427 0.170164
16.1458 0.170143
16.149 0.170125
16.1521 0.170235
16.1553 0.170205
16.1584 0.17018
16.1616 0.170157
16.1647 0.170138
16.1679 0.17012
16.171 0.17023
16.1742 0.170327
16.1773 0.170286
16.1805 0.17025
16.1837 0.170219
16.1868 0.170191
16.19 0.170167
16.1931 0.170272
16.1963 0.170238
16.1994 0.170208
16.2026 0.170182
16.2057 0.170159
16.2089 0.170139
16.212 0.170247
16.2152 0.170341
16.2183 0.170298
16.2215 0.170261
16.2246 0.170228
16.2278 0.1702
16.2309 0.170175
16.2341 0.170278
16.2372 0.170243
16.2404 0.170213
16.2435 0.170186
16.2467 0.170163
16.2498 0.170143
16.253 0.170125
16.2561 0.170234
16.2593 0.170205
16.2625 0.170179
16.2656 0.170157
16.2688 0.170137
16.2719 0.17012
16.2751 0.17023
16.2782 0.170201
16.2814 0.170176
16.2845 0.170154
16.2877 0.170135
16.2908 0.170118
16.294 0.170478
16.2971 0.170918
16.3003 0.171304
16.3034 0.171516
16.3066 0.171701
16.3097 0.171864
16.3129 0.172006
16.316 0.172255
16.3192 0.172473
16.3223 0.172664
16.3255 0.172706
16.3286 0.172743
16.3318 0.172775
16.3349 0.172803
16.3381 0.172953
16.3413 0.173084
16.3444 0.173073
16.3476 0.173064
16.3507 0.173056
16.3539 0.173049
16.357 0.173168
16.3602 0.173272
16.3633 0.173363
16.3665 0.173318
16.3696 0.173278
16.3728 0.173243
16.3759 0.173213
16.3791 0.173311
16.3822 0.173397
16.3854 0.173348
16.3885 0.173304
16.3917 0.173266
16.3948 0.173233
16.398 0.173204
16.4011 0.173303
16.4043 0.17339
16.4074 0.173342
16.4106 0.173299
16.4137 0.173262
16.4169 0.173229
16.4201 0.173325
16.4232 0.17341
16.4264 0.173483
16.4295 0.173423
16.4327 0.17337
16.4358 0.173324
16.439 0.173283
16.4421 0.173373
16.4453 0.173451
16.4484 0.173395
16.4516 0.173346
16.4547 0.173302
16.4579 0.173265
16.461 0.173356
16.4642 0.173437
16.4673 0.173507
16.4705 0.173444
16.4736 0.173388
16.4768 0.17334
16.4799 0.173297
16.4831 0.173385
16.4862 0.173462
16.4894 0.173404
16.4925 0.173354
16.4957 0.17331
16.4989 0.173271
16.502 0.173362
16.5052 0.173442
16.5083 0.173512
16.5115 0.173448
16.5146 0.173392
16.5178 0.173343
16.5209 0.1733
16.5241 0.173387
16.5272 0.173464
16.5304 0.173406
16.5335 0.173355
16.5367 0.173311
16.5398 0.173272
16.543 0.173238
16.5461 0.173333
16.5493 0.173417
16.5524 0.173364
16.5556 0.173319
16.5587 0.173279
16.5619 0.173244
16.565 0.173339
16.5682 0.173421
16.5713 0.173494
16.5745 0.173432
16.5777 0.173378
16.5808 0.173331
16.584 0.173289
16.5871 0.173378
16.5903 0.173456
16.5934 0.173399
16.5966 0.173349
16.5997 0.173305
16.6029 0.173267
16.606 0.173359
16.6092 0.173439
16.6123 0.173509
16.6155 0.173445
16.6186 0.17339
16.6218 0.173341
16.6249 0.173298
16.6281 0.173386
16.6312 0.173463
16.6344 0.173405
16.6375 0.173354
16.6407 0.17331
16.6438 0.173271
16.647 0.173237
16.6501 0.173333
16.6533 0.173416
16.6565 0.173364
16.6596 0.173319
16.6628 0.173279
16.6659 0.173244
16.6691 0.173338
16.6722 0.173421
16.6754 0.173368
16.6785 0.173322
16.6817 0.173282
16.6848 0.173247
16.688 0.173216
16.6911 0.173314
16.6943 0.1734
16.6974 0.17335
16.7006 0.173306
16.7037 0.173268
16.7069 0.173234
16.71 0.17333
16.7132 0.173414
16.7163 0.173487
16.7195 0.173426
16.7226 0.173373
16.7258 0.173326
16.7289 0.173286
16.7321 0.173375
16.7353 0.173453
16.7384 0.173396
16.7416 0.173347
16.7447 0.173303
16.7479 0.173266
16.751 0.173357
16.7542 0.173438
16.7573 0.173508
16.7605 0.173444
16.7636 0.173389
16.7668 0.17334
16.7699 0.173298
16.7731 0.173386
16.7762 0.173462
16.7794 0.173405
16.7825 0.173354
16.7857 0.17331
16.7888 0.173271
16.792 0.173237
16.7951 0.173332
16.7983 0.173416
16.8014 0.173364
16.8046 0.173318
16.8077 0.173279
16.8109 0.173244
16.8141 0.173338
16.8172 0.173421
16.8204 0.173493
16.8235 0.173432
16.8267 0.173378
16.8298 0.173331
16.833 0.173289
16.8361 0.173378
16.8393 0.173456
16.8424 0.173399
16.8456 0.173349
16.8487 0.173305
16.8519 0.173267
16.855 0.173359
16.8582 0.173439
16.8613 0.173509
16.8645 0.173445
16.8676 0.17339
16.8708 0.173341
16.8739 0.173298
16.8771 0.173386
16.8802 0.173463
16.8834 0.173405
16.8865 0.173354
16.8897 0.17331
16.8929 0.173271
16.896 0.173362
16.8992 0.173442
16.9023 0.173512
16.9055 0.173448
16.9086 0.173392
16.9118 0.173343
16.9149 0.1733
16.9181 0.173388
16.9212 0.173464
16.9244 0.173406
16.9275 0.173355
16.9307 0.173311
16.9338 0.173272
16.937 0.173238
16.9401 0.173333
16.9433 0.173417
16.9464 0.173365
16.9496 0.173319
16.9527 0.173279
16.9559 0.173244
16.959 0.173339
16.9622 0.173421
16.9653 0.173494
16.9685 0.173432
16.9717 0.173378
16.9748 0.173331
16.978 0.173289
16.9811 0.173378
16.9843 0.173456
16.9874 0.173399
16.9906 0.173349
16.9937 0.173305
16.9969 0.173267
17 0.173359
17.0032 0.173439
17.0063 0.173509
17.0095 0.173445
17.0126 0.173765
17.0158 0.174044
17.0189 0.174289
17.0221 0.174628
17.0252 0.174924
17.0284 0.175184
17.0315 0.175286
17.0347 0.175375
17.0378 0.175453
17.041 0.175521
17.0441 0.175706
17.0473 0.175868
17.0505 0.176009
17.0536 0.176008
17.0568 0.176007
17.0599 0.176006
17.0631 0.176131
17.0662 0.176239
17.0694 0.176334
17.0725 0.176293
17.0757 0.176256
17.0788 0.176224
17.082 0.176196
17.0851 0.176296
17.0883 0.176384
17.0914 0.176461
17.0946 0.176404
17.0977 0.176353
17.1009 0.176309
17.104 0.176395
17.1072 0.176471
17.1103 0.176537
17.1135 0.176595
17.1166 0.176521
17.1198 0.176456
17.1229 0.176399
17.1261 0.176474
17.1293 0.17654
17.1324 0.176597
17.1356 0.176522
17.1387 0.176457
17.1419 0.1764
17.145 0.176475
17.1482 0.176541
17.1513 0.176598
17.1545 0.176648
17.1576 0.176567
17.1608 0.176496
17.1639 0.176434
17.1671 0.176505
17.1702 0.176567
17.1734 0.176621
17.1765 0.176543
17.1797 0.176475
17.1828 0.176416
17.186 0.176364
17.1891 0.176444
17.1923 0.176513
17.1954 0.176574
17.1986 0.176502
17.2017 0.176439
17.2049 0.176385
17.2081 0.176461
17.2112 0.176529
17.2144 0.176588
17.2175 0.176639
17.2207 0.176559
17.2238 0.176489
17.227 0.176428
17.2301 0.1765
17.2333 0.176562
17.2364 0.176617
17.2396 0.17654
17.2427 0.176472
17.2459 0.176413
17.249 0.176487
17.2522 0.176551
17.2553 0.176607
17.2585 0.176656
17.2616 0.176574
17.2648 0.176502
17.2679 0.17644
17.2711 0.17651
17.2742 0.176571
17.2774 0.176625
17.2805 0.176546
17.2837 0.176478
17.2869 0.176418
17.29 0.176491
17.2932 0.176555
17.2963 0.17661
17.2995 0.176659
17.3026 0.176577
17.3058 0.176505
17.3089 0.176442
17.3121 0.176511
17.3152 0.176572
17.3184 0.176626
17.3215 0.176548
17.3247 0.176479
17.3278 0.176419
17.331 0.176367
17.3341 0.176446
17.3373 0.176515
17.3404 0.176576
17.3436 0.176504
17.3467 0.176441
17.3499 0.176386
17.353 0.176463
17.3562 0.17653
17.3593 0.176589
17.3625 0.17664
17.3657 0.17656
17.3688 0.17649
17.372 0.176429
17.3751 0.1765
17.3783 0.176563
17.3814 0.176617
17.3846 0.17654
17.3877 0.176473
17.3909 0.176414
17.394 0.176487
17.3972 0.176551
17.4003 0.176607
17.4035 0.176656
17.4066 0.176574
17.4098 0.176502
17.4129 0.17644
17.4161 0.17651
17.4192 0.176571
17.4224 0.176625
17.4255 0.176547
17.4287 0.176478
17.4318 0.176418
17.435 0.176366
17.4381 0.176445
17.4413 0.176515
17.4445 0.176575
17.4476 0.176503
17.4508 0.176441
17.4539 0.176385
17.4571 0.176462
17.4602 0.176529
17.4634 0.176588
17.4665 0.176515
17.4697 0.17645
17.4728 0.176394
17.476 0.176345
17.4791 0.176427
17.4823 0.176498
17.4854 0.176561
17.4886 0.176491
17.4917 0.17643
17.4949 0.176376
17.498 0.176454
17.5012 0.176522
17.5043 0.176582
17.5075 0.176634
17.5106 0.176555
17.5138 0.176486
17.5169 0.176425
17.5201 0.176497
17.5233 0.17656
17.5264 0.176615
17.5296 0.176538
17.5327 0.176471
17.5359 0.176412
17.539 0.176485
17.5422 0.17655
17.5453 0.176606
17.5485 0.176655
17.5516 0.176573
17.5548 0.176502
17.5579 0.176439
17.5611 0.176509
17.5642 0.17657
17.5674 0.176624
17.5705 0.176546
17.5737 0.176478
17.5768 0.176418
17.58 0.176366
17.5831 0.176445
17.5863 0.176514
17.5894 0.176575
17.5926 0.176503
17.5957 0.17644
17.5989 0.176385
17.6021 0.176462
17.6052 0.176529
17.6084 0.176588
17.6115 0.17664
17.6147 0.17656
17.6178 0.17649
17.621 0.176429
17.6241 0.1765
17.6273 0.176562
17.6304 0.176617
17.6336 0.17654
17.6367 0.176473
17.6399 0.176413
17.643 0.176487
17.6462 0.176551
17.6493 0.176607
17.6525 0.176656
17.6556 0.176574
17.6588 0.176502
17.6619 0.17644
17.6651 0.17651
17.6682 0.176571
17.6714 0.176625
17.6745 0.176546
17.6777 0.176478
17.6809 0.176418
17.684 0.176491
17.6872 0.176555
17.6903 0.17661
17.6935 0.176659
17.6966 0.176577
17.6998 0.176505
17.7029 0.176442
17.7061 0.176511
17.7092 0.176572
17.7124 0.176626
17.7155 0.176548
17.7187 0.176479
17.7218 0.176419
17.725 0.176367
17.7281 0.176821
17.7313 0.177218
17.7344 0.177566
17.7376 0.17787
17.7407 0.178012
17.7439 0.178135
17.747 0.178368
17.7502 0.178572
17.7533 0.178751
17.7565 0.178907
17.7597 0.179043
17.7628 0.179038
17.766 0.179033
17.7691 0.179154
17.7723 0.17926
17.7754 0.179352
17.7786 0.179433
17.7817 0.179379
17.7849 0.179332
17.788 0.179415
17.7912 0.179488
17.7943 0.179552
17.7975 0.179608
17.8006 0.179657
17.8038 0.179575
17.8069 0.179503
17.8101 0.179565
17.8132 0.17962
17.8164 0.179667
17.8195 0.179709
17.8227 0.17962
17.8258 0.179543
17.829 0.179475
17.8321 0.17954
17.8353 0.179598
17.8385 0.179648
17.8416 0.179692
17.8448 0.179606
17.8479 0.17953
17.8511 0.179589
17.8542 0.17964
17.8574 0.179685
17.8605 0.179724
17.8637 0.179634
17.8668 0.179555
17.87 0.179485
17.8731 0.17955
17.8763 0.179606
17.8794 0.179655
17.8826 0.179698
17.8857 0.179611
17.8889 0.179535
17.892 0.179593
17.8952 0.179644
17.8983 0.179688
17.9015 0.179727
17.9046 0.179761
17.9078 0.179666
17.9109 0.179583
17.9141 0.179635
17.9173 0.179681
17.9204 0.179721
17.9236 0.179755
17.9267 0.179661
17.9299 0.179578
17.933 0.179631
17.9362 0.179677
17.9393 0.179718
17.9425 0.179753
17.9456 0.179784
17.9488 0.179686
17.9519 0.1796
17.9551 0.17965
17.9582 0.179694
17.9614 0.179732
17.9645 0.179766
17.9677 0.17967
17.9708 0.179586
17.974 0.179513
17.9771 0.179574
17.9803 0.179627
17.9834 0.179674
17.9866 0.179714
17.9897 0.179625
17.9929 0.179547
17.9961 0.179604
17.9992 0.179653
18.0024 0.179697
18.0055 0.179734
18.0087 0.179768
18.0118 0.179672
18.015 0.179588
18.0181 0.179639
18.0213 0.179684
18.0244 0.179724
18.0276 0.179758
18.0307 0.179664
18.0339 0.179581
18.037 0.179633
18.0402 0.179679
18.0433 0.179719
18.0465 0.179754
18.0496 0.179785
18.0528 0.179687
18.0559 0.179601
18.0591 0.179651
18.0622 0.179694
18.0654 0.179733
18.0685 0.179766
18.0717 0.17967
18.0749 0.179587
18.078 0.179638
18.0812 0.179683
18.0843 0.179723
18.0875 0.179758
18.0906 0.179788
18.0938 0.179689
18.0969 0.179603
18.1001 0.179653
18.1032 0.179696
18.1064 0.179734
18.1095 0.179767
18.1127 0.179672
18.1158 0.179588
18.119 0.179514
18.1221 0.179575
18.1253 0.179628
18.1284 0.179674
18.1316 0.179715
18.1347 0.179626
18.1379 0.179548
18.141 0.179604
18.1442 0.179654
18.1473 0.179697
18.1505 0.179735
18.1537 0.179768
18.1568 0.179672
18.16 0.179588
18.1631 0.179639
18.1663 0.179685
18.1694 0.179724
18.1726 0.179758
18.1757 0.179664
18.1789 0.179581
18.182 0.179633
18.1852 0.179679
18.1883 0.179719
18.1915 0.179754
18.1946 0.179785
18.1978 0.179687
18.2009 0.179601
18.2041 0.179651
18.2072 0.179694
18.2104 0.179733
18.2135 0.179766
18.2167 0.17967
18.2198 0.179587
18.223 0.179513
18.2261 0.179574
18.2293 0.179627
18.2325 0.179674
18.2356 0.179715
18.2388 0.179625
18.2419 0.179547
18.2451 0.179604
18.2482 0.179653
18.2514 0.179697
18.2545 0.179735
18.2577 0.179643
18.2608 0.179562
18.264 0.179492
18.2671 0.179556
18.2703 0.179611
18.2734 0.17966
18.2766 0.179702
18.2797 0.179614
18.2829 0.179538
18.286 0.179595
18.2892 0.179646
18.2923 0.17969
18.2955 0.179729
18.2986 0.179763
18.3018 0.179668
18.3049 0.179584
18.3081 0.179636
18.3113 0.179682
18.3144 0.179721
18.3176 0.179756
18.3207 0.179662
18.3239 0.179579
18.327 0.179632
18.3302 0.179678
18.3333 0.179718
18.3365 0.179753
18.3396 0.179784
18.3428 0.179686
18.3459 0.1796
18.3491 0.17965
18.3522 0.179694
18.3554 0.179732
18.3585 0.179766
18.3617 0.17967
18.3648 0.179586
18.368 0.179513
18.3711 0.179574
18.3743 0.179627
18.3774 0.179674
18.3806 0.179714
18.3837 0.179625
18.3869 0.179547
18.3901 0.179604
18.3932 0.179653
18.3964 0.179697
18.3995 0.179734
18.4027 0.179768
18.4058 0.179672
18.409 0.179588
18.4121 0.179639
18.4153 0.179684
18.4184 0.179724
18.4216 0.179758
18.4247 0.179664
18.4279 0.179581
18.431 0.179633
18.4342 0.179679
18.4373 0.179719
18.4405 0.179754
18.4436 0.179785
18.4468 0.179687
18.4499 0.179601
18.4531 0.179651
18.4562 0.179694
18.4594 0.179733
18.4625 0.179766
18.4657 0.17967
18.4689 0.179587
18.472 0.179638
18.4752 0.179683
18.4783 0.179723
18.4815 0.179758
18.4846 0.179788
18.4878 0.179689
18.4909 0.179603
18.4941 0.179653
18.4972 0.179696
18.5004 0.179734
18.5035 0.179767
18.5067 0.179672
18.5098 0.179588
18.513 0.179514
18.5161 0.179575
18.5193 0.179628
18.5224 0.179674
18.5256 0.179715
18.5287 0.179626
18.5319 0.179548
18.535 0.179604
18.5382 0.179654
18.5413 0.179697
18.5445 0.179735
18.5477 0.179768
18.5508 0.179672
18.554 0.179588
18.5571 0.179639
18.5603 0.179685
18.5634 0.179724
18.5666 0.179758
18.5697 0.179664
18.5729 0.179581
18.576 0.179633
18.5792 0.179679
18.5823 0.179719
18.5855 0.179754
18.5886 0.179785
18.5918 0.179687
18.5949 0.179601
18.5981 0.179651
18.6012 0.179694
18.6044 0.179733
18.6075 0.179766
18.6107 0.17967
18.6138 0.179587
18.617 0.179513
18.6201 0.179574
18.6233 0.179627
18.6265 0.179674
18.6296 0.179715
18.6328 0.179625
18.6359 0.179547
18.6391 0.179604
18.6422 0.179653
18.6454 0.179697
18.6485 0.179735
18.6517 0.179643
18.6548 0.179562
18.658 0.179492
18.6611 0.179556
18.6643 0.179611
18.6674 0.17966
18.6706 0.179702
18.6737 0.179614
18.6769 0.179538
18.68 0.179595
18.6832 0.179646
18.6863 0.17969
18.6895 0.179729
18.6926 0.179763
18.6958 0.179668
18.6989 0.179584
18.7021 0.179636
18.7053 0.179682
18.7084 0.179721
18.7116 0.179756
18.7147 0.179662
18.7179 0.179579
18.721 0.179632
18.7242 0.179678
18.7273 0.179718
18.7305 0.179753
18.7336 0.179784
18.7368 0.179686
18.7399 0.1796
18.7431 0.180025
18.7462 0.180397
18.7494 0.180722
18.7525 0.181007
18.7557 0.181256
18.7588 0.181349
18.762 0.181431
18.7651 0.181627
18.7683 0.181798
18.7714 0.181949
18.7746 0.18208
18.7777 0.182195
18.7809 0.182171
18.7841 0.182274
18.7872 0.182365
18.7904 0.182444
18.7935 0.182514
18.7967 0.182575
18.7998 0.182628
18.803 0.182549
18.8061 0.182606
18.8093 0.182655
18.8124 0.182698
18.8156 0.182736
18.8187 0.182769
18.8219 0.182673
18.825 0.182714
18.8282 0.182749
18.8313 0.182781
18.8345 0.182808
18.8376 0.182832
18.8408 0.182853
18.8439 0.182746
18.8471 0.182778
18.8502 0.182806
18.8534 0.18283
18.8565 0.182851
18.8597 0.18287
18.8629 0.182761
18.866 0.182791
18.8692 0.182817
18.8723 0.18284
18.8755 0.18286
18.8786 0.182878
18.8818 0.182893
18.8849 0.182781
18.8881 0.182809
18.8912 0.182833
18.8944 0.182853
18.8975 0.182872
18.9007 0.182888
18.9038 0.182777
18.907 0.18268
18.9101 0.18272
18.9133 0.182755
18.9164 0.182785
18.9196 0.182812
18.9227 0.182836
18.9259 0.182731
18.929 0.182765
18.9322 0.182794
18.9353 0.18282
18.9385 0.182842
18.9417 0.182862
18.9448 0.182879
18.948 0.182769
18.9511 0.182798
18.9543 0.182823
18.9574 0.182846
18.9606 0.182865
18.9637 0.182882
18.9669 0.182772
18.97 0.1828
18.9732 0.182825
18.9763 0.182847
18.9795 0.182866
18.9826 0.182883
18.9858 0.182897
18.9889 0.182785
18.9921 0.182812
18.9952 0.182836
18.9984 0.182856
19.0015 0.182874
19.0047 0.18289
19.0078 0.182779
19.011 0.182681
19.0141 0.182721
19.0173 0.182756
19.0205 0.182786
19.0236 0.182813
19.0268 0.182837
19.0299 0.182732
19.0331 0.182765
19.0362 0.182795
19.0394 0.18282
19.0425 0.182843
19.0457 0.182863
19.0488 0.182755
19.052 0.18266
19.0551 0.182703
19.0583 0.18274
19.0614 0.182772
19.0646 0.182801
19.0677 0.182826
19.0709 0.182723
19.074 0.182757
19.0772 0.182788
19.0803 0.182814
19.0835 0.182837
19.0866 0.182858
19.0898 0.182875
19.0929 0.182766
19.0961 0.182795
19.0993 0.182821
19.1024 0.182843
19.1056 0.182863
19.1087 0.18288
19.1119 0.18277
19.115 0.182799
19.1182 0.182824
19.1213 0.182846
19.1245 0.182865
19.1276 0.182882
19.1308 0.182897
19.1339 0.182785
19.1371 0.182812
19.1402 0.182835
19.1434 0.182856
19.1465 0.182874
19.1497 0.18289
19.1528 0.182778
19.156 0.182681
19.1591 0.182721
19.1623 0.182756
19.1654 0.182786
19.1686 0.182813
19.1717 0.182836
19.1749 0.182732
19.1781 0.182765
19.1812 0.182795
19.1844 0.18282
19.1875 0.182843
19.1907 0.182862
19.1938 0.18288
19.197 0.18277
19.2001 0.182798
19.2033 0.182824
19.2064 0.182846
19.2096 0.182865
19.2127 0.182882
19.2159 0.182772
19.219 0.1828
19.2222 0.182825
19.2253 0.182847
19.2285 0.182866
19.2316 0.182883
19.2348 0.182898
19.2379 0.182785
19.2411 0.182812
19.2442 0.182836
19.2474 0.182856
19.2505 0.182874
19.2537 0.18289
19.2569 0.182779
19.26 0.182806
19.2632 0.182831
19.2663 0.182852
19.2695 0.18287
19.2726 0.182886
19.2758 0.182901
19.2789 0.182788
19.2821 0.182815
19.2852 0.182838
19.2884 0.182858
19.2915 0.182876
19.2947 0.182891
19.2978 0.18278
19.301 0.182682
19.3041 0.182722
19.3073 0.182757
19.3104 0.182787
19.3136 0.182814
19.3167 0.182837
19.3199 0.182732
19.323 0.182766
19.3262 0.182795
19.3293 0.182821
19.3325 0.182843
19.3357 0.182863
19.3388 0.18288
19.342 0.18277
19.3451 0.182799
19.3483 0.182824
19.3514 0.182846
19.3546 0.182865
19.3577 0.182882
19.3609 0.182772
19.364 0.1828
19.3672 0.182825
19.3703 0.182847
19.3735 0.182866
19.3766 0.182883
19.3798 0.182898
19.3829 0.182785
19.3861 0.182812
19.3892 0.182836
19.3924 0.182856
19.3955 0.182874
19.3987 0.18289
19.4018 0.182779
19.405 0.182681
19.4081 0.182721
19.4113 0.182756
19.4145 0.182787
19.4176 0.182813
19.4208 0.182837
19.4239 0.182732
19.4271 0.182765
19.4302 0.182795
19.4334 0.18282
19.4365 0.182843
19.4397 0.182863
19.4428 0.182755
19.446 0.18266
19.4491 0.182703
19.4523 0.18274
19.4554 0.182772
19.4586 0.182801
19.4617 0.182826
19.4649 0.182723
19.468 0.182757
19.4712 0.182788
19.4743 0.182814
19.4775 0.182837
19.4806 0.182858
19.4838 0.182875
19.4869 0.182766
19.4901 0.182795
19.4933 0.182821
19.4964 0.182843
19.4996 0.182863
19.5027 0.18288
19.5059 0.18277
19.509 0.182799
19.5122 0.182824
19.5153 0.182846
19.5185 0.182865
19.5216 0.182882
19.5248 0.182897
19.5279 0.182785
19.5311 0.182812
19.5342 0.182835
19.5374 0.182856
19.5405 0.182874
19.5437 0.18289
19.5468 0.182778
19.55 0.182681
19.5531 0.182721
19.5563 0.182756
19.5594 0.182786
19.5626 0.182813
19.5657 0.182836
19.5689 0.182732
19.5721 0.182765
19.5752 0.182795
19.5784 0.18282
19.5815 0.182843
19.5847 0.182862
19.5878 0.18288
19.591 0.18277
19.5941 0.182798
19.5973 0.182824
19.6004 0.182846
19.6036 0.182865
19.6067 0.182882
19.6099 0.182772
19.613 0.1828
19.6162 0.182825
19.6193 0.182847
19.6225 0.182866
19.6256 0.182883
19.6288 0.182898
19.6319 0.182785
19.6351 0.182812
19.6382 0.182836
19.6414 0.182856
19.6445 0.182874
19.6477 0.18289
19.6509 0.182779
19.654 0.182806
19.6572 0.182831
19.6603 0.182852
19.6635 0.18287
19.6666 0.182886
19.6698 0.182901
19.6729 0.182788
19.6761 0.182815
19.6792 0.182838
19.6824 0.182858
19.6855 0.182876
19.6887 0.182891
19.6918 0.18278
19.695 0.182682
19.6981 0.182722
19.7013 0.182757
19.7044 0.182787
19.7076 0.182814
19.7107 0.182837
19.7139 0.182732
19.717 0.182766
19.7202 0.182795
19.7233 0.182821
19.7265 0.182843
19.7297 0.182863
19.7328 0.18288
19.736 0.18277
19.7391 0.182799
19.7423 0.182824
19.7454 0.182846
19.7486 0.182865
19.7517 0.182882
19.7549 0.182772
19.758 0.1828
19.7612 0.182825
19.7643 0.182847
19.7675 0.182866
19.7706 0.182883
19.7738 0.182898
19.7769 0.182785
19.7801 0.182812
19.7832 0.182836
19.7864 0.182856
19.7895 0.182874
19.7927 0.18289
19.7958 0.182779
19.799 0.182681
19.8021 0.182721
19.8053 0.182756
19.8085 0.182787
19.8116 0.182813
19.8148 0.182837
19.8179 0.183232
19.8211 0.183578
19.8242 0.183881
19.8274 0.184146
19.8305 0.184377
19.8337 0.18458
19.8368 0.184758
19.84 0.184788
19.8431 0.18494
19.8463 0.185072
19.8494 0.185188
19.8526 0.18529
19.8557 0.185378
19.8589 0.185456
19.862 0.185524
19.8652 0.185584
19.8683 0.185636
19.8715 0.185681
19.8746 0.185721
19.8778 0.185756
19.8809 0.185786
19.8841 0.185813
19.8873 0.185836
19.8904 0.185857
19.8936 0.185875
19.8967 0.18589
19.8999 0.185904
19.903 0.185916
19.9062 0.185927
19.9093 0.185936
19.9125 0.185944
19.9156 0.185951
19.9188 0.185957
19.9219 0.185962
19.9251 0.185967
19.9282 0.185971
19.9314 0.185975
19.9345 0.185978
19.9377 0.185981
19.9408 0.185983
19.944 0.18586
19.9471 0.185878
19.9503 0.185893
19.9534 0.185906
19.9566 0.185918
19.9597 0.185928
19.9629 0.185937
19.9661 0.185945
19.9692 0.185952
19.9724 0.185958
19.9755 0.185963
19.9787 0.185968
19.9818 0.185972
19.985 0.185975
19.9881 0.185978
19.9913 0.185981
19.9944 0.185983
19.9976 0.185986
20.0007 0.185987
20.0039 0.185989
20.007 0.18599
20.0102 0.185992
20.0133 0.185993
20.0165 0.185994
20.0196 0.185994
20.0228 0.185995
20.0259 0.185996
20.0291 0.185996
20.0322 0.185997
20.0354 0.185997
20.0385 0.185997
20.0417 0.185998
20.0449 0.185998
20.048 0.185998
20.0512 0.185999
20.0543 0.185999
20.0575 0.185999
20.0606 0.185999
20.0638 0.185999
20.0669 0.185999
20.0701 0.185999
20.0732 0.185999
20.0764 0.185999
20.0795 0.186
20.0827 0.186
20.0858 0.186
20.089 0.185875
20.0921 0.18589
20.0953 0.185904
20.0984 0.185916
