0.0 0
0.0905768 4294967295
0.18279 4294967295
0.276537 4294967295
0.370283 4294967295
0.462454 4294967295
0.465606 4294967295
0.5562 4294967295
0.559352 4294967295
0.562504 4294967295
0.649946 4294967295
0.653098 4294967295
0.65625 4294967295
0.659402 4294967295
0.742117 4294967295
0.745269 4294967295
0.748421 4294967295
0.751573 4294967295
0.754725 4294967295
0.757877 4294967295
0.834287 4294967295
0.837439 4294967295
0.840591 4294967295
0.843743 4294967295
0.846895 4294967295
0.850047 4294967295
0.853199 4294967295
0.856351 4294967295
0.859503 4294967295
0.926458 4294967295
0.92961 4294967295
0.932762 4294967295
0.935914 4294967295
0.939066 4294967295
0.942218 4294967295
0.94537 4294967295
0.948522 4294967295
0.951674 4294967295
0.954826 4294967295
0.957978 4294967295
0.96113 4294967295
0.964282 4294967295
0.967434 4294967295
1.0202 4294967295
1.02336 4294967295
1.02651 4294967295
1.02966 4294967295
1.03281 4294967295
1.03596 4294967295
1.03912 4294967295
1.04227 4294967295
1.04542 4294967295
1.04857 4294967295
1.05172 4294967295
1.05488 4294967295
1.05803 4294967295
1.06118 4294967295
1.06433 4294967295
1.06748 4294967295
1.07064 4294967295
1.07379 4294967295
1.07694 4294967295
1.08009 4294967295
1.08324 4294967295
1.11395 4294967295
1.1171 4294967295
1.12025 4294967295
1.12341 4294967295
1.12656 4294967295
1.12971 4294967295
1.13286 4294967295
1.13601 4294967295
1.13917 4294967295
1.14232 4294967295
1.14547 4294967295
1.14862 4294967295
1.15177 4294967295
1.15493 4294967295
1.15808 4294967295
1.16123 4294967295
1.16438 4294967295
1.16753 4294967295
1.17069 4294967295
1.17384 4294967295
1.17699 4294967295
1.18014 4294967295
1.18329 4294967295
1.18645 4294967295
1.1896 4294967295
1.19275 4294967295
1.1959 4294967295
1.19905 4294967295
1.20221 4294967295
1.20536 4294967295
1.20851 4294967295
1.21166 4294967295
1.21481 4294967295
1.21797 4294967295
1.22112 4294967295
1.22427 4294967295
1.22742 4294967295
1.23057 4294967295
1.23373 4294967295
1.23688 4294967295
1.24003 4294967295
1.24318 4294967295
1.24633 4294967295
1.24949 4294967295
1.25264 4294967295
1.25579 4294967295
1.25894 4294967295
1.26209 4294967295
1.26525 4294967295
1.2684 4294967295
1.27155 4294967295
1.2747 4294967295
1.27785 4294967295
1.28101 4294967295
1.28416 4294967295
1.28731 4294967295
1.29046 4294967295
1.29361 4294967295
1.29677 4294967295
1.29992 4294967295
1.30307 4294967295
1.30622 4294967295
1.30937 4294967295
1.31253 4294967295
1.31568 4294967295
1.31883 4294967295
1.32198 4294967295
1.32513 4294967295
1.32829 4294967295
1.33144 4294967295
1.33459 4294967295
1.33774 4294967295
1.34089 4294967295
1.34405 4294967295
1.3472 4294967295
1.35035 4294967295
1.3535 4294967295
1.35665 4294967295
1.35981 4294967295
1.36296 4294967295
1.36611 4294967295
1.36926 4294967295
1.37241 4294967295
1.37557 4294967295
1.37872 4294967295
1.38187 4294967295
1.38502 4294967295
1.38817 4294967295
1.39133 4294967295
1.39448 4294967295
1.39763 4294967295
1.40078 4294967295
1.40393 4294967295
1.40709 4294967295
1.41024 4294967295
1.41339 4294967295
1.41654 4294967295
1.41969 4294967295
1.42285 4294967295
1.426 4294967295
1.42915 4294967295
1.4323 4294967295
1.43545 4294967295
1.43861 4294967295
1.44176 4294967295
1.44491 4294967295
1.44806 4294967295
1.45121 4294967295
1.45437 4294967295
1.45752 4294967295
1.46067 4294967295
1.46382 4294967295
1.46697 4294967295
1.47013 4294967295
1.47328 4294967295
1.47643 4294967295
1.47958 4294967295
1.48273 4294967295
1.48589 4294967295
1.48904 4294967295
1.49219 4294967295
1.49534 4294967295
1.49849 4294967295
1.50165 4294967295
1.5048 4294967295
1.50795 4294967295
1.5111 4294967295
1.51425 4294967295
1.51741 4294967295
1.52056 4294967295
1.52371 4294967295
1.52686 4294967295
1.53001 4294967295
1.53317 4294967295
1.53632 4294967295
1.53947 4294967295
1.54262 4294967295
1.54577 4294967295
1.54893 4294967295
1.55208 4294967295
1.55523 4294967295
1.55838 4294967295
1.56153 4294967295
1.56469 4294967295
1.56784 4294967295
1.57099 4294967295
1.57414 4294967295
1.57729 4294967295
1.58045 4294967295
1.5836 4294967295
1.58675 4294967295
1.5899 4294967295
1.59305 4294967295
1.59621 4294967295
1.59936 4294967295
1.60251 4294967295
1.60566 4294967295
1.60881 4294967295
1.61197 4294967295
1.61512 4294967295
1.61827 4294967295
1.62142 4294967295
1.62457 4294967295
1.62773 4294967295
1.63088 4294967295
1.63403 4294967295
1.63718 4294967295
1.64033 4294967295
1.64349 4294967295
1.64664 4294967295
1.64979 4294967295
1.65294 4294967295
1.65609 4294967295
1.65925 4294967295
1.6624 4294967295
1.66555 4294967295
1.6687 4294967295
1.67185 4294967295
1.67501 4294967295
1.67816 4294967295
1.68131 4294967295
1.68446 4294967295
1.68761 4294967295
1.69077 4294967295
1.69392 4294967295
1.69707 4294967295
1.70022 4294967295
1.70337 4294967295
1.70653 4294967295
1.70968 4294967295
1.71283 4294967295
1.71598 4294967295
1.71913 4294967295
1.72229 4294967295
1.72544 4294967295
1.72859 4294967295
1.73174 4294967295
1.73489 4294967295
1.73805 4294967295
1.7412 4294967295
1.74435 4294967295
1.7475 4294967295
1.75065 4294967295
1.75381 4294967295
1.75696 4294967295
1.76011 4294967295
1.76326 4294967295
1.76641 4294967295
1.76957 4294967295
1.77272 4294967295
1.77587 4294967295
1.77902 4294967295
1.78217 4294967295
1.78533 4294967295
1.78848 4294967295
1.79163 4294967295
1.79478 4294967295
1.79793 4294967295
1.80109 4294967295
1.80424 4294967295
1.80739 4294967295
1.81054 4294967295
1.81369 4294967295
1.81685 4294967295
1.82 4294967295
1.82315 4294967295
1.8263 4294967295
1.82945 4294967295
1.83261 4294967295
1.83576 4294967295
1.83891 4294967295
1.84206 4294967295
1.84521 4294967295
1.84837 4294967295
1.85152 4294967295
1.85467 4294967295
1.85782 4294967295
1.86097 4294967295
1.86413 4294967295
1.86728 4294967295
1.87043 4294967295
1.87358 4294967295
1.87673 4294967295
1.87989 4294967295
1.88304 4294967295
1.88619 4294967295
1.88934 4294967295
1.89249 4294967295
1.89565 4294967295
1.8988 4294967295
1.90195 4294967295
1.9051 4294967295
1.90825 4294967295
1.91141 4294967295
1.91456 4294967295
1.91456 4294967295
1.91456 54060
1.91771 54060
1.92086 54060
1.92401 54060
1.92717 54060
1.93197 51680
1.93197 51680
2.71363 51680
2.71839 23120
2.71839 23120
2.99569 23120
2.99885 23120
3.002 23120
3.00515 23120
3.0083 23120
3.01145 23120
3.01461 23120
3.01776 23120
3.02091 23120
3.02406 23120
3.02721 23120
3.03037 23120
3.03352 23120
3.03667 23120
3.03982 23120
3.04297 23120
3.04613 23120
3.04928 23120
3.05243 23120
3.05558 23120
3.05873 23120
3.06189 23120
3.06504 23120
3.06819 23120
3.07134 23120
3.07449 23120
3.07765 23120
3.0808 23120
3.08395 23120
3.0871 23120
3.09025 23120
3.09341 23120
3.09656 23120
3.09971 23120
3.10286 23120
3.10601 23120
3.10917 23120
3.11232 23120
3.11547 23120
3.11862 23120
3.12177 23120
3.12493 23120
3.12808 23120
3.13123 23120
3.13438 23120
3.13753 23120
3.14069 23120
3.14384 23120
3.14699 23120
3.15014 23120
3.15329 23120
3.15645 23120
3.1596 23120
3.16275 23120
3.1659 23120
3.16905 23120
3.17221 23120
3.17536 23120
3.17851 23120
3.18166 23120
3.18481 23120
3.18797 23120
3.19112 23120
3.19427 23120
3.19742 23120
3.20057 23120
3.20373 23120
3.20688 23120
3.21003 23120
3.21318 23120
3.21633 23120
3.21949 23120
3.22264 23120
3.22579 23120
3.22894 23120
3.23209 23120
3.23525 23120
3.2384 23120
3.24155 23120
3.2447 23120
3.24785 23120
3.25101 23120
3.25416 23120
3.25731 23120
3.26046 23120
3.26361 23120
3.26677 23120
3.26992 23120
3.27307 23120
3.27622 23120
3.27937 23120
3.28252 23120
3.28568 23120
3.28883 23120
3.29198 23120
3.29513 23120
3.29828 23120
3.30144 23120
3.30459 23120
3.30774 23120
3.31089 23120
3.31404 23120
3.3172 23120
3.32035 23120
3.3235 23120
3.32665 23120
3.3298 23120
3.33296 23120
3.33611 23120
3.33926 23120
3.34241 23120
3.34556 23120
3.34872 23120
3.35187 23120
3.35502 23120
3.35817 23120
3.36132 23120
3.36448 23120
3.36763 23120
3.37078 23120
3.37393 23120
3.37708 23120
3.38024 23120
3.38339 23120
3.38654 23120
3.38969 23120
3.39284 23120
3.396 23120
3.39915 23120
3.4023 23120
3.40545 23120
3.4086 23120
3.41176 23120
3.41491 23120
3.41806 23120
3.42121 23120
3.42436 23120
3.42752 23120
3.43067 23120
3.43382 23120
3.43697 23120
3.44012 23120
3.44328 23120
3.44643 23120
3.44958 23120
3.45273 23120
3.45588 23120
3.45904 23120
3.46219 23120
3.46534 23120
3.46849 23120
3.47164 23120
3.4748 23120
3.47795 23120
3.4811 23120
3.48425 23120
3.4874 23120
3.49056 23120
3.49371 23120
3.49686 23120
3.50001 23120
3.50316 23120
3.50632 23120
3.50947 23120
3.51262 23120
3.51577 23120
3.51892 23120
3.52208 23120
3.52523 23120
3.52838 23120
3.53153 23120
3.53468 23120
3.53784 23120
3.54099 23120
3.54414 23120
3.54729 23120
3.55044 23120
3.5536 23120
3.55675 23120
3.5599 23120
3.56305 23120
3.5662 23120
3.56936 23120
3.57251 23120
3.57566 23120
3.57881 23120
3.58196 23120
3.58512 23120
3.58827 23120
3.59142 23120
3.59457 23120
3.59772 23120
3.60088 23120
3.60403 23120
3.60718 23120
3.61033 23120
3.61348 23120
3.61664 23120
3.61979 23120
3.62294 23120
3.62609 23120
3.62924 23120
3.6324 23120
3.63555 23120
3.6387 23120
3.64185 23120
3.645 23120
3.64816 23120
3.65131 23120
3.65446 23120
3.65761 23120
3.66076 23120
3.66392 23120
3.66707 23120
3.67022 23120
3.67337 23120
3.67652 23120
3.67968 23120
3.68283 23120
3.68598 23120
3.68913 23120
3.69228 23120
3.69544 23120
3.69859 23120
3.70174 23120
3.70489 23120
3.70804 23120
3.7112 23120
3.71435 23120
3.7175 23120
3.72065 23120
3.7238 23120
3.72696 23120
3.73011 23120
3.73326 23120
3.73641 23120
3.73956 23120
3.74272 23120
3.74587 23120
3.74902 23120
3.75217 23120
3.75532 23120
3.75848 23120
3.76163 23120
3.76478 23120
3.76793 23120
3.77108 23120
3.77424 23120
3.77739 23120
3.78054 23120
3.78369 23120
3.78684 23120
3.79 23120
3.79315 23120
3.7963 23120
3.79945 23120
3.8026 23120
3.80576 23120
3.80891 23120
3.81206 23120
3.81521 23120
3.81836 23120
3.82152 23120
3.82467 23120
3.82782 23120
3.83097 23120
3.83412 23120
3.83728 23120
3.84043 23120
3.84358 23120
3.84673 23120
3.84988 23120
3.85304 23120
3.85619 23120
3.85934 23120
3.86249 23120
3.86564 23120
3.8688 23120
3.87195 23120
3.8751 23120
3.87825 23120
3.8814 23120
3.88456 23120
3.88771 23120
3.89086 23120
3.89401 23120
3.89716 23120
3.90032 23120
3.90347 23120
3.90662 23120
3.90977 23120
3.91292 23120
3.91608 23120
3.91923 23120
3.92238 23120
3.92553 23120
3.92868 23120
3.93184 23120
3.93499 23120
3.93814 23120
3.94129 23120
3.94444 23120
3.9476 23120
3.95075 23120
3.9539 23120
3.95705 23120
3.9602 23120
3.96336 23120
3.96651 23120
3.96966 23120
3.97281 23120
3.97596 23120
3.97912 23120
3.98227 23120
3.98542 23120
3.98857 23120
3.99172 23120
3.99488 23120
3.99803 23120
4.00118 23120
4.00433 23120
4.00748 23120
4.01064 23120
4.01379 23120
4.01694 23120
4.02009 23120
4.02324 23120
4.0264 23120
4.02955 23120
4.0327 23120
4.03585 23120
4.039 23120
4.04216 23120
4.04531 23120
4.04846 23120
4.05161 23120
4.05476 23120
4.05792 23120
4.06107 23120
4.06422 23120
4.06737 23120
4.07052 23120
4.07368 23120
4.07683 23120
4.07998 23120
4.08313 23120
4.08628 23120
4.08944 23120
4.09259 23120
4.09574 23120
4.09889 23120
4.10204 23120
4.1052 23120
4.10835 23120
4.1115 23120
4.11465 23120
4.1178 23120
4.12096 23120
4.12411 23120
4.12726 23120
4.13041 23120
4.13356 23120
4.13672 23120
4.13987 23120
4.14302 23120
4.14617 23120
4.14932 23120
4.15248 23120
4.15563 23120
4.15878 23120
4.16193 23120
4.16508 23120
4.16824 23120
4.17139 23120
4.17454 23120
4.17769 23120
4.18084 23120
4.184 23120
4.18715 23120
4.1903 23120
4.19345 23120
4.1966 23120
4.19976 23120
4.20291 23120
4.20606 23120
4.20921 23120
4.21236 23120
4.21552 23120
4.21867 23120
4.22182 23120
4.22497 23120
4.22812 23120
4.23128 23120
4.23443 23120
4.23758 23120
4.24073 23120
4.24388 23120
4.24704 23120
4.25019 23120
4.25334 23120
4.25649 23120
4.25964 23120
4.2628 23120
4.26595 23120
4.2691 23120
4.27225 23120
4.2754 23120
4.27856 23120
4.28171 23120
4.28486 23120
4.28801 23120
4.29116 23120
4.29432 23120
4.29747 23120
4.30062 23120
4.30377 23120
4.30692 23120
4.31008 23120
4.31323 23120
4.31638 23120
4.31953 23120
4.32268 23120
4.32584 23120
4.32899 23120
4.33214 23120
4.33529 23120
4.33844 23120
4.3416 23120
4.34475 23120
4.3479 23120
4.35105 23120
4.3542 23120
4.35736 23120
4.36051 23120
4.36366 23120
4.36681 23120
4.36996 23120
4.37312 23120
4.37627 23120
4.37942 23120
4.38257 23120
4.38572 23120
4.38888 23120
4.39203 23120
4.39518 23120
4.39833 23120
4.40148 23120
4.40464 23120
4.40779 23120
4.41094 23120
4.41409 23120
4.41724 23120
4.4204 23120
4.42355 23120
4.4267 23120
4.42985 23120
4.433 23120
4.43616 23120
4.43931 23120
4.44246 23120
4.44561 23120
4.44876 23120
4.45192 23120
4.45507 23120
4.45822 23120
4.46137 23120
4.46452 23120
4.46768 23120
4.47083 23120
4.47398 23120
4.47713 23120
4.48028 23120
4.48344 23120
4.48659 23120
4.48974 23120
4.49289 23120
4.49604 23120
4.4992 23120
4.50235 23120
4.5055 23120
4.50865 23120
4.5118 23120
4.51496 23120
4.51811 23120
4.52126 23120
4.52441 23120
4.52756 23120
4.53072 23120
4.53387 23120
4.53702 23120
4.54017 23120
4.54332 23120
4.54648 23120
4.54963 23120
4.55278 23120
4.55593 23120
4.55908 23120
4.56224 23120
4.56539 23120
4.56854 23120
4.57169 23120
4.57484 23120
4.578 23120
4.58115 23120
4.5843 23120
4.58745 23120
4.5906 23120
4.59376 23120
4.59691 23120
4.60006 23120
4.60321 23120
4.60636 23120
4.60952 23120
4.61267 23120
4.61582 23120
4.61897 23120
4.62212 23120
4.62528 23120
4.62843 23120
4.63158 23120
4.63473 23120
4.63788 23120
4.64104 23120
4.64419 23120
4.64734 23120
4.65049 23120
4.65364 23120
4.6568 23120
4.65995 23120
4.6631 23120
4.66625 23120
4.6694 23120
4.67256 23120
4.67571 23120
4.67886 23120
4.68201 23120
4.68516 23120
4.68832 23120
4.69147 23120
4.69462 23120
4.69777 23120
4.70092 23120
4.70408 23120
4.70723 23120
4.71038 23120
4.71353 23120
4.71668 23120
4.71984 23120
4.72299 23120
4.72614 23120
4.72929 23120
4.73244 23120
4.7356 23120
4.73875 23120
4.7419 23120
4.74505 23120
4.7482 23120
4.75136 23120
4.75451 23120
4.75766 23120
4.76081 23120
4.76396 23120
4.76712 23120
4.77027 23120
4.77342 23120
4.77657 23120
4.77972 23120
4.78288 23120
4.78603 23120
4.78918 23120
4.79233 23120
4.79548 23120
4.79864 23120
4.80179 23120
4.80494 23120
4.80809 23120
4.81124 23120
4.8144 23120
4.81755 23120
4.8207 23120
4.82385 23120
4.827 23120
4.83016 23120
4.83331 23120
4.83646 23120
4.83961 23120
4.84276 23120
4.84592 23120
4.84907 23120
4.85222 23120
4.85537 23120
4.85852 23120
4.86168 23120
4.86483 23120
4.86798 23120
4.87113 23120
4.87428 23120
4.87744 23120
4.88059 23120
4.88374 23120
4.88689 23120
4.89004 23120
4.8932 23120
4.89635 23120
4.8995 23120
4.90265 23120
4.9058 23120
4.90896 23120
4.91211 23120
4.91526 23120
4.91841 23120
4.92156 23120
4.92472 23120
4.92787 23120
4.93102 23120
4.93417 23120
4.93732 23120
4.94048 23120
4.94363 23120
4.94678 23120
4.94993 23120
4.95308 23120
4.95624 23120
4.95939 23120
4.96254 23120
4.96569 23120
4.96884 23120
4.972 23120
4.97515 23120
4.9783 23120
4.98145 23120
4.9846 23120
4.98776 23120
4.99091 23120
4.99406 23120
4.99721 23120
5.00036 23120
5.00352 23120
5.00667 23120
5.00982 23120
5.01297 23120
5.01612 23120
5.01928 23120
5.02243 23120
5.02558 23120
5.02873 23120
5.03188 23120
5.03504 23120
5.03819 23120
5.04134 23120
5.04449 23120
5.04764 23120
5.0508 23120
5.05395 23120
5.0571 23120
5.06025 23120
5.0634 23120
5.06656 23120
5.06971 23120
5.07286 23120
5.07601 23120
5.07916 23120
5.08232 23120
5.08547 23120
5.08862 23120
5.09177 23120
5.09492 23120
5.09808 23120
5.10123 23120
5.10438 23120
5.10753 23120
5.11068 23120
5.11384 23120
5.11699 23120
5.12014 23120
5.12329 23120
5.12644 23120
5.1296 23120
5.13275 23120
5.1359 23120
5.13905 23120
5.1422 23120
5.14536 23120
5.14851 23120
5.15166 23120
5.15481 23120
5.15796 23120
5.16112 23120
5.16427 23120
5.16742 23120
5.17057 23120
5.17372 23120
5.17688 23120
5.18003 23120
5.18318 23120
5.18633 23120
5.18948 23120
5.19264 23120
5.19579 23120
5.19894 23120
5.20209 23120
5.20524 23120
5.2084 23120
5.21155 23120
5.2147 23120
5.21785 23120
5.221 23120
5.22416 23120
5.22731 23120
5.23046 23120
5.23361 23120
5.23676 23120
5.23992 23120
5.24307 23120
5.24622 23120
5.24937 23120
5.25252 23120
5.25568 23120
5.25883 23120
5.26198 23120
5.26513 23120
5.26828 23120
5.27144 23120
5.27459 23120
5.27774 23120
5.28089 23120
5.28404 23120
5.2872 23120
5.29035 23120
5.2935 23120
5.29665 23120
5.2998 23120
5.30296 23120
5.30611 23120
5.30926 23120
5.31241 23120
5.31556 23120
5.31872 23120
5.32187 23120
5.32502 23120
5.32817 23120
5.33132 23120
5.33448 23120
5.33763 23120
5.34078 23120
5.34393 23120
5.34708 23120
5.35024 23120
5.35339 23120
5.35654 23120
5.35969 23120
5.36284 23120
5.366 23120
5.36915 23120
5.3723 23120
5.37545 23120
5.3786 23120
5.38176 23120
5.38491 23120
5.38806 23120
5.39121 23120
5.39436 23120
5.39752 23120
5.40067 23120
5.40382 23120
5.40697 23120
5.41012 23120
5.41328 23120
5.41643 23120
5.41958 23120
5.42273 23120
5.42588 23120
5.42904 23120
5.43219 23120
5.43534 23120
5.43849 23120
5.44164 23120
5.4448 23120
5.44795 23120
5.4511 23120
5.45425 23120
5.4574 23120
5.46056 23120
5.46371 23120
5.46686 23120
5.47001 23120
5.47316 23120
5.47632 23120
5.47947 23120
5.48262 23120
5.48577 23120
5.48892 23120
5.49208 23120
5.49523 23120
5.49838 23120
5.50153 23120
5.50468 23120
5.50784 23120
5.51099 23120
5.51414 23120
5.51729 23120
5.52044 23120
5.5236 23120
5.52675 23120
5.5299 23120
5.53305 23120
5.5362 23120
5.53936 23120
5.54251 23120
5.54566 23120
5.54881 23120
5.55196 23120
5.55512 23120
5.55827 23120
5.56142 23120
5.56457 23120
5.56772 23120
5.57088 23120
5.57403 23120
5.57718 23120
5.58033 23120
5.58348 23120
5.58664 23120
5.58979 23120
5.59294 23120
5.59609 23120
5.59924 23120
5.6024 23120
5.60555 23120
5.6087 23120
5.61185 23120
5.615 23120
5.61816 23120
5.62131 23120
5.62446 23120
5.62761 23120
5.63076 23120
5.63392 23120
5.63707 23120
5.64022 23120
5.64337 23120
5.64652 23120
5.64968 23120
5.65283 23120
5.65598 23120
5.65913 23120
5.66228 23120
5.66544 23120
5.66859 23120
5.67174 23120
5.67489 23120
5.67804 23120
5.6812 23120
5.68435 23120
5.6875 23120
5.69065 23120
5.6938 23120
5.69696 23120
5.70011 23120
5.70326 23120
5.70641 23120
5.70956 23120
5.71272 23120
5.71587 23120
5.71902 23120
5.72217 23120
5.72532 23120
5.72848 23120
5.73163 23120
5.73478 23120
5.73793 23120
5.74108 23120
5.74424 23120
5.74739 23120
5.75054 23120
5.75369 23120
5.75684 23120
5.76 23120
5.76315 23120
5.7663 23120
5.76945 23120
5.7726 23120
5.77576 23120
5.77891 23120
5.78206 23120
5.78521 23120
5.78836 23120
5.79152 23120
5.79467 23120
5.79782 23120
5.80097 23120
5.80412 23120
5.80728 23120
5.81043 23120
5.81358 23120
5.81673 23120
5.81988 23120
5.82304 23120
5.82619 23120
5.82934 23120
5.83249 23120
5.83564 23120
5.8388 23120
5.84195 23120
5.8451 23120
5.84825 23120
5.8514 23120
5.85456 23120
5.85771 23120
5.86086 23120
5.86401 23120
5.86716 23120
5.87032 23120
5.87347 23120
5.87662 23120
5.87977 23120
5.88292 23120
5.88608 23120
5.88923 23120
5.89238 23120
5.89553 23120
5.89868 23120
5.90184 23120
5.90499 23120
5.90814 23120
5.91129 23120
5.91444 23120
5.9176 23120
5.92075 23120
5.9239 23120
5.92705 23120
5.9302 23120
5.93336 23120
5.93651 23120
5.93966 23120
5.94281 23120
5.94596 23120
5.94912 23120
5.95227 23120
5.95542 23120
5.95857 23120
5.96172 23120
5.96488 23120
5.96803 23120
5.97118 23120
5.97433 23120
5.97748 23120
5.98064 23120
5.98379 23120
5.98694 23120
5.99009 23120
5.99324 23120
5.9964 23120
5.99955 23120
6.0027 23120
6.00585 23120
6.009 23120
6.01216 23120
6.01531 23120
6.01846 23120
6.02161 23120
6.02476 23120
6.02792 23120
6.03107 23120
6.03422 23120
6.03737 23120
6.04052 23120
6.04368 23120
6.04683 23120
6.04998 23120
6.05313 23120
6.05628 23120
6.05944 23120
6.06259 23120
6.06574 23120
6.06889 23120
6.07204 23120
6.0752 23120
6.07835 23120
6.0815 23120
6.08465 23120
6.0878 23120
6.09096 23120
6.09411 23120
6.09726 23120
6.10041 23120
6.10356 23120
6.10672 23120
6.10987 23120
6.11302 23120
6.11617 23120
6.11932 23120
6.12248 23120
6.12563 23120
6.12878 23120
6.13193 23120
6.13508 23120
6.13824 23120
6.14139 23120
6.14454 23120
6.14769 23120
6.15084 23120
6.154 23120
6.15715 23120
6.1603 23120
6.16345 23120
6.1666 23120
6.16976 23120
6.17291 23120
6.17606 23120
6.17921 23120
6.18236 23120
6.18552 23120
6.18867 23120
6.19182 23120
6.19497 23120
6.19812 23120
6.20128 23120
6.20443 23120
6.20758 23120
6.21073 23120
6.21388 23120
6.21704 23120
6.22019 23120
6.22334 23120
6.22649 23120
6.22964 23120
6.2328 23120
6.23595 23120
6.2391 23120
6.24225 23120
6.2454 23120
6.24856 23120
6.25171 23120
6.25486 23120
6.25801 23120
6.26116 23120
6.26432 23120
6.26747 23120
6.27062 23120
6.27377 23120
6.27692 23120
6.28008 23120
6.28323 23120
6.28638 23120
6.28953 23120
6.29268 23120
6.29584 23120
6.29899 23120
6.30214 23120
6.30529 23120
6.30844 23120
6.3116 23120
6.31475 23120
6.3179 23120
6.32105 23120
6.3242 23120
6.32736 23120
6.33051 23120
6.33366 23120
6.33681 23120
6.33996 23120
6.34312 23120
6.34627 23120
6.34942 23120
6.35257 23120
6.35572 23120
6.35888 23120
6.36203 23120
6.36518 23120
6.36833 23120
6.37148 23120
6.37464 23120
6.37779 23120
6.38094 23120
6.38409 23120
6.38724 23120
6.3904 23120
6.39355 23120
6.3967 23120
6.39985 23120
6.403 23120
6.40616 23120
6.40931 23120
6.41246 23120
6.41561 23120
6.41876 23120
6.42192 23120
6.42507 23120
6.42822 23120
6.43137 23120
6.43452 23120
6.43767 23120
6.44083 23120
6.44398 23120
6.44713 23120
6.45028 23120
6.45343 23120
6.45659 23120
6.45974 23120
6.46289 23120
6.46604 23120
6.46919 23120
6.47235 23120
6.4755 23120
6.47865 23120
6.4818 23120
6.48495 23120
6.48811 23120
6.49126 23120
6.49441 23120
6.49756 23120
6.50071 23120
6.50387 23120
6.50702 23120
6.51017 23120
6.51332 23120
6.51647 23120
6.51963 23120
6.52278 23120
6.52593 23120
6.52908 23120
6.53223 23120
6.53539 23120
6.53854 23120
6.54169 23120
6.54484 23120
6.54799 23120
6.55115 23120
6.5543 23120
6.55745 23120
6.5606 23120
6.56375 23120
6.56691 23120
6.57006 23120
6.57321 23120
6.57636 23120
6.57951 23120
6.58267 23120
6.58582 23120
6.58897 23120
6.59212 23120
6.59527 23120
6.59843 23120
6.60158 23120
6.60473 23120
6.60788 23120
6.61103 23120
6.61419 23120
6.61734 23120
6.62049 23120
6.62364 23120
6.62679 23120
6.62995 23120
6.6331 23120
6.63625 23120
6.6394 23120
6.64255 23120
6.64571 23120
6.64886 23120
6.65201 23120
6.65516 23120
6.65831 23120
6.66147 23120
6.66462 23120
6.66777 23120
6.67092 23120
6.67407 23120
6.67723 23120
6.68038 23120
6.68353 23120
6.68668 23120
6.68983 23120
6.69299 23120
6.69614 23120
6.69929 23120
6.70244 23120
6.70559 23120
6.70875 23120
6.7119 23120
6.71505 23120
6.7182 23120
6.72135 23120
6.72451 23120
6.72766 23120
6.73081 23120
6.73396 23120
6.73711 23120
6.74027 23120
6.74342 23120
6.74657 23120
6.74972 23120
6.75287 23120
6.75603 23120
6.75918 23120
6.76233 23120
6.76548 23120
6.76863 23120
6.77179 23120
6.77494 23120
6.77809 23120
6.78124 23120
6.78439 23120
6.78755 23120
6.7907 23120
6.79385 23120
6.797 23120
6.80015 23120
6.80331 23120
6.80646 23120
6.80961 23120
6.81276 23120
6.81591 23120
6.81907 23120
6.82222 23120
6.82537 23120
6.82852 23120
6.83167 23120
6.83483 23120
6.83798 23120
6.84113 23120
6.84428 23120
6.84743 23120
6.85059 23120
6.85374 23120
6.85689 23120
6.86004 23120
6.86319 23120
6.86635 23120
6.8695 23120
6.87265 23120
6.8758 23120
6.87895 23120
6.88211 23120
6.88526 23120
6.88841 23120
6.89156 23120
6.89471 23120
6.89787 23120
6.90102 23120
6.90417 23120
6.90732 23120
6.91047 23120
6.91363 23120
6.91678 23120
6.91993 23120
6.92308 23120
6.92623 23120
6.92939 23120
6.93254 23120
6.93569 23120
6.93884 23120
6.94199 23120
6.94515 23120
6.9483 23120
6.95145 23120
6.9546 23120
6.95775 23120
6.96091 23120
6.96406 23120
6.96721 23120
6.97036 23120
6.97351 23120
6.97667 23120
6.97982 23120
6.98297 23120
6.98612 23120
6.98927 23120
6.99243 23120
6.99558 23120
6.99873 23120
7.00188 23120
7.00503 23120
7.00819 23120
7.01134 23120
7.01449 23120
7.01764 23120
7.02079 23120
7.02395 23120
7.0271 23120
7.03025 23120
7.0334 23120
7.03655 23120
7.03971 23120
7.04286 23120
7.04601 23120
7.04916 23120
7.05231 23120
7.05547 23120
7.05862 23120
7.06177 23120
7.06492 23120
7.06807 23120
7.07123 23120
7.07438 23120
7.07753 23120
7.08068 23120
7.08383 23120
7.08699 23120
7.09014 23120
7.09329 23120
7.09644 23120
7.09959 23120
7.10275 23120
7.1059 23120
7.10905 23120
7.1122 23120
7.11535 23120
7.11851 23120
7.12166 23120
7.12481 23120
7.12796 23120
7.13111 23120
7.13427 23120
7.13742 23120
7.14057 23120
7.14372 23120
7.14687 23120
7.15003 23120
7.15318 23120
7.15633 23120
7.15948 23120
7.16263 23120
7.16579 23120
7.16894 23120
7.17209 23120
7.17524 23120
7.17839 23120
7.18155 23120
7.1847 23120
7.18785 23120
7.191 23120
7.19415 23120
7.19731 23120
7.20046 23120
7.20361 23120
7.20676 23120
7.20991 23120
7.21307 23120
7.21622 23120
7.21937 23120
7.22252 23120
7.22567 23120
7.22883 23120
7.23198 23120
7.23513 23120
7.23828 23120
7.24143 23120
7.24459 23120
7.24774 23120
7.25089 23120
7.25404 23120
7.25719 23120
7.26035 23120
7.2635 23120
7.26665 23120
7.2698 23120
7.27295 23120
7.27611 23120
7.27926 23120
7.28241 23120
7.28556 23120
7.28871 23120
7.29187 23120
7.29502 23120
7.29817 23120
7.30132 23120
7.30447 23120
7.30763 23120
7.31078 23120
7.31393 23120
7.31708 23120
7.32023 23120
7.32339 23120
7.32654 23120
7.32969 23120
7.33284 23120
7.33599 23120
7.33915 23120
7.3423 23120
7.34545 23120
7.3486 23120
7.35175 23120
7.35491 23120
7.35806 23120
7.36121 23120
7.36436 23120
7.36751 23120
7.37067 23120
7.37382 23120
7.37697 23120
7.38012 23120
7.38327 23120
7.38643 23120
7.38958 23120
7.39273 23120
7.39588 23120
7.39903 23120
7.40219 23120
7.40534 23120
7.40849 23120
7.41164 23120
7.41479 23120
7.41795 23120
7.4211 23120
7.42425 23120
7.4274 23120
7.43055 23120
7.43371 23120
7.43686 23120
7.44001 23120
7.44316 23120
7.44631 23120
7.44947 23120
7.45262 23120
7.45577 23120
7.45892 23120
7.46207 23120
7.46523 23120
7.46838 23120
7.47153 23120
7.47468 23120
7.47783 23120
7.48099 23120
7.48414 23120
7.48729 23120
7.49044 23120
7.49359 23120
7.49675 23120
7.4999 23120
7.50305 23120
7.5062 23120
7.50935 23120
7.51251 23120
7.51566 23120
7.51881 23120
7.52196 23120
7.52511 23120
7.52827 23120
7.53142 23120
7.53457 23120
7.53772 23120
7.54087 23120
7.54403 23120
7.54718 23120
7.55033 23120
7.55348 23120
7.55663 23120
7.55979 23120
7.56294 23120
7.56609 23120
7.56924 23120
7.57239 23120
7.57555 23120
7.5787 23120
7.58185 23120
7.585 23120
7.58815 23120
7.59131 23120
7.59446 23120
7.59761 23120
7.60076 23120
7.60391 23120
7.60707 23120
7.61022 23120
7.61337 23120
7.61652 23120
7.61967 23120
7.62283 23120
7.62598 23120
7.62913 23120
7.63228 23120
7.63543 23120
7.63859 23120
7.64174 23120
7.64489 23120
7.64804 23120
7.65119 23120
7.65435 23120
7.6575 23120
7.66065 23120
7.6638 23120
7.66695 23120
7.67011 23120
7.67326 23120
7.67641 23120
7.67956 23120
7.68271 23120
7.68587 23120
7.68902 23120
7.69217 23120
7.69532 23120
7.69847 23120
7.70163 23120
7.70478 23120
7.70793 23120
7.71108 23120
7.71423 23120
7.71739 23120
7.72054 23120
7.72369 23120
7.72684 23120
7.72999 23120
7.73315 23120
7.7363 23120
7.73945 23120
7.7426 23120
7.74575 23120
7.74891 23120
7.75206 23120
7.75521 23120
7.75836 23120
7.76151 23120
7.76467 23120
7.76782 23120
7.77097 23120
7.77412 23120
7.77727 23120
7.78043 23120
7.78358 23120
7.78673 23120
7.78988 23120
7.79303 23120
7.79619 23120
7.79934 23120
7.80249 23120
7.80564 23120
7.80879 23120
7.81195 23120
7.8151 23120
7.81825 23120
7.8214 23120
7.82455 23120
7.82771 23120
7.83086 23120
7.83401 23120
7.83716 23120
7.84031 23120
7.84347 23120
7.84662 23120
7.84977 23120
7.85292 23120
7.85607 23120
7.85923 23120
7.86238 23120
7.86553 23120
7.86868 23120
7.87183 23120
7.87499 23120
7.87814 23120
7.88129 23120
7.88444 23120
7.88759 23120
7.89075 23120
7.8939 23120
7.89705 23120
7.9002 23120
7.90335 23120
7.90651 23120
7.90966 23120
7.91281 23120
7.91596 23120
7.91911 23120
7.92227 23120
7.92542 23120
7.92857 23120
7.93172 23120
7.93487 23120
7.93803 23120
7.94118 23120
7.94433 23120
7.94748 23120
7.95063 23120
7.95379 23120
7.95694 23120
7.96009 23120
7.96324 23120
7.96639 23120
7.96955 23120
7.9727 23120
7.97585 23120
7.979 23120
7.98215 23120
7.98531 23120
7.98846 23120
7.99161 23120
7.99476 23120
7.99791 23120
8.00107 23120
8.00422 23120
8.00737 23120
8.01052 23120
8.01367 23120
8.01683 23120
8.01998 23120
8.02313 23120
8.02628 23120
8.02943 23120
8.03259 23120
8.03574 23120
8.03889 23120
8.04204 23120
8.04519 23120
8.04835 23120
8.0515 23120
8.05465 23120
8.0578 23120
8.06095 23120
8.06411 23120
8.06726 23120
8.07041 23120
8.07356 23120
8.07671 23120
8.07987 23120
8.08302 23120
8.08617 23120
8.08932 23120
8.09247 23120
8.09563 23120
8.09878 23120
8.10193 23120
8.10508 23120
8.10823 23120
8.11139 23120
8.11454 23120
8.11769 23120
8.12084 23120
8.12399 23120
8.12715 23120
8.1303 23120
8.13345 23120
8.1366 23120
8.13975 23120
8.14291 23120
8.14606 23120
8.14921 23120
8.15236 23120
8.15551 23120
8.15867 23120
8.16182 23120
8.16497 23120
8.16812 23120
8.17127 23120
8.17443 23120
8.17758 23120
8.18073 23120
8.18388 23120
8.18703 23120
8.19019 23120
8.19334 23120
8.19649 23120
8.19964 23120
8.20279 23120
8.20595 23120
8.2091 23120
8.21225 23120
8.2154 23120
8.21855 23120
8.22171 23120
8.22486 23120
8.22801 23120
8.23116 23120
8.23431 23120
8.23747 23120
8.24062 23120
8.24377 23120
8.24692 23120
8.25007 23120
8.25323 23120
8.25638 23120
8.25953 23120
8.26268 23120
8.26583 23120
8.26899 23120
8.27214 23120
8.27529 23120
8.27844 23120
8.28159 23120
8.28475 23120
8.2879 23120
8.29105 23120
8.2942 23120
8.29735 23120
8.30051 23120
8.30366 23120
8.30681 23120
8.30996 23120
8.31311 23120
8.31627 23120
8.31942 23120
8.32257 23120
8.32572 23120
8.32887 23120
8.33203 23120
8.33518 23120
8.33833 23120
8.34148 23120
8.34463 23120
8.34779 23120
8.35094 23120
8.35409 23120
8.35724 23120
8.36039 23120
8.36355 23120
8.3667 23120
8.36985 23120
8.373 23120
8.37615 23120
8.37931 23120
8.38246 23120
8.38561 23120
8.38876 23120
8.39191 23120
8.39507 23120
8.39822 23120
8.40137 23120
8.40452 23120
8.40767 23120
8.41083 23120
8.41398 23120
8.41713 23120
8.42028 23120
8.42343 23120
8.42659 23120
8.42974 23120
8.43289 23120
8.43604 23120
8.43919 23120
8.44235 23120
8.4455 23120
8.44865 23120
8.4518 23120
8.45495 23120
8.45811 23120
8.46126 23120
8.46441 23120
8.46756 23120
8.47071 23120
8.47387 23120
8.47702 23120
8.48017 23120
8.48332 23120
8.48647 23120
8.48963 23120
8.49278 23120
8.49593 23120
8.49908 23120
8.50223 23120
8.50539 23120
8.50854 23120
8.51169 23120
8.51484 23120
8.51799 23120
8.52115 23120
8.5243 23120
8.52745 23120
8.5306 23120
8.53375 23120
8.53691 23120
8.54006 23120
8.54321 23120
8.54636 23120
8.54951 23120
8.55267 23120
8.55582 23120
8.55897 23120
8.56212 23120
8.56527 23120
8.56843 23120
8.57158 23120
8.57473 23120
8.57788 23120
8.58103 23120
8.58419 23120
8.58734 23120
8.59049 23120
8.59364 23120
8.59679 23120
8.59995 23120
8.6031 23120
8.60625 23120
8.6094 23120
8.61255 23120
8.61571 23120
8.61886 23120
8.62201 23120
8.62516 23120
8.62831 23120
8.63147 23120
8.63462 23120
8.63777 23120
8.64092 23120
8.64407 23120
8.64723 23120
8.65038 23120
8.65353 23120
8.65668 23120
8.65983 23120
8.66299 23120
8.66614 23120
8.66929 23120
8.67244 23120
8.67559 23120
8.67875 23120
8.6819 23120
8.68505 23120
8.6882 23120
8.69135 23120
8.69451 23120
8.69766 23120
8.70081 23120
8.70396 23120
8.70711 23120
8.71027 23120
8.71342 23120
8.71657 23120
8.71972 23120
8.72287 23120
8.72603 23120
8.72918 23120
8.73233 23120
8.73548 23120
8.73863 23120
8.74179 23120
8.74494 23120
8.74809 23120
8.75124 23120
8.75439 23120
8.75755 23120
8.7607 23120
8.76385 23120
8.767 23120
8.77015 23120
8.77331 23120
8.77646 23120
8.77961 23120
8.78276 23120
8.78591 23120
8.78907 23120
8.79222 23120
8.79537 23120
8.79852 23120
8.80167 23120
8.80483 23120
8.80798 23120
8.81113 23120
8.81428 23120
8.81743 23120
8.82059 23120
8.82374 23120
8.82689 23120
8.83004 23120
8.83319 23120
8.83635 23120
8.8395 23120
8.84265 23120
8.8458 23120
8.84895 23120
8.85211 23120
8.85526 23120
8.85841 23120
8.86156 23120
8.86471 23120
8.86787 23120
8.87102 23120
8.87417 23120
8.87732 23120
8.88047 23120
8.88363 23120
8.88678 23120
8.88993 23120
8.89308 23120
8.89623 23120
8.89939 23120
8.90254 23120
8.90569 23120
8.90884 23120
8.91199 23120
8.91515 23120
8.9183 23120
8.92145 23120
8.9246 23120
8.92775 23120
8.93091 23120
8.93406 23120
8.93721 23120
8.94036 23120
8.94351 23120
8.94667 23120
8.94982 23120
8.95297 23120
8.95612 23120
8.95927 23120
8.96243 23120
8.96558 23120
8.96873 23120
8.97188 23120
8.97503 23120
8.97819 23120
8.98134 23120
8.98449 23120
8.98764 23120
8.99079 23120
8.99395 23120
8.9971 23120
9.00025 23120
9.0034 23120
9.00655 23120
9.00971 23120
9.01286 23120
9.01601 23120
9.01916 23120
9.02231 23120
9.02547 23120
9.02862 23120
9.03177 23120
9.03492 23120
9.03807 23120
9.04123 23120
9.04438 23120
9.04753 23120
9.05068 23120
9.05383 23120
9.05699 23120
9.06014 23120
9.06329 23120
9.06644 23120
9.06959 23120
9.07275 23120
9.0759 23120
9.07905 23120
9.0822 23120
9.08535 23120
9.08851 23120
9.09166 23120
9.09481 23120
9.09796 23120
9.10111 23120
9.10427 23120
9.10742 23120
9.11057 23120
9.11372 23120
9.11687 23120
9.12003 23120
9.12318 23120
9.12633 23120
9.12948 23120
9.13263 23120
9.13579 23120
9.13894 23120
9.14209 23120
9.14524 23120
9.14839 23120
9.15155 23120
9.1547 23120
9.15785 23120
9.161 23120
9.16415 23120
9.16731 23120
9.17046 23120
9.17361 23120
9.17676 23120
9.17991 23120
9.18307 23120
9.18622 23120
9.18937 23120
9.19252 23120
9.19567 23120
9.19883 23120
9.20198 23120
9.20513 23120
9.20828 23120
9.21143 23120
9.21459 23120
9.21774 23120
9.22089 23120
9.22404 23120
9.22719 23120
9.23035 23120
9.2335 23120
9.23665 23120
9.2398 23120
9.24295 23120
9.24611 23120
9.24926 23120
9.25241 23120
9.25556 23120
9.25871 23120
9.26187 23120
9.26502 23120
9.26817 23120
9.27132 23120
9.27447 23120
9.27763 23120
9.28078 23120
9.28393 23120
9.28708 23120
9.29023 23120
9.29339 23120
9.29654 23120
9.29969 23120
9.30284 23120
9.30599 23120
9.30915 23120
9.3123 23120
9.31545 23120
9.3186 23120
9.32175 23120
9.32491 23120
9.32806 23120
9.33121 23120
9.33436 23120
9.33751 23120
9.34067 23120
9.34382 23120
9.34697 23120
9.35012 23120
9.35327 23120
9.35643 23120
9.35958 23120
9.36273 23120
9.36588 23120
9.36903 23120
9.37219 23120
9.37534 23120
9.37849 23120
9.38164 23120
9.38479 23120
9.38795 23120
9.3911 23120
9.39425 23120
9.3974 23120
9.40055 23120
9.40371 23120
9.40686 23120
9.41001 23120
9.41316 23120
9.41631 23120
9.41947 23120
9.42262 23120
9.42577 23120
9.42892 23120
9.43207 23120
9.43523 23120
9.43838 23120
9.44153 23120
9.44468 23120
9.44783 23120
9.45099 23120
9.45414 23120
9.45729 23120
9.46044 23120
9.46359 23120
9.46675 23120
9.4699 23120
9.47305 23120
9.4762 23120
9.47935 23120
9.48251 23120
9.48566 23120
9.48881 23120
9.49196 23120
9.49511 23120
9.49827 23120
9.50142 23120
9.50457 23120
9.50772 23120
9.51087 23120
9.51403 23120
9.51718 23120
9.52033 23120
9.52348 23120
9.52663 23120
9.52979 23120
9.53294 23120
9.53609 23120
9.53924 23120
9.54239 23120
9.54555 23120
9.5487 23120
9.55185 23120
9.555 23120
9.55815 23120
9.56131 23120
9.56446 23120
9.56761 23120
9.57076 23120
9.57391 23120
9.57706 23120
9.58022 23120
9.58337 23120
9.58652 23120
9.58967 23120
9.59282 23120
9.59598 23120
9.59913 23120
9.60228 23120
9.60543 23120
9.60858 23120
9.61174 23120
9.61489 23120
9.61804 23120
9.62119 23120
9.62434 23120
9.6275 23120
9.63065 23120
9.6338 23120
9.63695 23120
9.6401 23120
9.64326 23120
9.64641 23120
9.64956 23120
9.65271 23120
9.65586 23120
9.65902 23120
9.66217 23120
9.66532 23120
9.66847 23120
9.67162 23120
9.67478 23120
9.67793 23120
9.68108 23120
9.68423 23120
9.68738 23120
9.69054 23120
9.69369 23120
9.69684 23120
9.69999 23120
9.70314 23120
9.7063 23120
9.70945 23120
9.7126 23120
9.71575 23120
9.7189 23120
9.72206 23120
9.72521 23120
9.72836 23120
9.73151 23120
9.73466 23120
9.73782 23120
9.74097 23120
9.74412 23120
9.74727 23120
9.75042 23120
9.75358 23120
9.75673 23120
9.75988 23120
9.76303 23120
9.76618 23120
9.76934 23120
9.77249 23120
9.77564 23120
9.77879 23120
9.78194 23120
9.7851 23120
9.78825 23120
9.7914 23120
9.79455 23120
9.7977 23120
9.80086 23120
9.80401 23120
9.80716 23120
9.81031 23120
9.81346 23120
9.81662 23120
9.81977 23120
9.82292 23120
9.82607 23120
9.82922 23120
9.83238 23120
9.83553 23120
9.83868 23120
9.84183 23120
9.84498 23120
9.84814 23120
9.85129 23120
9.85444 23120
9.85759 23120
9.86074 23120
9.8639 23120
9.86705 23120
9.8702 23120
9.87335 23120
9.8765 23120
9.87966 23120
9.88281 23120
9.88596 23120
9.88911 23120
9.89226 23120
9.89542 23120
9.89857 23120
9.90172 23120
9.90487 23120
9.90802 23120
9.91118 23120
9.91433 23120
9.91748 23120
9.92063 23120
9.92378 23120
9.92694 23120
9.93009 23120
9.93324 23120
9.93639 23120
9.93954 23120
9.9427 23120
9.94585 23120
9.949 23120
9.95215 23120
9.9553 23120
9.95846 23120
9.96161 23120
9.96476 23120
9.96791 23120
9.97106 23120
9.97422 23120
9.97737 23120
9.98052 23120
9.98367 23120
9.98682 23120
9.98998 23120
9.99313 23120
9.99628 23120
9.99943 23120
10.0026 23120
10.0057 23120
10.0089 23120
10.012 23120
10.0152 23120
10.0183 23120
10.0215 23120
10.0246 23120
10.0278 23120
10.031 23120
10.0341 23120
10.0373 23120
10.0404 23120
10.0436 23120
10.0467 23120
10.0499 23120
10.053 23120
10.0562 23120
10.0593 23120
10.0625 23120
10.0656 23120
10.0688 23120
10.0719 23120
10.0751 23120
10.0782 23120
10.0814 23120
10.0845 23120
10.0877 23120
10.0908 23120
10.094 23120
10.0971 23120
10.1003 23120
10.1034 23120
10.1066 23120
10.1098 23120
10.1129 23120
10.1161 23120
10.1192 23120
10.1224 23120
10.1255 23120
10.1287 23120
10.1318 23120
10.135 23120
10.1381 23120
10.1413 23120
10.1444 23120
10.1476 23120
10.1507 23120
10.1539 23120
10.157 23120
10.1602 23120
10.1633 23120
10.1665 23120
10.1696 23120
10.1728 23120
10.1759 23120
10.1791 23120
10.1822 23120
10.1854 23120
10.1886 23120
10.1917 23120
10.1949 23120
10.198 23120
10.2012 23120
10.2043 23120
10.2075 23120
10.2106 23120
10.2138 23120
10.2169 23120
10.2201 23120
10.2232 23120
10.2264 23120
10.2295 23120
10.2327 23120
10.2358 23120
10.239 23120
10.2421 23120
10.2453 23120
10.2484 23120
10.2516 23120
10.2547 23120
10.2579 23120
10.261 23120
10.2642 23120
10.2674 23120
10.2705 23120
10.2737 23120
10.2768 23120
10.28 23120
10.2831 23120
10.2863 23120
10.2894 23120
10.2926 23120
10.2957 23120
10.2989 23120
10.302 23120
10.3052 23120
10.3083 23120
10.3115 23120
10.3146 23120
10.3178 23120
10.3209 23120
10.3241 23120
10.3272 23120
10.3304 23120
10.3335 23120
10.3367 23120
10.3398 23120
10.343 23120
10.3462 23120
10.3493 23120
10.3525 23120
10.3556 23120
10.3588 23120
10.3619 23120
10.3651 23120
10.3682 23120
10.3714 23120
10.3745 23120
10.3777 23120
10.3808 23120
10.384 23120
10.3871 23120
10.3903 23120
10.3934 23120
10.3966 23120
10.3997 23120
10.4029 23120
10.406 23120
10.4092 23120
10.4123 23120
10.4155 23120
10.4186 23120
10.4218 23120
10.425 23120
10.4281 23120
10.4313 23120
10.4344 23120
10.4376 23120
10.4407 23120
10.4439 23120
10.447 23120
10.4502 23120
10.4533 23120
10.4565 23120
10.4596 23120
10.4628 23120
10.4659 23120
10.4691 23120
10.4722 23120
10.4754 23120
10.4785 23120
10.4817 23120
10.4848 23120
10.488 23120
10.4911 23120
10.4943 23120
10.4974 23120
10.5006 23120
10.5038 23120
10.5069 23120
10.5101 23120
10.5132 23120
10.5164 23120
10.5195 23120
10.5227 23120
10.5258 23120
10.529 23120
10.5321 23120
10.5353 23120
10.5384 23120
10.5416 23120
10.5447 23120
10.5479 23120
10.551 23120
10.5542 23120
10.5573 23120
10.5605 23120
10.5636 23120
10.5668 23120
10.5699 23120
10.5731 23120
10.5762 23120
10.5794 23120
10.5826 23120
10.5857 23120
10.5889 23120
10.592 23120
10.5952 23120
10.5983 23120
10.6015 23120
10.6046 23120
10.6078 23120
10.6109 23120
10.6141 23120
10.6172 23120
10.6204 23120
10.6235 23120
10.6267 23120
10.6298 23120
10.633 23120
10.6361 23120
10.6393 23120
10.6424 23120
10.6456 23120
10.6487 23120
10.6519 23120
10.655 23120
10.6582 23120
10.6614 23120
10.6645 23120
10.6677 23120
10.6708 23120
10.674 23120
10.6771 23120
10.6803 23120
10.6834 23120
10.6866 23120
10.6897 23120
10.6929 23120
10.696 23120
10.6992 23120
10.7023 23120
10.7055 23120
10.7086 23120
10.7118 23120
10.7149 23120
10.7181 23120
10.7212 23120
10.7244 23120
10.7275 23120
10.7307 23120
10.7338 23120
10.737 23120
10.7402 23120
10.7433 23120
10.7465 23120
10.7496 23120
10.7528 23120
10.7559 23120
10.7591 23120
10.7622 23120
10.7654 23120
10.7685 23120
10.7717 23120
10.7748 23120
10.778 23120
10.7811 23120
10.7843 23120
10.7874 23120
10.7906 23120
10.7937 23120
10.7969 23120
10.8 23120
10.8032 23120
10.8063 23120
10.8095 23120
10.8126 23120
10.8158 23120
10.819 23120
10.8221 23120
10.8253 23120
10.8284 23120
10.8316 23120
10.8347 23120
10.8379 23120
10.841 23120
10.8442 23120
10.8473 23120
10.8505 23120
10.8536 23120
10.8568 23120
10.8599 23120
10.8631 23120
10.8662 23120
10.8694 23120
10.8725 23120
10.8757 23120
10.8788 23120
10.882 23120
10.8851 23120
10.8883 23120
10.8914 23120
10.8946 23120
10.8978 23120
10.9009 23120
10.9041 23120
10.9072 23120
10.9104 23120
10.9135 23120
10.9167 23120
10.9198 23120
10.923 23120
10.9261 23120
10.9293 23120
10.9324 23120
10.9356 23120
10.9387 23120
10.9419 23120
10.945 23120
10.9482 23120
10.9513 23120
10.9545 23120
10.9576 23120
10.9608 23120
10.9639 23120
10.9671 23120
10.9702 23120
10.9734 23120
10.9766 23120
10.9797 23120
10.9829 23120
10.986 23120
10.9892 23120
10.9923 23120
10.9955 23120
10.9986 23120
11.0018 23120
11.0049 23120
11.0081 23120
11.0112 23120
11.0144 23120
11.0175 23120
11.0207 23120
11.0238 23120
11.027 23120
11.0301 23120
11.0333 23120
11.0364 23120
11.0396 23120
11.0427 23120
11.0459 23120
11.049 23120
11.0522 23120
11.0554 23120
11.0585 23120
11.0617 23120
11.0648 23120
11.068 23120
11.0711 23120
11.0743 23120
11.0774 23120
11.0806 23120
11.0837 23120
11.0869 23120
11.09 23120
11.0932 23120
11.0963 23120
11.0995 23120
11.1026 23120
11.1058 23120
11.1089 23120
11.1121 23120
11.1152 23120
11.1184 23120
11.1215 23120
11.1247 23120
11.1278 23120
11.131 23120
11.1342 23120
11.1373 23120
11.1405 23120
11.1436 23120
11.1468 23120
11.1499 23120
11.1531 23120
11.1562 23120
11.1594 23120
11.1625 23120
11.1657 23120
11.1688 23120
11.172 23120
11.1751 23120
11.1783 23120
11.1814 23120
11.1846 23120
11.1877 23120
11.1909 23120
11.194 23120
11.1972 23120
11.2003 23120
11.2035 23120
11.2066 23120
11.2098 23120
11.213 23120
11.2161 23120
11.2193 23120
11.2224 23120
11.2256 23120
11.2287 23120
11.2319 23120
11.235 23120
11.2382 23120
11.2413 23120
11.2445 23120
11.2476 23120
11.2508 23120
11.2539 23120
11.2571 23120
11.2602 23120
11.2634 23120
11.2665 23120
11.2697 23120
11.2728 23120
11.276 23120
11.2791 23120
11.2823 23120
11.2854 23120
11.2886 23120
11.2918 23120
11.2949 23120
11.2981 23120
11.3012 23120
11.3044 23120
11.3075 23120
11.3107 23120
11.3138 23120
11.317 23120
11.3201 23120
11.3233 23120
11.3264 23120
11.3296 23120
11.3327 23120
11.3359 23120
11.339 23120
11.3422 23120
11.3453 23120
11.3485 23120
11.3516 23120
11.3548 23120
11.3579 23120
11.3611 23120
11.3642 23120
11.3674 23120
11.3706 23120
11.3737 23120
11.3769 23120
11.38 23120
11.3832 23120
11.3863 23120
11.3895 23120
11.3926 23120
11.3958 23120
11.3989 23120
11.4021 23120
11.4052 23120
11.4084 23120
11.4115 23120
11.4147 23120
11.4178 23120
11.421 23120
11.4241 23120
11.4273 23120
11.4304 23120
11.4336 23120
11.4367 23120
11.4399 23120
11.443 23120
11.4462 23120
11.4494 23120
11.4525 23120
11.4557 23120
11.4588 23120
11.462 23120
11.4651 23120
11.4683 23120
11.4714 23120
11.4746 23120
11.4777 23120
11.4809 23120
11.484 23120
11.4872 23120
11.4903 23120
11.4935 23120
11.4966 23120
11.4998 23120
11.5029 23120
11.5061 23120
11.5092 23120
11.5124 23120
11.5155 23120
11.5187 23120
11.5218 23120
11.525 23120
11.5282 23120
11.5313 23120
11.5345 23120
11.5376 23120
11.5408 23120
11.5439 23120
11.5471 23120
11.5502 23120
11.5534 23120
11.5565 23120
11.5597 23120
11.5628 23120
11.566 23120
11.5691 23120
11.5723 23120
11.5754 23120
11.5786 23120
11.5817 23120
11.5849 23120
11.588 23120
11.5912 23120
11.5943 23120
11.5975 23120
11.6006 23120
11.6038 23120
11.607 23120
11.6101 23120
11.6133 23120
11.6164 23120
11.6196 23120
11.6227 23120
11.6259 23120
11.629 23120
11.6322 23120
11.6353 23120
11.6385 23120
11.6416 23120
11.6448 23120
11.6479 23120
11.6511 23120
11.6542 23120
11.6574 23120
11.6605 23120
11.6637 23120
11.6668 23120
11.67 23120
11.6731 23120
11.6763 23120
11.6794 23120
11.6826 23120
11.6858 23120
11.6889 23120
11.6921 23120
11.6952 23120
11.6984 23120
11.7015 23120
11.7047 23120
11.7078 23120
11.711 23120
11.7141 23120
11.7173 23120
11.7204 23120
11.7236 23120
11.7267 23120
11.7299 23120
11.733 23120
11.7362 23120
11.7393 23120
11.7425 23120
11.7456 23120
11.7488 23120
11.7519 23120
11.7551 23120
11.7582 23120
11.7614 23120
11.7646 23120
11.7677 23120
11.7709 23120
11.774 23120
11.7772 23120
11.7803 23120
11.7835 23120
11.7866 23120
11.7898 23120
11.7929 23120
11.7961 23120
11.7992 23120
11.8024 23120
11.8055 23120
11.8087 23120
11.8118 23120
11.815 23120
11.8181 23120
11.8213 23120
11.8244 23120
11.8276 23120
11.8307 23120
11.8339 23120
11.837 23120
11.8402 23120
11.8434 23120
11.8465 23120
11.8497 23120
11.8528 23120
11.856 23120
11.8591 23120
11.8623 23120
11.8654 23120
11.8686 23120
11.8717 23120
11.8749 23120
11.878 23120
11.8812 23120
11.8843 23120
11.8875 23120
11.8906 23120
11.8938 23120
11.8969 23120
11.9001 23120
11.9032 23120
11.9064 23120
11.9095 23120
11.9127 23120
11.9158 23120
11.919 23120
11.9222 23120
11.9253 23120
11.9285 23120
11.9316 23120
11.9348 23120
11.9379 23120
11.9411 23120
11.9442 23120
11.9474 23120
11.9505 23120
11.9537 23120
11.9568 23120
11.96 23120
11.9631 23120
11.9663 23120
11.9694 23120
11.9726 23120
11.9757 23120
11.9789 23120
11.982 23120
11.9852 23120
11.9883 23120
11.9915 23120
11.9946 23120
11.9978 23120
12.001 23120
12.0041 23120
12.0073 23120
12.0104 23120
12.0136 23120
12.0167 23120
12.0199 23120
12.023 23120
12.0262 23120
12.0293 23120
12.0325 23120
12.0356 23120
12.0388 23120
12.0419 23120
12.0451 23120
12.0482 23120
12.0514 23120
12.0545 23120
12.0577 23120
12.0608 23120
12.064 23120
12.0671 23120
12.0703 23120
12.0734 23120
12.0766 23120
12.0798 23120
12.0829 23120
12.0861 23120
12.0892 23120
12.0924 23120
12.0955 23120
12.0987 23120
12.1018 23120
12.105 23120
12.1081 23120
12.1113 23120
12.1144 23120
12.1176 23120
12.1207 23120
12.1239 23120
12.127 23120
12.1302 23120
12.1333 23120
12.1365 23120
12.1396 23120
12.1428 23120
12.1459 23120
12.1491 23120
12.1522 23120
12.1554 23120
12.1586 23120
12.1617 23120
12.1649 23120
12.168 23120
12.1712 23120
12.1743 23120
12.1775 23120
12.1806 23120
12.1838 23120
12.1869 23120
12.1901 23120
12.1932 23120
12.1964 23120
12.1995 23120
12.2027 23120
12.2058 23120
12.209 23120
12.2121 23120
12.2153 23120
12.2184 23120
12.2216 23120
12.2247 23120
12.2279 23120
12.231 23120
12.2342 23120
12.2374 23120
12.2405 23120
12.2437 23120
12.2468 23120
12.25 23120
12.2531 23120
12.2563 23120
12.2594 23120
12.2626 23120
12.2657 23120
12.2689 23120
12.272 23120
12.2752 23120
12.2783 23120
12.2815 23120
12.2846 23120
12.2878 23120
12.2909 23120
12.2941 23120
12.2972 23120
12.3004 23120
12.3035 23120
12.3067 23120
12.3098 23120
12.313 23120
12.3162 23120
12.3193 23120
12.3225 23120
12.3256 23120
12.3288 23120
12.3319 23120
12.3351 23120
12.3382 23120
12.3414 23120
12.3445 23120
12.3477 23120
12.3508 23120
12.354 23120
12.3571 23120
12.3603 23120
12.3634 23120
12.3666 23120
12.3697 23120
12.3729 23120
12.376 23120
12.3792 23120
12.3823 23120
12.3855 23120
12.3886 23120
12.3918 23120
12.395 23120
12.3981 23120
12.4013 23120
12.4044 23120
12.4076 23120
12.4107 23120
12.4139 23120
12.417 23120
12.4202 23120
12.4233 23120
12.4265 23120
12.4296 23120
12.4328 23120
12.4359 23120
12.4391 23120
12.4422 23120
12.4454 23120
12.4485 23120
12.4517 23120
12.4548 23120
12.458 23120
12.4611 23120
12.4643 23120
12.4674 23120
12.4706 23120
12.4738 23120
12.4769 23120
12.4801 23120
12.4832 23120
12.4864 23120
12.4895 23120
12.4927 23120
12.4958 23120
12.499 23120
12.5021 23120
12.5053 23120
12.5084 23120
12.5116 23120
12.5147 23120
12.5179 23120
12.521 23120
12.5242 23120
12.5273 23120
12.5305 23120
12.5336 23120
12.5368 23120
12.5399 23120
12.5431 23120
12.5462 23120
12.5494 23120
12.5526 23120
12.5557 23120
12.5589 23120
12.562 23120
12.5652 23120
12.5683 23120
12.5715 23120
12.5746 23120
12.5778 23120
12.5809 23120
12.5841 23120
12.5872 23120
12.5904 23120
12.5935 23120
12.5967 23120
12.5998 23120
12.603 23120
12.6061 23120
12.6093 23120
12.6124 23120
12.6156 23120
12.6187 23120
12.6219 23120
12.625 23120
12.6282 23120
12.6314 23120
12.6345 23120
12.6377 23120
12.6408 23120
12.644 23120
12.6471 23120
12.6503 23120
12.6534 23120
12.6566 23120
12.6597 23120
12.6629 23120
12.666 23120
12.6692 23120
12.6723 23120
12.6755 23120
12.6786 23120
12.6818 23120
12.6849 23120
12.6881 23120
12.6912 23120
12.6944 23120
12.6975 23120
12.7007 23120
12.7038 23120
12.707 23120
12.7102 23120
12.7133 23120
12.7165 23120
12.7196 23120
12.7228 23120
12.7259 23120
12.7291 23120
12.7322 23120
12.7354 23120
12.7385 23120
12.7417 23120
12.7448 23120
12.748 23120
12.7511 23120
12.7543 23120
12.7574 23120
12.7606 23120
12.7637 23120
12.7669 23120
12.77 23120
12.7732 23120
12.7763 23120
12.7795 23120
12.7826 23120
12.7858 23120
12.789 23120
12.7921 23120
12.7953 23120
12.7984 23120
12.8016 23120
12.8047 23120
12.8079 23120
12.811 23120
12.8142 23120
12.8173 23120
12.8205 23120
12.8236 23120
12.8268 23120
12.8299 23120
12.8331 23120
12.8362 23120
12.8394 23120
12.8425 23120
12.8457 23120
12.8488 23120
12.852 23120
12.8551 23120
12.8583 23120
12.8614 23120
12.8646 23120
12.8678 23120
12.8709 23120
12.8741 23120
12.8772 23120
12.8804 23120
12.8835 23120
12.8867 23120
12.8898 23120
12.893 23120
12.8961 23120
12.8993 23120
12.9024 23120
12.9056 23120
12.9087 23120
12.9119 23120
12.915 23120
12.9182 23120
12.9213 23120
12.9245 23120
12.9276 23120
12.9308 23120
12.9339 23120
12.9371 23120
12.9402 23120
12.9434 23120
12.9466 23120
12.9497 23120
12.9529 23120
12.956 23120
12.9592 23120
12.9623 23120
12.9655 23120
12.9686 23120
12.9718 23120
12.9749 23120
12.9781 23120
12.9812 23120
12.9844 23120
12.9875 23120
12.9907 23120
12.9938 23120
12.997 23120
13.0001 23120
13.0033 23120
13.0064 23120
13.0096 23120
13.0127 23120
13.0159 23120
13.019 23120
13.0222 23120
13.0254 23120
13.0285 23120
13.0317 23120
13.0348 23120
13.038 23120
13.0411 23120
13.0443 23120
13.0474 23120
13.0506 23120
13.0537 23120
13.0569 23120
13.06 23120
13.0632 23120
13.0663 23120
13.0695 23120
13.0726 23120
13.0758 23120
13.0789 23120
13.0821 23120
13.0852 23120
13.0884 23120
13.0915 23120
13.0947 23120
13.0978 23120
13.101 23120
13.1042 23120
13.1073 23120
13.1105 23120
13.1136 23120
13.1168 23120
13.1199 23120
13.1231 23120
13.1262 23120
13.1294 23120
13.1325 23120
13.1357 23120
13.1388 23120
13.142 23120
13.1451 23120
13.1483 23120
13.1514 23120
13.1546 23120
13.1577 23120
13.1609 23120
13.164 23120
13.1672 23120
13.1703 23120
13.1735 23120
13.1766 23120
13.1798 23120
13.183 23120
13.1861 23120
13.1893 23120
13.1924 23120
13.1956 23120
13.1987 23120
13.2019 23120
13.205 23120
13.2082 23120
13.2113 23120
13.2145 23120
13.2176 23120
13.2208 23120
13.2239 23120
13.2271 23120
13.2302 23120
13.2334 23120
13.2365 23120
13.2397 23120
13.2428 23120
13.246 23120
13.2491 23120
13.2523 23120
13.2554 23120
13.2586 23120
13.2618 23120
13.2649 23120
13.2681 23120
13.2712 23120
13.2744 23120
13.2775 23120
13.2807 23120
13.2838 23120
13.287 23120
13.2901 23120
13.2933 23120
13.2964 23120
13.2996 23120
13.3027 23120
13.3059 23120
13.309 23120
13.3122 23120
13.3153 23120
13.3185 23120
13.3216 23120
13.3248 23120
13.3279 23120
13.3311 23120
13.3342 23120
13.3374 23120
13.3406 23120
13.3437 23120
13.3469 23120
13.35 23120
13.3532 23120
13.3563 23120
13.3595 23120
13.3626 23120
13.3658 23120
13.3689 23120
13.3721 23120
13.3752 23120
13.3784 23120
13.3815 23120
13.3847 23120
13.3878 23120
13.391 23120
13.3941 23120
13.3973 23120
13.4004 23120
13.4036 23120
13.4067 23120
13.4099 23120
13.413 23120
13.4162 23120
13.4194 23120
13.4225 23120
13.4257 23120
13.4288 23120
13.432 23120
13.4351 23120
13.4383 23120
13.4414 23120
13.4446 23120
13.4477 23120
13.4509 23120
13.454 23120
13.4572 23120
13.4603 23120
13.4635 23120
13.4666 23120
13.4698 23120
13.4729 23120
13.4761 23120
13.4792 23120
13.4824 23120
13.4855 23120
13.4887 23120
13.4918 23120
13.495 23120
13.4982 23120
13.5013 23120
13.5045 23120
13.5076 23120
13.5108 23120
13.5139 23120
13.5171 23120
13.5202 23120
13.5234 23120
13.5265 23120
13.5297 23120
13.5328 23120
13.536 23120
13.5391 23120
13.5423 23120
13.5454 23120
13.5486 23120
13.5517 23120
13.5549 23120
13.558 23120
13.5612 23120
13.5643 23120
13.5675 23120
13.5706 23120
13.5738 23120
13.577 23120
13.5801 23120
13.5833 23120
13.5864 23120
13.5896 23120
13.5927 23120
13.5959 23120
13.599 23120
13.6022 23120
13.6053 23120
13.6085 23120
13.6116 23120
13.6148 23120
13.6179 23120
13.6211 23120
13.6242 23120
13.6274 23120
13.6305 23120
13.6337 23120
13.6368 23120
13.64 23120
13.6431 23120
13.6463 23120
13.6494 23120
13.6526 23120
13.6558 23120
13.6589 23120
13.6621 23120
13.6652 23120
13.6684 23120
13.6715 23120
13.6747 23120
13.6778 23120
13.681 23120
13.6841 23120
13.6873 23120
13.6904 23120
13.6936 23120
13.6967 23120
13.6999 23120
13.703 23120
13.7062 23120
13.7093 23120
13.7125 23120
13.7156 23120
13.7188 23120
13.7219 23120
13.7251 23120
13.7282 23120
13.7314 23120
13.7346 23120
13.7377 23120
13.7409 23120
13.744 23120
13.7472 23120
13.7503 23120
13.7535 23120
13.7566 23120
13.7598 23120
13.7629 23120
13.7661 23120
13.7692 23120
13.7724 23120
13.7755 23120
13.7787 23120
13.7818 23120
13.785 23120
13.7881 23120
13.7913 23120
13.7944 23120
13.7976 23120
13.8007 23120
13.8039 23120
13.807 23120
13.8102 23120
13.8134 23120
13.8165 23120
13.8197 23120
13.8228 23120
13.826 23120
13.8291 23120
13.8323 23120
13.8354 23120
13.8386 23120
13.8417 23120
13.8449 23120
13.848 23120
13.8512 23120
13.8543 23120
13.8575 23120
13.8606 23120
13.8638 23120
13.8669 23120
13.8701 23120
13.8732 23120
13.8764 23120
13.8795 23120
13.8827 23120
13.8858 23120
13.889 23120
13.8922 23120
13.8953 23120
13.8985 23120
13.9016 23120
13.9048 23120
13.9079 23120
13.9111 23120
13.9142 23120
13.9174 23120
13.9205 23120
13.9237 23120
13.9268 23120
13.93 23120
13.9331 23120
13.9363 23120
13.9394 23120
13.9426 23120
13.9457 23120
13.9489 23120
13.952 23120
13.9552 23120
13.9583 23120
13.9615 23120
13.9646 23120
13.9678 23120
13.971 23120
13.9741 23120
13.9773 23120
13.9804 23120
13.9836 23120
13.9867 23120
13.9899 23120
13.993 23120
13.9962 23120
13.9993 23120
14.0025 23120
14.0056 23120
14.0088 23120
14.0119 23120
14.0151 23120
14.0182 23120
14.0214 23120
14.0245 23120
14.0277 23120
14.0308 23120
14.034 23120
14.0371 23120
14.0403 23120
14.0434 23120
14.0466 23120
14.0498 23120
14.0529 23120
14.0561 23120
14.0592 23120
14.0624 23120
14.0655 23120
14.0687 23120
14.0718 23120
14.075 23120
14.0781 23120
14.0813 23120
14.0844 23120
14.0876 23120
14.0907 23120
14.0939 23120
14.097 23120
14.1002 23120
14.1033 23120
14.1065 23120
14.1096 23120
14.1128 23120
14.1159 23120
14.1191 23120
14.1222 23120
14.1254 23120
14.1286 23120
14.1317 23120
14.1349 23120
14.138 23120
14.1412 23120
14.1443 23120
14.1475 23120
14.1506 23120
14.1538 23120
14.1569 23120
14.1601 23120
14.1632 23120
14.1664 23120
14.1695 23120
14.1727 23120
14.1758 23120
14.179 23120
14.1821 23120
14.1853 23120
14.1884 23120
14.1916 23120
14.1947 23120
14.1979 23120
14.201 23120
14.2042 23120
14.2074 23120
14.2105 23120
14.2137 23120
14.2168 23120
14.22 23120
14.2231 23120
14.2263 23120
14.2294 23120
14.2326 23120
14.2357 23120
14.2389 23120
14.242 23120
14.2452 23120
14.2483 23120
14.2515 23120
14.2546 23120
14.2578 23120
14.2609 23120
14.2641 23120
14.2672 23120
14.2704 23120
14.2735 23120
14.2767 23120
14.2798 23120
14.283 23120
14.2862 23120
14.2893 23120
14.2925 23120
14.2956 23120
14.2988 23120
14.3019 23120
14.3051 23120
14.3082 23120
14.3114 23120
14.3145 23120
14.3177 23120
14.3208 23120
14.324 23120
14.3271 23120
14.3303 23120
14.3334 23120
14.3366 23120
14.3397 23120
14.3429 23120
14.346 23120
14.3492 23120
14.3523 23120
14.3555 23120
14.3586 23120
14.3618 23120
14.3649 23120
14.3681 23120
14.3713 23120
14.3744 23120
14.3776 23120
14.3807 23120
14.3839 23120
14.387 23120
14.3902 23120
14.3933 23120
14.3965 23120
14.3996 23120
14.4028 23120
14.4059 23120
14.4091 23120
14.4122 23120
14.4154 23120
14.4185 23120
14.4217 23120
14.4248 23120
14.428 23120
14.4311 23120
14.4343 23120
14.4374 23120
14.4406 23120
14.4437 23120
14.4469 23120
14.4501 23120
14.4532 23120
14.4564 23120
14.4595 23120
14.4627 23120
14.4658 23120
14.469 23120
14.4721 23120
14.4753 23120
14.4784 23120
14.4816 23120
14.4847 23120
14.4879 23120
14.491 23120
14.4942 23120
14.4973 23120
14.5005 23120
14.5036 23120
14.5068 23120
14.5099 23120
14.5131 23120
14.5162 23120
14.5194 23120
14.5225 23120
14.5257 23120
14.5289 23120
14.532 23120
14.5352 23120
14.5383 23120
14.5415 23120
14.5446 23120
14.5478 23120
14.5509 23120
14.5541 23120
14.5572 23120
14.5604 23120
14.5635 23120
14.5667 23120
14.5698 23120
14.573 23120
14.5761 23120
14.5793 23120
14.5824 23120
14.5856 23120
14.5887 23120
14.5919 23120
14.595 23120
14.5982 23120
14.6013 23120
14.6045 23120
14.6077 23120
14.6108 23120
14.614 23120
14.6171 23120
14.6203 23120
14.6234 23120
14.6266 23120
14.6297 23120
14.6329 23120
14.636 23120
14.6392 23120
14.6423 23120
14.6455 23120
14.6486 23120
14.6518 23120
14.6549 23120
14.6581 23120
14.6612 23120
14.6644 23120
14.6675 23120
14.6707 23120
14.6738 23120
14.677 23120
14.6801 23120
14.6833 23120
14.6865 23120
14.6896 23120
14.6928 23120
14.6959 23120
14.6991 23120
14.7022 23120
14.7054 23120
14.7085 23120
14.7117 23120
14.7148 23120
14.718 23120
14.7211 23120
14.7243 23120
14.7274 23120
14.7306 23120
14.7337 23120
14.7369 23120
14.74 23120
14.7432 23120
14.7463 23120
14.7495 23120
14.7526 23120
14.7558 23120
14.7589 23120
14.7621 23120
14.7653 23120
14.7684 23120
14.7716 23120
14.7747 23120
14.7779 23120
14.781 23120
14.7842 23120
14.7873 23120
14.7905 23120
14.7936 23120
14.7968 23120
14.7999 23120
14.8031 23120
14.8062 23120
14.8094 23120
14.8125 23120
14.8157 23120
14.8188 23120
14.822 23120
14.8251 23120
14.8283 23120
14.8314 23120
14.8346 23120
14.8377 23120
14.8409 23120
14.8441 23120
14.8472 23120
14.8504 23120
14.8535 23120
14.8567 23120
14.8598 23120
14.863 23120
14.8661 23120
14.8693 23120
14.8724 23120
14.8756 23120
14.8787 23120
14.8819 23120
14.885 23120
14.8882 23120
14.8913 23120
14.8945 23120
14.8976 23120
14.9008 23120
14.9039 23120
14.9071 23120
14.9102 23120
14.9134 23120
14.9165 23120
14.9197 23120
14.9229 23120
14.926 23120
14.9292 23120
14.9323 23120
14.9355 23120
14.9386 23120
14.9418 23120
14.9449 23120
14.9481 23120
14.9512 23120
14.9544 23120
14.9575 23120
14.9607 23120
14.9638 23120
14.967 23120
14.9701 23120
14.9733 23120
14.9764 23120
14.9796 23120
14.9827 23120
14.9859 23120
14.989 23120
14.9922 23120
14.9953 23120
14.9985 23120
15.0017 23120
15.0048 23120
15.008 23120
15.0111 23120
15.0143 23120
15.0174 23120
15.0206 23120
15.0237 23120
15.0269 23120
15.03 23120
15.0332 23120
15.0363 23120
15.0395 23120
15.0426 23120
15.0458 23120
15.0489 23120
15.0521 23120
15.0552 23120
15.0584 23120
15.0615 23120
15.0647 23120
15.0678 23120
15.071 23120
15.0741 23120
15.0773 23120
15.0805 23120
15.0836 23120
15.0868 23120
15.0899 23120
15.0931 23120
15.0962 23120
15.0994 23120
15.1025 23120
15.1057 23120
15.1088 23120
15.112 23120
15.1151 23120
15.1183 23120
15.1214 23120
15.1246 23120
15.1277 23120
15.1309 23120
15.134 23120
15.1372 23120
15.1403 23120
15.1435 23120
15.1466 23120
15.1498 23120
15.1529 23120
15.1561 23120
15.1593 23120
15.1624 23120
15.1656 23120
15.1687 23120
15.1719 23120
15.175 23120
15.1782 23120
15.1813 23120
15.1845 23120
15.1876 23120
15.1908 23120
15.1939 23120
15.1971 23120
15.2002 23120
15.2034 23120
15.2065 23120
15.2097 23120
15.2128 23120
15.216 23120
15.2191 23120
15.2223 23120
15.2254 23120
15.2286 23120
15.2317 23120
15.2349 23120
15.2381 23120
15.2412 23120
15.2444 23120
15.2475 23120
15.2507 23120
15.2538 23120
15.257 23120
15.2601 23120
15.2633 23120
15.2664 23120
15.2696 23120
15.2727 23120
15.2759 23120
15.279 23120
15.2822 23120
15.2853 23120
15.2885 23120
15.2916 23120
15.2948 23120
15.2979 23120
15.3011 23120
15.3042 23120
15.3074 23120
15.3105 23120
15.3137 23120
15.3169 23120
15.32 23120
15.3232 23120
15.3263 23120
15.3295 23120
15.3326 23120
15.3358 23120
15.3389 23120
15.3421 23120
15.3452 23120
15.3484 23120
15.3515 23120
15.3547 23120
15.3578 23120
15.361 23120
15.3641 23120
15.3673 23120
15.3704 23120
15.3736 23120
15.3767 23120
15.3799 23120
15.383 23120
15.3862 23120
15.3893 23120
15.3925 23120
15.3957 23120
15.3988 23120
15.402 23120
15.4051 23120
15.4083 23120
15.4114 23120
15.4146 23120
15.4177 23120
15.4209 23120
15.424 23120
15.4272 23120
15.4303 23120
15.4335 23120
15.4366 23120
15.4398 23120
15.4429 23120
15.4461 23120
15.4492 23120
15.4524 23120
15.4555 23120
15.4587 23120
15.4618 23120
15.465 23120
15.4681 23120
15.4713 23120
15.4745 23120
15.4776 23120
15.4808 23120
15.4839 23120
15.4871 23120
15.4902 23120
15.4934 23120
15.4965 23120
15.4997 23120
15.5028 23120
15.506 23120
15.5091 23120
15.5123 23120
15.5154 23120
15.5186 23120
15.5217 23120
15.5249 23120
15.528 23120
15.5312 23120
15.5343 23120
15.5375 23120
15.5406 23120
15.5438 23120
15.5469 23120
15.5501 23120
15.5533 23120
15.5564 23120
15.5596 23120
15.5627 23120
15.5659 23120
15.569 23120
15.5722 23120
15.5753 23120
15.5785 23120
15.5816 23120
15.5848 23120
15.5879 23120
15.5911 23120
15.5942 23120
15.5974 23120
15.6005 23120
15.6037 23120
15.6068 23120
15.61 23120
15.6131 23120
15.6163 23120
15.6194 23120
15.6226 23120
15.6257 23120
15.6289 23120
15.6321 23120
15.6352 23120
15.6384 23120
15.6415 23120
15.6447 23120
15.6478 23120
15.651 23120
15.6541 23120
15.6573 23120
15.6604 23120
15.6636 23120
15.6667 23120
15.6699 23120
15.673 23120
15.6762 23120
15.6793 23120
15.6825 23120
15.6856 23120
15.6888 23120
15.6919 23120
15.6951 23120
15.6982 23120
15.7014 23120
15.7045 23120
15.7077 23120
15.7109 23120
15.714 23120
15.7172 23120
15.7203 23120
15.7235 23120
15.7266 23120
15.7298 23120
15.7329 23120
15.7361 23120
15.7392 23120
15.7424 23120
15.7455 23120
15.7487 23120
15.7518 23120
15.755 23120
15.7581 23120
15.7613 23120
15.7644 23120
15.7676 23120
15.7707 23120
15.7739 23120
15.777 23120
15.7802 23120
15.7833 23120
15.7865 23120
15.7897 23120
15.7928 23120
15.796 23120
15.7991 23120
15.8023 23120
15.8054 23120
15.8086 23120
15.8117 23120
15.8149 23120
15.818 23120
15.8212 23120
15.8243 23120
15.8275 23120
15.8306 23120
15.8338 23120
15.8369 23120
15.8401 23120
15.8432 23120
15.8464 23120
15.8495 23120
15.8527 23120
15.8558 23120
15.859 23120
15.8621 23120
15.8653 23120
15.8685 23120
15.8716 23120
15.8748 23120
15.8779 23120
15.8811 23120
15.8842 23120
15.8874 23120
15.8905 23120
15.8937 23120
15.8968 23120
15.9 23120
15.9031 23120
15.9063 23120
15.9094 23120
15.9126 23120
15.9157 23120
15.9189 23120
15.922 23120
15.9252 23120
15.9283 23120
15.9315 23120
15.9346 23120
15.9378 23120
15.9409 23120
15.9441 23120
15.9473 23120
15.9504 23120
15.9536 23120
15.9567 23120
15.9599 23120
15.963 23120
15.9662 23120
15.9693 23120
15.9725 23120
15.9756 23120
15.9788 23120
15.9819 23120
15.9851 23120
15.9882 23120
15.9914 23120
15.9945 23120
15.9977 23120
16.0008 23120
16.004 23120
16.0071 23120
16.0103 23120
16.0134 23120
16.0166 23120
16.0197 23120
16.0229 23120
16.0261 23120
16.0292 23120
16.0324 23120
16.0355 23120
16.0387 23120
16.0418 23120
16.045 23120
16.0481 23120
16.0513 23120
16.0544 23120
16.0576 23120
16.0607 23120
16.0639 23120
16.067 23120
16.0702 23120
16.0733 23120
16.0765 23120
16.0796 23120
16.0828 23120
16.0859 23120
16.0891 23120
16.0922 23120
16.0954 23120
16.0985 23120
16.1017 23120
16.1049 23120
16.108 23120
16.1112 23120
16.1143 23120
16.1175 23120
16.1206 23120
16.1238 23120
16.1269 23120
16.1301 23120
16.1332 23120
16.1364 23120
16.1395 23120
16.1427 23120
16.1458 23120
16.149 23120
16.1521 23120
16.1553 23120
16.1584 23120
16.1616 23120
16.1647 23120
16.1679 23120
16.171 23120
16.1742 23120
16.1773 23120
16.1805 23120
16.1837 23120
16.1868 23120
16.19 23120
16.1931 23120
16.1963 23120
16.1994 23120
16.2026 23120
16.2057 23120
16.2089 23120
16.212 23120
16.2152 23120
16.2183 23120
16.2215 23120
16.2246 23120
16.2278 23120
16.2309 23120
16.2341 23120
16.2372 23120
16.2404 23120
16.2435 23120
16.2467 23120
16.2498 23120
16.253 23120
16.2561 23120
16.2593 23120
16.2625 23120
16.2656 23120
16.2688 23120
16.2719 23120
16.2751 23120
16.2782 23120
16.2814 23120
16.2845 23120
16.2877 23120
16.2908 23120
16.294 23120
16.2971 23120
16.3003 23120
16.3034 23120
16.3066 23120
16.3097 23120
16.3129 23120
16.316 23120
16.3192 23120
16.3223 23120
16.3255 23120
16.3286 23120
16.3318 23120
16.3349 23120
16.3381 23120
16.3413 23120
16.3444 23120
16.3476 23120
16.3507 23120
16.3539 23120
16.357 23120
16.3602 23120
16.3633 23120
16.3665 23120
16.3696 23120
16.3728 23120
16.3759 23120
16.3791 23120
16.3822 23120
16.3854 23120
16.3885 23120
16.3917 23120
16.3948 23120
16.398 23120
16.4011 23120
16.4043 23120
16.4074 23120
16.4106 23120
16.4137 23120
16.4169 23120
16.4201 23120
16.4232 23120
16.4264 23120
16.4295 23120
16.4327 23120
16.4358 23120
16.439 23120
16.4421 23120
16.4453 23120
16.4484 23120
16.4516 23120
16.4547 23120
16.4579 23120
16.461 23120
16.4642 23120
16.4673 23120
16.4705 23120
16.4736 23120
16.4768 23120
16.4799 23120
16.4831 23120
16.4862 23120
16.4894 23120
16.4925 23120
16.4957 23120
16.4989 23120
16.502 23120
16.5052 23120
16.5083 23120
16.5115 23120
16.5146 23120
16.5178 23120
16.5209 23120
16.5241 23120
16.5272 23120
16.5304 23120
16.5335 23120
16.5367 23120
16.5398 23120
16.543 23120
16.5461 23120
16.5493 23120
16.5524 23120
16.5556 23120
16.5587 23120
16.5619 23120
16.565 23120
16.5682 23120
16.5713 23120
16.5745 23120
16.5777 23120
16.5808 23120
16.584 23120
16.5871 23120
16.5903 23120
16.5934 23120
16.5966 23120
16.5997 23120
16.6029 23120
16.606 23120
16.6092 23120
16.6123 23120
16.6155 23120
16.6186 23120
16.6218 23120
16.6249 23120
16.6281 23120
16.6312 23120
16.6344 23120
16.6375 23120
16.6407 23120
16.6438 23120
16.647 23120
16.6501 23120
16.6533 23120
16.6565 23120
16.6596 23120
16.6628 23120
16.6659 23120
16.6691 23120
16.6722 23120
16.6754 23120
16.6785 23120
16.6817 23120
16.6848 23120
16.688 23120
16.6911 23120
16.6943 23120
16.6974 23120
16.7006 23120
16.7037 23120
16.7069 23120
16.71 23120
16.7132 23120
16.7163 23120
16.7195 23120
16.7226 23120
16.7258 23120
16.7289 23120
16.7321 23120
16.7353 23120
16.7384 23120
16.7416 23120
16.7447 23120
16.7479 23120
16.751 23120
16.7542 23120
16.7573 23120
16.7605 23120
16.7636 23120
16.7668 23120
16.7699 23120
16.7731 23120
16.7762 23120
16.7794 23120
16.7825 23120
16.7857 23120
16.7888 23120
16.792 23120
16.7951 23120
16.7983 23120
16.8014 23120
16.8046 23120
16.8077 23120
16.8109 23120
16.8141 23120
16.8172 23120
16.8204 23120
16.8235 23120
16.8267 23120
16.8298 23120
16.833 23120
16.8361 23120
16.8393 23120
16.8424 23120
16.8456 23120
16.8487 23120
16.8519 23120
16.855 23120
16.8582 23120
16.8613 23120
16.8645 23120
16.8676 23120
16.8708 23120
16.8739 23120
16.8771 23120
16.8802 23120
16.8834 23120
16.8865 23120
16.8897 23120
16.8929 23120
16.896 23120
16.8992 23120
16.9023 23120
16.9055 23120
16.9086 23120
16.9118 23120
16.9149 23120
16.9181 23120
16.9212 23120
16.9244 23120
16.9275 23120
16.9307 23120
16.9338 23120
16.937 23120
16.9401 23120
16.9433 23120
16.9464 23120
16.9496 23120
16.9527 23120
16.9559 23120
16.959 23120
16.9622 23120
16.9653 23120
16.9685 23120
16.9717 23120
16.9748 23120
16.978 23120
16.9811 23120
16.9843 23120
16.9874 23120
16.9906 23120
16.9937 23120
16.9969 23120
17 23120
17.0032 23120
17.0063 23120
17.0095 23120
17.0126 23120
17.0158 23120
17.0189 23120
17.0221 23120
17.0252 23120
17.0284 23120
17.0315 23120
17.0347 23120
17.0378 23120
17.041 23120
17.0441 23120
17.0473 23120
17.0505 23120
17.0536 23120
17.0568 23120
17.0599 23120
17.0631 23120
17.0662 23120
17.0694 23120
17.0725 23120
17.0757 23120
17.0788 23120
17.082 23120
17.0851 23120
17.0883 23120
17.0914 23120
17.0946 23120
17.0977 23120
17.1009 23120
17.104 23120
17.1072 23120
17.1103 23120
17.1135 23120
17.1166 23120
17.1198 23120
17.1229 23120
17.1261 23120
17.1293 23120
17.1324 23120
17.1356 23120
17.1387 23120
17.1419 23120
17.145 23120
17.1482 23120
17.1513 23120
17.1545 23120
17.1576 23120
17.1608 23120
17.1639 23120
17.1671 23120
17.1702 23120
17.1734 23120
17.1765 23120
17.1797 23120
17.1828 23120
17.186 23120
17.1891 23120
17.1923 23120
17.1954 23120
17.1986 23120
17.2017 23120
17.2049 23120
17.2081 23120
17.2112 23120
17.2144 23120
17.2175 23120
17.2207 23120
17.2238 23120
17.227 23120
17.2301 23120
17.2333 23120
17.2364 23120
17.2396 23120
17.2427 23120
17.2459 23120
17.249 23120
17.2522 23120
17.2553 23120
17.2585 23120
17.2616 23120
17.2648 23120
17.2679 23120
17.2711 23120
17.2742 23120
17.2774 23120
17.2805 23120
17.2837 23120
17.2869 23120
17.29 23120
17.2932 23120
17.2963 23120
17.2995 23120
17.3026 23120
17.3058 23120
17.3089 23120
17.3121 23120
17.3152 23120
17.3184 23120
17.3215 23120
17.3247 23120
17.3278 23120
17.331 23120
17.3341 23120
17.3373 23120
17.3404 23120
17.3436 23120
17.3467 23120
17.3499 23120
17.353 23120
17.3562 23120
17.3593 23120
17.3625 23120
17.3657 23120
17.3688 23120
17.372 23120
17.3751 23120
17.3783 23120
17.3814 23120
17.3846 23120
17.3877 23120
17.3909 23120
17.394 23120
17.3972 23120
17.4003 23120
17.4035 23120
17.4066 23120
17.4098 23120
17.4129 23120
17.4161 23120
17.4192 23120
17.4224 23120
17.4255 23120
17.4287 23120
17.4318 23120
17.435 23120
17.4381 23120
17.4413 23120
17.4445 23120
17.4476 23120
17.4508 23120
17.4539 23120
17.4571 23120
17.4602 23120
17.4634 23120
17.4665 23120
17.4697 23120
17.4728 23120
17.476 23120
17.4791 23120
17.4823 23120
17.4854 23120
17.4886 23120
17.4917 23120
17.4949 23120
17.498 23120
17.5012 23120
17.5043 23120
17.5075 23120
17.5106 23120
17.5138 23120
17.5169 23120
17.5201 23120
17.5233 23120
17.5264 23120
17.5296 23120
17.5327 23120
17.5359 23120
17.539 23120
17.5422 23120
17.5453 23120
17.5485 23120
17.5516 23120
17.5548 23120
17.5579 23120
17.5611 23120
17.5642 23120
17.5674 23120
17.5705 23120
17.5737 23120
17.5768 23120
17.58 23120
17.5831 23120
17.5863 23120
17.5894 23120
17.5926 23120
17.5957 23120
17.5989 23120
17.6021 23120
17.6052 23120
17.6084 23120
17.6115 23120
17.6147 23120
17.6178 23120
17.621 23120
17.6241 23120
17.6273 23120
17.6304 23120
17.6336 23120
17.6367 23120
17.6399 23120
17.643 23120
17.6462 23120
17.6493 23120
17.6525 23120
17.6556 23120
17.6588 23120
17.6619 23120
17.6651 23120
17.6682 23120
17.6714 23120
17.6745 23120
17.6777 23120
17.6809 23120
17.684 23120
17.6872 23120
17.6903 23120
17.6935 23120
17.6966 23120
17.6998 23120
17.7029 23120
17.7061 23120
17.7092 23120
17.7124 23120
17.7155 23120
17.7187 23120
17.7218 23120
17.725 23120
17.7281 23120
17.7313 23120
17.7344 23120
17.7376 23120
17.7407 23120
17.7439 23120
17.747 23120
17.7502 23120
17.7533 23120
17.7565 23120
17.7597 23120
17.7628 23120
17.766 23120
17.7691 23120
17.7723 23120
17.7754 23120
17.7786 23120
17.7817 23120
17.7849 23120
17.788 23120
17.7912 23120
17.7943 23120
17.7975 23120
17.8006 23120
17.8038 23120
17.8069 23120
17.8101 23120
17.8132 23120
17.8164 23120
17.8195 23120
17.8227 23120
17.8258 23120
17.829 23120
17.8321 23120
17.8353 23120
17.8385 23120
17.8416 23120
17.8448 23120
17.8479 23120
17.8511 23120
17.8542 23120
17.8574 23120
17.8605 23120
17.8637 23120
17.8668 23120
17.87 23120
17.8731 23120
17.8763 23120
17.8794 23120
17.8826 23120
17.8857 23120
17.8889 23120
17.892 23120
17.8952 23120
17.8983 23120
17.9015 23120
17.9046 23120
17.9078 23120
17.9109 23120
17.9141 23120
17.9173 23120
17.9204 23120
17.9236 23120
17.9267 23120
17.9299 23120
17.933 23120
17.9362 23120
17.9393 23120
17.9425 23120
17.9456 23120
17.9488 23120
17.9519 23120
17.9551 23120
17.9582 23120
17.9614 23120
17.9645 23120
17.9677 23120
17.9708 23120
17.974 23120
17.9771 23120
17.9803 23120
17.9834 23120
17.9866 23120
17.9897 23120
17.9929 23120
17.9961 23120
17.9992 23120
18.0024 23120
18.0055 23120
18.0087 23120
18.0118 23120
18.015 23120
18.0181 23120
18.0213 23120
18.0244 23120
18.0276 23120
18.0307 23120
18.0339 23120
18.037 23120
18.0402 23120
18.0433 23120
18.0465 23120
18.0496 23120
18.0528 23120
18.0559 23120
18.0591 23120
18.0622 23120
18.0654 23120
18.0685 23120
18.0717 23120
18.0749 23120
18.078 23120
18.0812 23120
18.0843 23120
18.0875 23120
18.0906 23120
18.0938 23120
18.0969 23120
18.1001 23120
18.1032 23120
18.1064 23120
18.1095 23120
18.1127 23120
18.1158 23120
18.119 23120
18.1221 23120
18.1253 23120
18.1284 23120
18.1316 23120
18.1347 23120
18.1379 23120
18.141 23120
18.1442 23120
18.1473 23120
18.1505 23120
18.1537 23120
18.1568 23120
18.16 23120
18.1631 23120
18.1663 23120
18.1694 23120
18.1726 23120
18.1757 23120
18.1789 23120
18.182 23120
18.1852 23120
18.1883 23120
18.1915 23120
18.1946 23120
18.1978 23120
18.2009 23120
18.2041 23120
18.2072 23120
18.2104 23120
18.2135 23120
18.2167 23120
18.2198 23120
18.223 23120
18.2261 23120
18.2293 23120
18.2325 23120
18.2356 23120
18.2388 23120
18.2419 23120
18.2451 23120
18.2482 23120
18.2514 23120
18.2545 23120
18.2577 23120
18.2608 23120
18.264 23120
18.2671 23120
18.2703 23120
18.2734 23120
18.2766 23120
18.2797 23120
18.2829 23120
18.286 23120
18.2892 23120
18.2923 23120
18.2955 23120
18.2986 23120
18.3018 23120
18.3049 23120
18.3081 23120
18.3113 23120
18.3144 23120
18.3176 23120
18.3207 23120
18.3239 23120
18.327 23120
18.3302 23120
18.3333 23120
18.3365 23120
18.3396 23120
18.3428 23120
18.3459 23120
18.3491 23120
18.3522 23120
18.3554 23120
18.3585 23120
18.3617 23120
18.3648 23120
18.368 23120
18.3711 23120
18.3743 23120
18.3774 23120
18.3806 23120
18.3837 23120
18.3869 23120
18.3901 23120
18.3932 23120
18.3964 23120
18.3995 23120
18.4027 23120
18.4058 23120
18.409 23120
18.4121 23120
18.4153 23120
18.4184 23120
18.4216 23120
18.4247 23120
18.4279 23120
18.431 23120
18.4342 23120
18.4373 23120
18.4405 23120
18.4436 23120
18.4468 23120
18.4499 23120
18.4531 23120
18.4562 23120
18.4594 23120
18.4625 23120
18.4657 23120
18.4689 23120
18.472 23120
18.4752 23120
18.4783 23120
18.4815 23120
18.4846 23120
18.4878 23120
18.4909 23120
18.4941 23120
18.4972 23120
18.5004 23120
18.5035 23120
18.5067 23120
18.5098 23120
18.513 23120
18.5161 23120
18.5193 23120
18.5224 23120
18.5256 23120
18.5287 23120
18.5319 23120
18.535 23120
18.5382 23120
18.5413 23120
18.5445 23120
18.5477 23120
18.5508 23120
18.554 23120
18.5571 23120
18.5603 23120
18.5634 23120
18.5666 23120
18.5697 23120
18.5729 23120
18.576 23120
18.5792 23120
18.5823 23120
18.5855 23120
18.5886 23120
18.5918 23120
18.5949 23120
18.5981 23120
18.6012 23120
18.6044 23120
18.6075 23120
18.6107 23120
18.6138 23120
18.617 23120
18.6201 23120
18.6233 23120
18.6265 23120
18.6296 23120
18.6328 23120
18.6359 23120
18.6391 23120
18.6422 23120
18.6454 23120
18.6485 23120
18.6517 23120
18.6548 23120
18.658 23120
18.6611 23120
18.6643 23120
18.6674 23120
18.6706 23120
18.6737 23120
18.6769 23120
18.68 23120
18.6832 23120
18.6863 23120
18.6895 23120
18.6926 23120
18.6958 23120
18.6989 23120
18.7021 23120
18.7053 23120
18.7084 23120
18.7116 23120
18.7147 23120
18.7179 23120
18.721 23120
18.7242 23120
18.7273 23120
18.7305 23120
18.7336 23120
18.7368 23120
18.7399 23120
18.7431 23120
18.7462 23120
18.7494 23120
18.7525 23120
18.7557 23120
18.7588 23120
18.762 23120
18.7651 23120
18.7683 23120
18.7714 23120
18.7746 23120
18.7777 23120
18.7809 23120
18.7841 23120
18.7872 23120
18.7904 23120
18.7935 23120
18.7967 23120
18.7998 23120
18.803 23120
18.8061 23120
18.8093 23120
18.8124 23120
18.8156 23120
18.8187 23120
18.8219 23120
18.825 23120
18.8282 23120
18.8313 23120
18.8345 23120
18.8376 23120
18.8408 23120
18.8439 23120
18.8471 23120
18.8502 23120
18.8534 23120
18.8565 23120
18.8597 23120
18.8629 23120
18.866 23120
18.8692 23120
18.8723 23120
18.8755 23120
18.8786 23120
18.8818 23120
18.8849 23120
18.8881 23120
18.8912 23120
18.8944 23120
18.8975 23120
18.9007 23120
18.9038 23120
18.907 23120
18.9101 23120
18.9133 23120
18.9164 23120
18.9196 23120
18.9227 23120
18.9259 23120
18.929 23120
18.9322 23120
18.9353 23120
18.9385 23120
18.9417 23120
18.9448 23120
18.948 23120
18.9511 23120
18.9543 23120
18.9574 23120
18.9606 23120
18.9637 23120
18.9669 23120
18.97 23120
18.9732 23120
18.9763 23120
18.9795 23120
18.9826 23120
18.9858 23120
18.9889 23120
18.9921 23120
18.9952 23120
18.9984 23120
19.0015 23120
19.0047 23120
19.0078 23120
19.011 23120
19.0141 23120
19.0173 23120
19.0205 23120
19.0236 23120
19.0268 23120
19.0299 23120
19.0331 23120
19.0362 23120
19.0394 23120
19.0425 23120
19.0457 23120
19.0488 23120
19.052 23120
19.0551 23120
19.0583 23120
19.0614 23120
19.0646 23120
19.0677 23120
19.0709 23120
19.074 23120
19.0772 23120
19.0803 23120
19.0835 23120
19.0866 23120
19.0898 23120
19.0929 23120
19.0961 23120
19.0993 23120
19.1024 23120
19.1056 23120
19.1087 23120
19.1119 23120
19.115 23120
19.1182 23120
19.1213 23120
19.1245 23120
19.1276 23120
19.1308 23120
19.1339 23120
19.1371 23120
19.1402 23120
19.1434 23120
19.1465 23120
19.1497 23120
19.1528 23120
19.156 23120
19.1591 23120
19.1623 23120
19.1654 23120
19.1686 23120
19.1717 23120
19.1749 23120
19.1781 23120
19.1812 23120
19.1844 23120
19.1875 23120
19.1907 23120
19.1938 23120
19.197 23120
19.2001 23120
19.2033 23120
19.2064 23120
19.2096 23120
19.2127 23120
19.2159 23120
19.219 23120
19.2222 23120
19.2253 23120
19.2285 23120
19.2316 23120
19.2348 23120
19.2379 23120
19.2411 23120
19.2442 23120
19.2474 23120
19.2505 23120
19.2537 23120
19.2569 23120
19.26 23120
19.2632 23120
19.2663 23120
19.2695 23120
19.2726 23120
19.2758 23120
19.2789 23120
19.2821 23120
19.2852 23120
19.2884 23120
19.2915 23120
19.2947 23120
19.2978 23120
19.301 23120
19.3041 23120
19.3073 23120
19.3104 23120
19.3136 23120
19.3167 23120
19.3199 23120
19.323 23120
19.3262 23120
19.3293 23120
19.3325 23120
19.3357 23120
19.3388 23120
19.342 23120
19.3451 23120
19.3483 23120
19.3514 23120
19.3546 23120
19.3577 23120
19.3609 23120
19.364 23120
19.3672 23120
19.3703 23120
19.3735 23120
19.3766 23120
19.3798 23120
19.3829 23120
19.3861 23120
19.3892 23120
19.3924 23120
19.3955 23120
19.3987 23120
19.4018 23120
19.405 23120
19.4081 23120
19.4113 23120
19.4145 23120
19.4176 23120
19.4208 23120
19.4239 23120
19.4271 23120
19.4302 23120
19.4334 23120
19.4365 23120
19.4397 23120
19.4428 23120
19.446 23120
19.4491 23120
19.4523 23120
19.4554 23120
19.4586 23120
19.4617 23120
19.4649 23120
19.468 23120
19.4712 23120
19.4743 23120
19.4775 23120
19.4806 23120
19.4838 23120
19.4869 23120
19.4901 23120
19.4933 23120
19.4964 23120
19.4996 23120
19.5027 23120
19.5059 23120
19.509 23120
19.5122 23120
19.5153 23120
19.5185 23120
19.5216 23120
19.5248 23120
19.5279 23120
19.5311 23120
19.5342 23120
19.5374 23120
19.5405 23120
19.5437 23120
19.5468 23120
19.55 23120
19.5531 23120
19.5563 23120
19.5594 23120
19.5626 23120
19.5657 23120
19.5689 23120
19.5721 23120
19.5752 23120
19.5784 23120
19.5815 23120
19.5847 23120
19.5878 23120
19.591 23120
19.5941 23120
19.5973 23120
19.6004 23120
19.6036 23120
19.6067 23120
19.6099 23120
19.613 23120
19.6162 23120
19.6193 23120
19.6225 23120
19.6256 23120
19.6288 23120
19.6319 23120
19.6351 23120
19.6382 23120
19.6414 23120
19.6445 23120
19.6477 23120
19.6509 23120
19.654 23120
19.6572 23120
19.6603 23120
19.6635 23120
19.6666 23120
19.6698 23120
19.6729 23120
19.6761 23120
19.6792 23120
19.6824 23120
19.6855 23120
19.6887 23120
19.6918 23120
19.695 23120
19.6981 23120
19.7013 23120
19.7044 23120
19.7076 23120
19.7107 23120
19.7139 23120
19.717 23120
19.7202 23120
19.7233 23120
19.7265 23120
19.7297 23120
19.7328 23120
19.736 23120
19.7391 23120
19.7423 23120
19.7454 23120
19.7486 23120
19.7517 23120
19.7549 23120
19.758 23120
19.7612 23120
19.7643 23120
19.7675 23120
19.7706 23120
19.7738 23120
19.7769 23120
19.7801 23120
19.7832 23120
19.7864 23120
19.7895 23120
19.7927 23120
19.7958 23120
19.799 23120
19.8021 23120
19.8053 23120
19.8085 23120
19.8116 23120
19.8148 23120
19.8179 23120
19.8211 23120
19.8242 23120
19.8274 23120
19.8305 23120
19.8337 23120
19.8368 23120
19.84 23120
19.8431 23120
19.8463 23120
19.8494 23120
19.8526 23120
19.8557 23120
19.8589 23120
19.862 23120
19.8652 23120
19.8683 23120
19.8715 23120
19.8746 23120
19.8778 23120
19.8809 23120
19.8841 23120
19.8873 23120
19.8904 23120
19.8936 23120
19.8967 23120
19.8999 23120
19.903 23120
19.9062 23120
19.9093 23120
19.9125 23120
19.9156 23120
19.9188 23120
19.9219 23120
19.9251 23120
19.9282 23120
19.9314 23120
19.9345 23120
19.9377 23120
19.9408 23120
19.944 23120
19.9471 23120
19.9503 23120
19.9534 23120
19.9566 23120
19.9597 23120
19.9629 23120
19.9661 23120
19.9692 23120
19.9724 23120
19.9755 23120
19.9787 23120
19.9818 23120
19.985 23120
19.9881 23120
19.9913 23120
19.9944 23120
19.9976 23120
20.0007 23120
20.0039 23120
20.007 23120
20.0102 23120
20.0133 23120
20.0165 23120
20.0196 23120
20.0228 23120
20.0259 23120
20.0291 23120
20.0322 23120
20.0354 23120
20.0385 23120
20.0417 23120
20.0449 23120
20.048 23120
20.0512 23120
20.0543 23120
20.0575 23120
20.0606 23120
20.0638 23120
20.0669 23120
20.0701 23120
20.0732 23120
20.0764 23120
20.0795 23120
20.0827 23120
20.0858 23120
20.089 23120
20.0921 23120
20.0953 23120
20.0984 23120
