0.0 0
0.220019 1440
0.220019 1440
0.44028 2880
0.660779 4320
0.881278 5760
1.08152 7200
1.10178 8640
1.30178 10080
1.32204 11520
1.32252 12960
1.52228 14400
1.5423 15840
1.54278 17280
1.54325 18720
1.74254 20160
1.74301 21600
1.7628 23040
1.76327 24480
1.76375 25920
1.76423 27360
1.9628 28800
1.96327 30240
1.96375 31680
1.98306 33120
1.98353 34560
1.98401 36000
1.98449 37440
1.98497 38880
1.98545 40320
2.18306 41760
2.18353 43200
2.18401 44640
2.18449 46080
2.18497 47520
2.20356 48960
2.20403 50400
2.20451 51840
2.20499 53280
2.20547 54720
2.20595 56160
2.20642 57600
2.2069 59040
2.20738 60480
2.40356 61920
2.40403 63360
2.40451 64800
2.40499 66240
2.40547 67680
2.40595 69120
2.40642 70560
2.42382 72000
2.42429 73440
2.42477 74880
2.42525 76320
2.42573 77760
2.42621 79200
2.42668 80640
2.42716 82080
2.42764 83520
2.42812 84960
2.4286 86400
2.42907 87840
2.42955 89280
2.43003 90720
2.62405 92160
2.62453 93600
2.62501 95040
2.62549 96480
2.62597 97920
2.62645 99360
2.62692 100800
2.6274 102240
2.62788 103680
2.62836 105120
2.64408 106560
2.64455 108000
2.64503 109440
2.64551 110880
2.64599 112320
2.64647 113760
2.64694 115200
2.64742 116640
2.6479 118080
2.64838 119520
2.64886 120960
2.64933 122400
2.64981 123840
2.65029 125280
2.65077 126720
2.65125 128160
2.65173 129600
2.6522 131040
2.65268 132480
2.65316 133920
2.65364 135360
2.84431 136800
2.84479 138240
2.84527 139680
2.84575 141120
2.84623 142560
2.84671 144000
2.84718 145440
2.84766 146880
2.84814 148320
2.84862 149760
2.8491 151200
2.84957 152640
2.85005 154080
2.85053 155520
2.85101 156960
2.86434 158400
2.86481 159840
2.86529 161280
2.86577 162720
2.86625 164160
2.86673 165600
2.8672 167040
2.86768 168480
2.86816 169920
2.86864 171360
2.86912 172800
2.86959 174240
2.87007 175680
2.87055 177120
2.87103 178560
2.87151 180000
2.87199 181440
2.87246 182880
2.87294 184320
2.87342 185760
2.8739 187200
2.87438 188640
2.87485 190080
2.87533 191520
2.87581 192960
2.87629 194400
2.87677 195840
2.87724 197280
2.87772 198720
2.8782 200160
2.87868 201600
2.87916 203040
3.06481 204480
3.06529 205920
3.06577 207360
3.06625 208800
3.06673 210240
3.0672 211680
3.06768 213120
3.06816 214560
3.06864 216000
3.06912 217440
3.06959 218880
3.07007 220320
3.07055 221760
3.07103 223200
3.07151 224640
3.07199 226080
3.07246 227520
3.07294 228960
3.07342 230400
3.0739 231840
3.07438 233280
3.07485 234720
3.0846 236160
3.08507 237600
3.08555 239040
3.08603 240480
3.08651 241920
3.08699 243360
3.08746 244800
3.08794 246240
3.08842 247680
3.0889 249120
3.08938 250560
3.08985 252000
3.09033 253440
3.09081 254880
3.09129 256320
3.09177 257760
3.09225 259200
3.09272 260640
3.0932 262080
3.09368 263520
3.09416 264960
3.09464 266400
3.09511 267840
3.09559 269280
3.09607 270720
3.09655 272160
3.09703 273600
3.0975 275040
3.09798 276480
3.09846 277920
3.09894 279360
3.09942 280800
3.09989 282240
3.10037 283680
3.10085 285120
3.10133 286560
3.10181 288000
3.10228 289440
3.10276 290880
3.10324 292320
3.10372 293760
3.1042 295200
3.10468 296640
3.10515 298080
3.10563 299520
3.10611 300960
3.10659 302400
3.10707 303840
3.28507 305280
3.28555 306720
3.28603 308160
3.28651 309600
3.28699 311040
3.28746 312480
3.28794 313920
3.28842 315360
3.2889 316800
3.28938 318240
3.28985 319680
3.29033 321120
3.29081 322560
3.29129 324000
3.29177 325440
3.29225 326880
3.29272 328320
3.2932 329760
3.29368 331200
3.29416 332640
3.29464 334080
3.29511 335520
3.29559 336960
3.29607 338400
3.29655 339840
3.29703 341280
3.2975 342720
3.29798 344160
3.29846 345600
3.29894 347040
3.29942 348480
3.29989 349920
3.30037 351360
3.30486 352800
3.30533 354240
3.30581 355680
3.30629 357120
3.30677 358560
3.30725 360000
3.30772 361440
3.3082 362880
3.30868 364320
3.30916 365760
3.30964 367200
3.31011 368640
3.31059 370080
3.31107 371520
3.31155 372960
3.31203 374400
3.31251 375840
3.31298 377280
3.31346 378720
3.31394 380160
3.31442 381600
3.3149 383040
3.31537 384480
3.31585 385920
3.31633 387360
3.31681 388800
3.31729 390240
3.31776 391680
3.31824 393120
3.31872 394560
3.3192 396000
3.31968 397440
3.32015 398880
3.32063 400320
3.32111 401760
3.32159 403200
3.32207 404640
3.32254 406080
3.32302 407520
3.3235 408960
3.32398 410400
3.32446 411840
3.32494 413280
3.32541 414720
3.32589 416160
3.32637 417600
3.32685 419040
3.32733 420480
3.3278 421920
3.32828 423360
3.32876 424800
3.32924 426240
3.32972 427680
3.33019 429120
3.33067 430560
3.33115 432000
3.33163 433440
3.33211 434880
3.33258 436320
3.33306 437760
3.33354 439200
3.33402 440640
3.3345 442080
3.33497 443520
3.33545 444960
3.33593 446400
3.33641 447840
3.33689 449280
3.33737 450720
3.33784 452160
3.33832 453600
3.3388 455040
3.50533 456480
3.50581 457920
3.50629 459360
3.50677 460800
3.50725 462240
3.50772 463680
3.5082 465120
3.50868 466560
3.50916 468000
3.50964 469440
3.51011 470880
3.51059 472320
3.51107 473760
3.51155 475200
3.51203 476640
3.51251 478080
3.51298 479520
3.51346 480960
3.51394 482400
3.51442 483840
3.5149 485280
3.51537 486720
3.51585 488160
3.51633 489600
3.51681 491040
3.51729 492480
3.51776 493920
3.51824 495360
3.51872 496800
3.5192 498240
3.51968 499680
3.52015 501120
3.52063 502560
3.52111 504000
3.52159 505440
3.52207 506880
3.52254 508320
3.52302 509760
3.5235 511200
3.52398 512640
3.52446 514080
3.52494 515520
3.52541 516960
3.52589 518400
3.52637 519840
3.52685 521280
3.52733 522720
3.5278 524160
3.52828 525600
3.52876 527040
3.52924 528480
3.52972 529920
3.53019 531360
3.53067 532800
3.53115 534240
3.53163 535680
3.53211 537120
3.53258 538560
3.53306 540000
3.53354 541440
3.53402 542880
3.5345 544320
3.53497 545760
3.53545 547200
3.53593 548640
3.53641 550080
3.53689 551520
3.53737 552960
3.53784 554400
3.53832 555840
3.5388 557280
3.53928 558720
3.53976 560160
3.54023 561600
3.54071 563040
3.54119 564480
3.54167 565920
3.54215 567360
3.54262 568800
3.5431 570240
3.54358 571680
3.54406 573120
3.54454 574560
3.54501 576000
3.54549 577440
3.54597 578880
3.54645 580320
3.54693 581760
3.5474 583200
3.54788 584640
3.54836 586080
3.54884 587520
3.54932 588960
3.5498 590400
3.55027 591840
3.55075 593280
3.55123 594720
3.55171 596160
3.55219 597600
3.55266 599040
3.55314 600480
3.55362 601920
3.5541 603360
3.55458 604800
3.55505 606240
3.55553 607680
3.55601 609120
3.55649 610560
3.55697 612000
3.55744 613440
3.55792 614880
3.5584 616320
3.55888 617760
3.55936 619200
3.55983 620640
3.56031 622080
3.56079 623520
3.56127 624960
3.56175 626400
3.56223 627840
3.5627 629280
3.56318 630720
3.56366 632160
3.56414 633600
3.56462 635040
3.56509 636480
3.56557 637920
3.56605 639360
3.56653 640800
3.56701 642240
3.56748 643680
3.56796 645120
3.56844 646560
3.56892 648000
3.5694 649440
3.56987 650880
3.57035 652320
3.57083 653760
3.57131 655200
3.57179 656640
3.57226 658080
3.57274 659520
3.57322 660960
3.5737 662400
3.57418 663840
3.57466 665280
3.57513 666720
3.57561 668160
3.57609 669600
3.57657 671040
3.57705 672480
3.57752 673920
3.578 675360
3.57848 676800
3.57896 678240
3.57944 679680
3.57991 681120
3.58039 682560
3.72583 684000
3.72631 685440
3.72679 686880
3.72727 688320
3.72775 689760
3.72822 691200
3.7287 692640
3.72918 694080
3.72966 695520
3.73014 696960
3.73061 698400
3.73109 699840
3.73157 701280
3.73205 702720
3.73253 704160
3.733 705600
3.73348 707040
3.73396 708480
3.73444 709920
3.73492 711360
3.73539 712800
3.73587 714240
3.73635 715680
3.73683 717120
3.73731 718560
3.73779 720000
3.73826 721440
3.73874 722880
3.73922 724320
3.7397 725760
3.74018 727200
3.74065 728640
3.74113 730080
3.74161 731520
3.74209 732960
3.74257 734400
3.74304 735840
3.74352 737280
3.744 738720
3.74448 740160
3.74496 741600
3.74543 743040
3.74591 744480
3.74639 745920
3.74687 747360
3.74735 748800
3.74782 750240
3.7483 751680
3.74878 753120
3.74926 754560
3.74974 756000
3.75022 757440
3.75069 758880
3.75117 760320
3.75165 761760
3.75213 763200
3.75261 764640
3.75308 766080
3.75356 767520
3.75404 768960
3.75452 770400
3.755 771840
3.75547 773280
3.75595 774720
3.75643 776160
3.75691 777600
3.75739 779040
3.75786 780480
3.75834 781920
3.75882 783360
3.7593 784800
3.75978 786240
3.76025 787680
3.76073 789120
3.76121 790560
3.76169 792000
3.76217 793440
3.76265 794880
3.76312 796320
3.7636 797760
3.76408 799200
3.76456 800640
3.76504 802080
3.76551 803520
3.76599 804960
3.76647 806400
3.76695 807840
3.76743 809280
3.7679 810720
3.76838 812160
3.76886 813600
3.76934 815040
3.76982 816480
3.77029 817920
3.77077 819360
3.77125 820800
3.77173 822240
3.77221 823680
3.77268 825120
3.77316 826560
3.77364 828000
3.77412 829440
3.7746 830880
3.77508 832320
3.77555 833760
3.77603 835200
3.77651 836640
3.77699 838080
3.77747 839520
3.77794 840960
3.77842 842400
3.7789 843840
3.77938 845280
3.77986 846720
3.78033 848160
3.78081 849600
3.78129 851040
3.78177 852480
3.78225 853920
3.78272 855360
3.7832 856800
3.78368 858240
3.78416 859680
3.78464 861120
3.78511 862560
3.78559 864000
3.78607 865440
3.78655 866880
3.78703 868320
3.78751 869760
3.78798 871200
3.78846 872640
3.78894 874080
3.78942 875520
3.7899 876960
3.79037 878400
3.79085 879840
3.79133 881280
3.79181 882720
3.79229 884160
3.79276 885600
3.79324 887040
3.79372 888480
3.7942 889920
3.79468 891360
3.79515 892800
3.79563 894240
3.79611 895680
3.79659 897120
3.79707 898560
3.79754 900000
3.79802 901440
3.7985 902880
3.79898 904320
3.79946 905760
3.79994 907200
3.80041 908640
3.80089 910080
3.80137 911520
3.80185 912960
3.80233 914400
3.8028 915840
3.80328 917280
3.80376 918720
3.80424 920160
3.80496 920160
3.80496 596160
4.43037 601920
4.44423 603360
4.46431 604800
4.48678 606240
4.51355 607680
4.6425 609120
4.6664 610560
4.68648 612000
4.70799 613440
4.73453 614880
4.86372 616320
4.88762 617760
4.90818 619200
4.92921 620640
4.95598 622080
5.08517 623520
5.1086 624960
5.12963 626400
5.15019 627840
5.1772 629280
5.30734 630720
5.32981 632160
5.35085 633600
5.37189 635040
5.39818 636480
5.5288 637920
5.55127 639360
5.57231 640800
5.59382 642240
5.61939 643680
5.75002 645120
5.77249 646560
5.794 648000
5.81551 649440
5.84085 650880
5.97147 652320
5.99346 653760
6.01545 655200
6.03697 656640
6.06206 658080
6.19317 659520
6.21468 660960
6.23667 662400
6.25866 663840
6.28304 665280
6.41438 666720
6.43637 668160
6.45837 669600
6.48083 671040
6.50426 672480
6.63536 673920
6.65783 675360
6.6803 676800
6.70277 678240
6.72571 679680
6.85658 681120
6.87905 682560
6.90199 684000
6.92446 685440
6.94741 686880
7.07803 688320
7.1005 689760
7.12345 691200
7.1464 692640
7.16934 694080
7.29925 695520
7.32219 696960
7.34514 698400
7.36857 699840
7.39152 701280
7.52022 702720
7.54365 704160
7.56708 705600
7.5905 707040
7.61393 708480
7.74144 709920
7.76487 711360
7.78877 712800
7.8122 714240
7.83228 715680
7.95429 717120
7.97485 718560
7.99445 720000
8.01453 721440
8.03461 722880
8.05421 724320
8.17551 725760
8.19582 727200
8.2159 728640
8.23646 730080
8.25654 731520
8.27662 732960
8.3972 734400
8.41728 735840
8.43784 737280
8.45792 738720
8.47847 740160
8.49903 741600
8.61842 743040
8.63897 744480
8.65953 745920
8.68009 747360
8.70065 748800
8.72168 750240
8.83963 751680
8.86067 753120
8.88123 754560
8.90226 756000
8.9233 757440
8.94385 758880
9.06085 760320
9.08188 761760
9.10292 763200
9.12443 764640
9.14547 766080
9.1665 767520
9.28254 768960
9.30358 770400
9.32509 771840
9.34613 773280
9.36764 774720
9.38916 776160
9.50376 777600
9.52527 779040
9.54679 780480
9.5683 781920
9.58981 783360
9.61181 784800
9.72498 786240
9.74697 787680
9.76848 789120
9.79047 790560
9.81246 792000
9.83398 793440
9.94619 794880
9.96818 796320
9.99018 797760
10.0126 799200
10.0346 800640
10.1366 802080
10.1679 803520
10.1899 804960
10.2123 806400
10.2343 807840
10.2568 809280
10.3587 810720
10.3891 812160
10.4116 813600
10.434 815040
10.4565 816480
10.479 817920
10.5809 819360
10.6103 820800
10.6333 822240
10.6557 823680
10.6787 825120
10.7016 826560
10.8021 828000
10.8315 829440
10.8545 830880
10.8774 832320
10.9009 833760
10.9238 835200
11.0243 836640
11.0532 838080
11.0762 839520
11.0996 840960
11.1226 842400
11.146 843840
11.2465 845280
11.2744 846720
11.2979 848160
11.3213 849600
11.3447 851040
11.3681 852480
11.4687 853920
11.4957 855360
11.5196 856800
11.543 858240
11.5669 859680
11.5908 861120
11.6899 862560
11.7169 864000
11.7408 865440
11.7647 866880
11.7891 868320
11.813 869760
11.912 871200
11.9386 872640
11.9625 874080
11.9869 875520
12.0108 876960
12.0351 878400
12.134 879840
12.1598 881280
12.1842 882720
12.2086 884160
12.2329 885600
12.2573 887040
12.3554 888480
12.381 889920
12.4059 891360
12.4302 892800
12.4551 894240
12.48 895680
12.5764 897120
12.6022 898560
12.6271 900000
12.6519 901440
12.6773 902880
12.7021 904320
12.7981 905760
12.8239 907200
12.8488 908640
12.8741 910080
12.899 911520
12.9243 912960
13.0198 914400
13.0451 915840
13.0705 917280
13.0958 918720
13.1211 920160
13.1465 921600
13.2412 923040
13.2666 924480
13.2924 925920
13.3177 927360
13.3436 928800
13.3694 930240
13.4622 931680
13.488 933120
13.5139 934560
13.5397 936000
13.566 937440
13.5918 938880
13.6837 940320
13.71 941760
13.7358 943200
13.7621 944640
13.7879 946080
13.8142 947520
13.9051 948960
13.9314 950400
13.9577 951840
13.984 953280
14.0103 954720
14.0366 956160
14.1228 957600
14.1452 959040
14.1682 960480
14.1911 961920
14.2136 963360
14.2365 964800
14.2595 966240
14.3442 967680
14.3672 969120
14.3901 970560
14.4131 972000
14.436 973440
14.4594 974880
14.4824 976320
14.5654 977760
14.5889 979200
14.6118 980640
14.6352 982080
14.6587 983520
14.6821 984960
14.705 986400
14.7869 987840
14.8103 989280
14.8337 990720
14.8576 992160
14.8811 993600
14.9045 995040
14.9279 996480
15.0086 997920
15.032 999360
15.0559 1000800
15.0798 1002240
15.1032 1003680
15.1272 1005120
15.1511 1006560
15.23 1008000
15.2539 1009440
15.2779 1010880
15.3018 1012320
15.3257 1013760
15.35 1015200
15.3739 1016640
15.4513 1018080
15.4756 1019520
15.4995 1020960
15.5239 1022400
15.5483 1023840
15.5727 1025280
15.5966 1026720
15.6727 1028160
15.6971 1029600
15.7215 1031040
15.7463 1032480
15.7707 1033920
15.7951 1035360
15.8195 1036800
15.8944 1038240
15.9188 1039680
15.9437 1041120
15.9685 1042560
15.9929 1044000
16.0178 1045440
16.0426 1046880
16.1159 1048320
16.1407 1049760
16.1656 1051200
16.1904 1052640
16.2153 1054080
16.2406 1055520
16.2655 1056960
16.3371 1058400
16.3624 1059840
16.3873 1061280
16.4126 1062720
16.438 1064160
16.4633 1065600
16.4882 1067040
16.5585 1068480
16.5839 1069920
16.6092 1071360
16.635 1072800
16.6604 1074240
16.6857 1075680
16.711 1077120
16.7802 1078560
16.8056 1080000
16.8314 1081440
16.8572 1082880
16.8825 1084320
16.9084 1085760
16.9697 1087200
17.0017 1088640
17.0275 1090080
17.0533 1091520
17.0791 1092960
17.105 1094400
17.1312 1095840
17.1916 1097280
17.2229 1098720
17.2492 1100160
17.275 1101600
17.3013 1103040
17.3276 1104480
17.3539 1105920
17.413 1107360
17.4444 1108800
17.4707 1110240
17.4969 1111680
17.5237 1113120
17.55 1114560
17.5763 1116000
17.635 1117440
17.6661 1118880
17.6923 1120320
17.7191 1121760
17.7459 1123200
17.7722 1124640
17.799 1126080
17.8569 1127520
17.8875 1128960
17.9143 1130400
17.9411 1131840
17.9678 1133280
17.9946 1134720
18.0218 1136160
18.0788 1137600
18.1087 1139040
18.136 1140480
18.1627 1141920
18.19 1143360
18.2172 1144800
18.2445 1146240
18.3003 1147680
18.3302 1149120
18.3574 1150560
18.3847 1152000
18.4124 1153440
18.4397 1154880
18.4669 1156320
18.5222 1157760
18.5519 1159200
18.5791 1160640
18.6069 1162080
18.6346 1163520
18.6618 1164960
18.6896 1166400
18.7442 1167840
18.7733 1169280
18.8011 1170720
18.8288 1172160
18.8565 1173600
18.8842 1175040
18.9124 1176480
18.9661 1177920
18.9945 1179360
19.0228 1180800
19.0505 1182240
19.0787 1183680
19.1069 1185120
19.1351 1186560
19.1873 1188000
19.216 1189440
19.2442 1190880
19.2724 1192320
19.3011 1193760
19.3293 1195200
19.3575 1196640
19.4088 1198080
19.4377 1199520
19.4659 1200960
19.4946 1202400
19.5233 1203840
19.5515 1205280
19.5802 1206720
19.6305 1208160
19.6591 1209600
19.6878 1211040
19.7165 1212480
19.7452 1213920
19.7739 1215360
19.8031 1216800
19.8519 1218240
19.8806 1219680
19.9098 1221120
19.9385 1222560
19.9676 1224000
19.9968 1225440
20.0259 1226880
20.0698 1228320
20.0951 1229760
20.1209 1231200
20.1463 1232640
20.1721 1234080
20.1974 1235520
20.2233 1236960
20.2486 1238400
20.2912 1239840
20.3171 1241280
20.3429 1242720
20.3687 1244160
20.3945 1245600
20.4203 1247040
20.4461 1248480
20.472 1249920
20.5127 1251360
20.539 1252800
20.5648 1254240
20.5911 1255680
20.6169 1257120
20.6432 1258560
20.669 1260000
20.6953 1261440
20.7346 1262880
20.7604 1264320
20.7867 1265760
20.813 1267200
20.8393 1268640
20.8656 1270080
20.8919 1271520
20.9187 1272960
20.9561 1274400
20.9824 1275840
21.0092 1277280
21.0354 1278720
21.0622 1280160
21.0885 1281600
21.1153 1283040
21.1416 1284480
21.1775 1285920
21.2043 1287360
21.2311 1288800
21.2579 1290240
21.2846 1291680
21.3114 1293120
21.3382 1294560
21.3649 1296000
21.399 1297440
21.4262 1298880
21.453 1300320
21.4803 1301760
21.507 1303200
21.5343 1304640
21.5611 1306080
21.5883 1307520
21.6209 1308960
21.6477 1310400
21.675 1311840
21.7022 1313280
21.7295 1314720
21.7567 1316160
21.784 1317600
21.8117 1319040
21.8424 1320480
21.8696 1321920
21.8974 1323360
21.9246 1324800
21.9523 1326240
21.9796 1327680
22.0073 1329120
22.0346 1330560
22.0638 1332000
22.0916 1333440
22.1193 1334880
22.147 1336320
22.1748 1337760
22.2025 1339200
22.2302 1340640
22.2579 1342080
22.2857 1343520
22.3139 1344960
22.3416 1346400
22.3698 1347840
22.3975 1349280
22.4257 1350720
22.4535 1352160
22.4817 1353600
22.5099 1355040
22.5376 1356480
22.5658 1357920
22.594 1359360
22.6222 1360800
22.6504 1362240
22.6787 1363680
22.7073 1365120
22.7355 1366560
22.7637 1368000
22.7924 1369440
22.8206 1370880
22.8493 1372320
22.8775 1373760
22.9062 1375200
22.9344 1376640
22.9631 1378080
22.9918 1379520
23.0205 1380960
23.0492 1382400
23.0778 1383840
23.1065 1385280
23.1352 1386720
23.1639 1388160
23.1926 1389600
23.2217 1391040
23.2504 1392480
23.2796 1393920
23.3083 1395360
23.3374 1396800
23.3661 1398240
23.3953 1399680
23.4245 1401120
23.4531 1402560
23.4823 1404000
23.5115 1405440
23.5406 1406880
23.5698 1408320
23.599 1409760
23.6286 1411200
23.6578 1412640
23.6869 1414080
23.7166 1415520
23.7457 1416960
23.7754 1418400
23.8045 1419840
23.8342 1421280
23.8633 1422720
23.893 1424160
23.9226 1425600
23.9523 1427040
23.9819 1428480
24.0115 1429920
24.0412 1431360
24.0708 1432800
24.1005 1434240
24.1301 1435680
24.1602 1437120
24.1899 1438560
24.22 1440000
24.2496 1441440
24.2797 1442880
24.3094 1444320
24.3395 1445760
24.3696 1447200
24.3993 1448640
24.4294 1450080
24.4595 1451520
24.4896 1452960
24.5197 1454400
24.5498 1455840
24.5804 1457280
24.6106 1458720
24.6407 1460160
24.6713 1461600
24.7014 1463040
24.732 1464480
24.7621 1465920
24.7927 1467360
24.8228 1468800
24.8534 1470240
24.884 1471680
24.9146 1473120
24.9452 1474560
24.9758 1476000
25.0064 1477440
25.037 1478880
25.0676 1480320
25.0982 1481760
25.1293 1483200
25.1599 1484640
25.191 1486080
25.2215 1487520
25.2526 1488960
25.2832 1490400
25.3143 1491840
25.3454 1493280
25.376 1494720
25.407 1496160
25.4384 1496160
25.4384 1000800
26.3071 1009440
26.3074 1009440
26.3074 660960
27.5539 660960
27.5539 1440
27.6552 2880
27.8755 4320
27.8757 5760
28.0958 7200
28.096 8640
28.0962 10080
28.0965 11520
28.316 12960
28.3163 14400
28.3165 15840
28.3167 17280
28.317 18720
28.3172 20160
28.3175 21600
28.5392 23040
28.5394 24480
28.5396 25920
28.5399 27360
28.5401 28800
28.5404 30240
28.5406 31680
28.5408 33120
28.5411 34560
28.5413 36000
28.5415 37440
28.5418 38880
28.542 40320
28.5423 41760
28.5425 43200
28.7594 44640
28.7597 46080
28.7599 47520
28.7601 48960
28.7604 50400
28.7606 51840
28.9821 53280
29.2023 54720
30.2023 54720
30.2023 1440
30.4226 2880
30.6429 4320
30.6431 5760
30.8631 7200
30.8634 8640
30.8636 10080
30.8638 11520
31.0834 12960
31.0836 14400
31.0841 15840
31.0843 17280
31.0846 18720
31.0848 20160
31.0851 21600
31.0853 23040
31.3036 24480
31.3039 25920
31.3041 27360
31.3041 60480
31.5289 61920
31.5342 63360
31.7499 64800
31.7552 66240
31.9704 67680
31.9761 69120
32.1914 70560
32.1971 72000
32.4124 73440
32.4186 74880
32.6333 76320
32.6396 77760
32.8538 79200
33.0686 80640
33.0753 82080
33.2896 83520
33.2963 84960
33.5103 86400
33.5175 87840
33.7313 89280
33.7385 90720
33.952 92160
33.9597 93600
34.173 95040
34.1807 96480
34.3937 97920
34.4019 99360
34.6147 100800
34.6228 102240
34.8355 103680
34.8441 105120
35.0564 106560
35.065 108000
35.2772 109440
35.2863 110880
35.4982 112320
35.5072 113760
35.7189 115200
35.7285 116640
35.9399 118080
35.9494 119520
36.1606 120960
36.1706 122400
36.3816 123840
36.3916 125280
36.6023 126720
36.6128 128160
36.8231 129600
36.8341 131040
37.0443 132480
37.0553 133920
37.265 135360
37.276 136800
37.4858 138240
37.4972 139680
37.7065 141120
37.7184 142560
37.9277 144000
38.1365 145440
38.1484 146880
38.357 148320
38.3694 149760
38.578 151200
38.5904 152640
38.7989 154080
38.8119 155520
39.0199 156960
39.0328 158400
39.2404 159840
39.2538 161280
39.4614 162720
39.4748 164160
39.6824 165600
39.6962 167040
39.9034 168480
39.9172 169920
40.1239 171360
40.1334 172800
40.143 174240
40.3448 175680
40.3549 177120
40.3644 178560
40.566 180000
40.5761 181440
40.5861 182880
40.787 184320
40.7971 185760
40.8076 187200
41.0078 188640
41.0183 190080
41.0288 191520
41.2287 192960
41.2397 194400
41.2503 195840
41.45 197280
41.461 198720
41.4719 200160
41.6709 201600
41.6819 203040
41.6934 204480
41.8917 205920
41.9031 207360
41.9146 208800
42.1126 210240
42.1246 211680
42.1361 213120
42.3339 214560
42.3458 216000
42.3578 217440
42.5548 218880
42.5668 220320
42.5792 221760
42.7756 223200
42.788 224640
42.8004 226080
42.9966 227520
43.0095 228960
43.0219 230400
43.2178 231840
43.2307 233280
43.2436 234720
43.4387 236160
43.4517 237600
43.465 239040
43.6595 240480
43.6729 241920
43.6863 243360
43.8805 244800
43.8943 246240
44.0878 247680
44.1017 249120
44.1155 250560
44.309 252000
44.3229 253440
44.3368 254880
44.53 256320
44.5439 257760
44.5582 259200
44.7507 260640
44.7651 262080
44.7799 263520
44.9717 264960
44.9865 266400
45.0014 267840
45.1929 269280
45.2078 270720
45.2226 272160
45.4139 273600
45.4287 275040
45.444 276480
45.6347 277920
45.65 279360
45.6657 280800
45.8556 282240
45.8714 283680
45.8872 285120
46.0769 286560
46.0926 288000
46.1084 289440
46.2978 290880
46.3136 292320
46.3299 293760
46.5186 295200
46.5348 296640
46.5516 298080
46.7395 299520
46.7563 300960
46.773 302400
46.9608 303840
46.9775 305280
46.9942 306720
47.1817 308160
47.1985 309600
47.2157 311040
47.4025 312480
47.4197 313920
47.4374 315360
47.6235 316800
47.6411 318240
47.6588 319680
47.8404 321120
47.8538 322560
47.8671 324000
47.8805 325440
48.0613 326880
48.0747 328320
48.0886 329760
48.102 331200
48.2823 332640
48.2962 334080
48.31 335520
48.3239 336960
48.5033 338400
48.5176 339840
48.5315 341280
48.5458 342720
48.7248 344160
48.7391 345600
48.7534 347040
48.7678 348480
48.9457 349920
48.9601 351360
48.9749 352800
48.9892 354240
49.1667 355680
49.1815 357120
49.1963 358560
49.2112 360000
49.3877 361440
49.403 362880
49.4178 364320
49.4331 365760
49.6091 367200
49.6244 368640
49.6397 370080
49.655 371520
49.8301 372960
49.8454 374400
49.8612 375840
49.8765 377280
50.0511 378720
50.0669 380160
50.0826 381600
50.0984 383040
50.2721 384480
50.2883 385920
50.3041 387360
50.3204 388800
50.4935 390240
50.5098 391680
50.526 393120
50.5423 394560
50.7145 396000
50.7308 397440
50.7475 398880
50.7637 400320
50.9355 401760
50.9522 403200
50.9689 404640
50.9857 406080
51.1565 407520
51.1737 408960
51.1904 410400
51.2076 411840
51.3779 413280
51.3951 414720
51.4123 416160
51.4295 417600
51.5989 419040
51.6161 420480
51.6338 421920
51.651 423360
51.8199 424800
51.8376 426240
51.8552 427680
51.8729 429120
52.0408 430560
52.059 432000
52.0767 433440
52.2441 434880
52.2623 436320
52.2805 437760
52.2986 439200
52.4653 440640
52.4835 442080
52.5017 443520
52.5203 444960
52.6861 446400
52.7047 447840
52.7234 449280
52.742 450720
52.9073 452160
52.9259 453600
52.9451 455040
52.9637 456480
53.1285 457920
53.1476 459360
53.1668 460800
53.1859 462240
53.3497 463680
53.3689 465120
53.388 466560
53.4076 468000
53.5705 469440
53.5901 470880
53.6097 472320
53.6293 473760
53.7917 475200
53.8113 476640
53.8314 478080
53.851 479520
54.0129 480960
54.033 482400
54.0531 483840
54.0731 485280
54.2341 486720
54.2542 488160
54.2743 489600
54.2948 491040
54.4549 492480
54.4754 493920
54.496 495360
54.5165 496800
54.6761 498240
54.6966 499680
54.7177 501120
54.7344 502560
54.8892 504000
54.9059 505440
54.9226 506880
54.9394 508320
54.9561 509760
55.1104 511200
55.1271 512640
55.1443 514080
55.1611 515520
55.1783 516960
55.3314 518400
55.3486 519840
55.3658 521280
55.383 522720
55.4007 524160
55.5526 525600
55.5703 527040
55.5875 528480
55.6052 529920
55.6229 531360
55.774 532800
55.7917 534240
55.8094 535680
55.8271 537120
55.8448 538560
55.9952 540000
56.0129 541440
56.0311 542880
56.0488 544320
56.067 545760
56.2162 547200
56.2344 548640
56.2526 550080
56.2707 551520
56.2894 552960
56.4374 554400
56.4561 555840
56.4743 557280
56.4929 558720
56.5115 560160
56.6589 561600
56.6775 563040
56.6962 564480
56.7148 565920
56.7335 567360
56.8801 568800
56.8988 570240
56.9179 571680
56.9365 573120
56.9556 574560
57.1011 576000
57.1202 577440
57.1393 578880
57.1585 580320
57.1781 581760
57.3223 583200
57.3419 584640
57.361 586080
57.3806 587520
57.4002 588960
57.5438 590400
57.5634 591840
57.583 593280
57.6026 594720
57.6222 596160
57.765 597600
57.7846 599040
57.8047 600480
57.8243 601920
57.8443 603360
57.986 604800
58.006 606240
58.0261 607680
58.0462 609120
58.0667 610560
58.2072 612000
58.2277 613440
58.2478 614880
58.2684 616320
58.2889 617760
58.4286 619200
58.4492 620640
58.4697 622080
58.4903 623520
58.5109 624960
58.6498 626400
58.6704 627840
58.6914 629280
58.712 630720
58.733 632160
58.8708 633600
58.8919 635040
58.9129 636480
58.9339 637920
58.9554 639360
59.092 640800
59.1135 642240
59.1346 643680
59.1561 645120
59.1776 646560
59.3135 648000
59.335 649440
59.3565 650880
59.378 652320
59.3995 653760
59.5347 655200
59.5562 656640
59.5782 658080
59.5997 659520
59.6217 660960
59.7557 662400
59.7777 663840
59.7997 665280
59.8217 666720
59.8441 668160
59.9769 669600
59.9994 671040
60.0214 672480
60.0438 673920
60.0663 675360
60.1984 676800
60.2208 678240
60.2433 679680
60.2658 681120
60.3966 682560
60.4196 684000
60.442 685440
60.465 686880
60.4875 688320
60.6178 689760
60.6408 691200
60.6637 692640
60.6867 694080
60.7096 695520
60.8393 696960
60.8622 698400
60.8857 699840
60.9086 701280
60.932 702720
61.0605 704160
61.0839 705600
61.1074 707040
61.1308 708480
61.1542 709920
61.2815 711360
61.3054 712800
61.3288 714240
61.3489 715680
61.3685 717120
61.3881 718560
61.5108 720000
61.5309 721440
61.5505 722880
61.5706 724320
61.5907 725760
61.6108 727200
61.732 728640
61.7521 730080
61.7727 731520
61.7928 732960
61.8128 734400
61.8334 735840
61.9537 737280
61.9738 738720
61.9944 740160
62.0149 741600
62.0355 743040
62.0561 744480
62.175 745920
62.1955 747360
62.2161 748800
62.2371 750240
62.2577 751680
62.2782 753120
62.3962 754560
62.4172 756000
62.4378 757440
62.4588 758880
62.4798 760320
62.5009 761760
62.6174 763200
62.6384 764640
62.6599 766080
62.681 767520
62.702 768960
62.7235 770400
62.8391 771840
62.8601 773280
62.8816 774720
62.9031 776160
62.9247 777600
62.9462 779040
63.0603 780480
63.0818 781920
63.1033 783360
63.1253 784800
63.1468 786240
63.1683 787680
63.2815 789120
63.3035 790560
63.325 792000
63.347 793440
63.369 794880
63.4807 796320
63.5027 797760
63.5247 799200
63.5472 800640
63.5692 802080
63.5912 803520
63.7022 804960
63.7247 806400
63.7467 807840
63.7691 809280
63.7916 810720
63.8141 812160
63.9237 813600
63.9461 815040
63.9686 816480
63.9911 817920
64.014 819360
64.0365 820800
64.1446 822240
64.1676 823680
64.1905 825120
64.213 826560
64.2359 828000
64.2589 829440
64.3661 830880
64.389 832320
64.412 833760
64.4354 835200
64.4584 836640
64.4813 838080
64.5875 839520
64.611 840960
64.6339 842400
64.6573 843840
64.6808 845280
64.7042 846720
64.809 848160
64.8324 849600
64.8558 851040
64.8793 852480
64.9032 853920
64.9266 855360
65.03 856800
65.0539 858240
65.0778 859680
65.1012 861120
65.1251 862560
65.149 864000
65.2514 865440
65.2753 866880
65.2992 868320
65.3236 869760
65.3475 871200
65.3714 872640
65.4729 874080
65.4973 875520
65.5212 876960
65.5456 878400
65.5699 879840
65.5943 881280
65.6943 882720
65.7187 884160
65.7431 885600
65.7675 887040
65.7923 888480
65.8167 889920
65.9153 891360
65.9402 892800
65.965 894240
65.9894 895680
66.0143 897120
66.0391 898560
66.1368 900000
66.1616 901440
66.1865 902880
66.2118 904320
66.2367 905760
66.2615 907200
66.3582 908640
66.3836 910080
66.4084 911520
66.4338 912960
66.4591 914400
66.4844 915840
66.5797 917280
66.605 918720
66.6304 920160
66.6557 921600
66.6815 923040
66.7069 924480
66.8007 925920
66.8265 927360
66.8523 928800
66.8776 930240
66.9034 931680
66.9293 933120
67.0221 934560
67.0479 936000
67.0737 937440
67.1 938880
67.1259 940320
67.1517 941760
67.2436 943200
67.2699 944640
67.2957 946080
67.322 947520
67.3483 948960
67.3746 950400
67.465 951840
67.4913 953280
67.5176 954720
67.5439 956160
67.5669 957600
67.5893 959040
67.675 960480
67.6975 961920
67.7204 963360
67.7434 964800
67.7663 966240
67.7893 967680
67.8122 969120
67.8965 970560
67.9194 972000
67.9424 973440
67.9653 974880
67.9887 976320
68.0117 977760
68.0351 979200
68.1177 980640
68.1411 982080
68.1645 983520
68.1875 984960
68.2109 986400
68.2343 987840
68.2578 989280
68.3391 990720
68.3626 992160
68.3865 993600
68.4099 995040
68.4333 996480
68.4572 997920
68.4806 999360
68.5608 1000800
68.5843 1002240
68.6082 1003680
68.6321 1005120
68.656 1006560
68.6799 1008000
68.7038 1009440
68.7823 1010880
68.8062 1012320
68.8301 1013760
68.854 1015200
68.8784 1016640
68.9023 1018080
68.9267 1019520
69.0035 1020960
69.0279 1022400
69.0523 1023840
69.0762 1025280
69.1005 1026720
69.1249 1028160
69.1493 1029600
69.225 1031040
69.2493 1032480
69.2742 1033920
69.2986 1035360
69.323 1036800
69.3478 1038240
69.3722 1039680
69.4466 1041120
69.471 1042560
69.4959 1044000
69.5208 1045440
69.5456 1046880
69.5705 1048320
69.5953 1049760
69.6681 1051200
69.693 1052640
69.7178 1054080
69.7427 1055520
69.768 1056960
69.7929 1058400
69.8182 1059840
69.8893 1061280
69.9147 1062720
69.94 1064160
69.9649 1065600
69.9902 1067040
70.0155 1068480
70.0409 1069920
70.1108 1071360
70.1361 1072800
70.1619 1074240
70.1873 1075680
70.2126 1077120
70.2384 1078560
70.2638 1080000
70.3325 1081440
70.3578 1082880
70.3836 1084320
70.4094 1085760
70.4353 1087200
70.4611 1088640
70.4869 1090080
70.5539 1091520
70.5797 1092960
70.6056 1094400
70.6314 1095840
70.6577 1097280
70.6835 1098720
70.7098 1100160
70.7751 1101600
70.8014 1103040
70.8277 1104480
70.8535 1105920
70.8798 1107360
70.9061 1108800
70.9324 1110240
70.9966 1111680
71.0229 1113120
71.0497 1114560
71.076 1116000
71.1023 1117440
71.129 1118880
71.1553 1120320
71.2183 1121760
71.2446 1123200
71.2714 1124640
71.2981 1126080
71.3249 1127520
71.3517 1128960
71.3784 1130400
71.4397 1131840
71.4665 1133280
71.4933 1134720
71.5201 1136160
71.5473 1137600
71.5741 1139040
71.6013 1140480
71.661 1141920
71.6882 1143360
71.7155 1144800
71.7422 1146240
71.7695 1147680
71.7967 1149120
71.824 1150560
71.8824 1152000
71.9097 1153440
71.9374 1154880
71.9646 1156320
71.9919 1157760
72.0196 1159200
72.0469 1160640
72.1041 1162080
72.1314 1163520
72.1591 1164960
72.1868 1166400
72.2145 1167840
72.2423 1169280
72.27 1170720
72.3256 1172160
72.3533 1173600
72.381 1175040
72.4088 1176480
72.437 1177920
72.4647 1179360
72.5191 1180800
72.5468 1182240
72.575 1183680
72.6032 1185120
72.6309 1186560
72.6591 1188000
72.6873 1189440
72.7403 1190880
72.7685 1192320
72.7967 1193760
72.8254 1195200
72.8536 1196640
72.8818 1198080
72.9105 1199520
72.9617 1200960
72.9904 1202400
73.0186 1203840
73.0473 1205280
73.076 1206720
73.1047 1208160
73.1334 1209600
73.1834 1211040
73.2121 1212480
73.2408 1213920
73.2695 1215360
73.2982 1216800
73.3273 1218240
73.356 1219680
73.4049 1221120
73.4336 1222560
73.4627 1224000
73.4919 1225440
73.5206 1226880
73.5464 1228320
73.5717 1229760
73.5971 1231200
73.6409 1232640
73.6662 1234080
73.6921 1235520
73.7174 1236960
73.7432 1238400
73.769 1239840
73.7949 1241280
73.8207 1242720
73.8626 1244160
73.8884 1245600
73.9142 1247040
73.9401 1248480
73.9659 1249920
73.9917 1251360
74.0175 1252800
74.0438 1254240
74.0838 1255680
74.1101 1257120
74.1359 1258560
74.1622 1260000
74.1885 1261440
74.2143 1262880
74.2406 1264320
74.2669 1265760
74.3055 1267200
74.3318 1268640
74.3581 1270080
74.3844 1271520
74.4107 1272960
74.4375 1274400
74.4638 1275840
74.4901 1277280
74.5272 1278720
74.5535 1280160
74.5803 1281600
74.6066 1283040
74.6333 1284480
74.6601 1285920
74.6869 1287360
74.7221 1288800
74.7489 1290240
74.7757 1291680
74.8024 1293120
74.8292 1294560
74.856 1296000
74.8828 1297440
74.9095 1298880
74.9436 1300320
74.9704 1301760
74.9976 1303200
75.0244 1304640
75.0516 1306080
75.0789 1307520
75.1057 1308960
75.1329 1310400
75.165 1311840
75.1923 1313280
75.2195 1314720
75.2468 1316160
75.274 1317600
75.3013 1319040
75.329 1320480
75.3563 1321920
75.3865 1323360
75.4142 1324800
75.4415 1326240
75.4692 1327680
75.4965 1329120
75.5242 1330560
75.5519 1332000
75.5796 1333440
75.6084 1334880
75.6362 1336320
75.6639 1337760
75.6916 1339200
75.7193 1340640
75.7471 1342080
75.7748 1343520
75.8025 1344960
75.8307 1346400
75.8585 1347840
75.8867 1349280
75.9144 1350720
75.9426 1352160
75.9708 1353600
75.9985 1355040
76.0268 1356480
76.055 1357920
76.0832 1359360
76.1114 1360800
76.1396 1362240
76.1678 1363680
76.196 1365120
76.2247 1366560
76.2529 1368000
76.2811 1369440
76.3098 1370880
76.338 1372320
76.3667 1373760
76.3949 1375200
76.4236 1376640
76.4522 1378080
76.4809 1379520
76.5096 1380960
76.5383 1382400
76.567 1383840
76.5957 1385280
76.6243 1386720
76.653 1388160
76.6817 1389600
76.7104 1391040
76.7396 1392480
76.7682 1393920
76.7974 1395360
76.8261 1396800
76.8553 1398240
76.8844 1399680
76.9131 1401120
76.9423 1402560
76.9714 1404000
77.0006 1405440
77.0298 1406880
77.0589 1408320
77.0881 1409760
77.1172 1411200
77.1469 1412640
77.176 1414080
77.2052 1415520
77.2349 1416960
77.264 1418400
77.2937 1419840
77.3228 1421280
77.3525 1422720
77.3821 1424160
77.4117 1425600
77.4414 1427040
77.471 1428480
77.5007 1429920
77.5303 1431360
77.5599 1432800
77.5896 1434240
77.6192 1435680
77.6489 1437120
77.679 1438560
77.7086 1440000
77.7387 1441440
77.7684 1442880
77.7985 1444320
77.8286 1445760
77.8583 1447200
77.8884 1448640
77.9185 1450080
77.9486 1451520
77.9787 1452960
78.0089 1454400
78.039 1455840
78.0691 1457280
78.0997 1458720
78.1298 1460160
78.1599 1461600
78.1905 1463040
78.2207 1464480
78.2512 1465920
78.2814 1467360
78.312 1468800
78.3426 1470240
78.3732 1471680
78.4038 1473120
78.4344 1474560
78.4649 1476000
78.4955 1477440
78.5261 1478880
78.5567 1480320
78.5873 1481760
78.6179 1483200
78.649 1484640
78.6796 1486080
78.7107 1487520
78.7413 1488960
78.7724 1490400
78.8034 1491840
78.834 1493280
78.8651 1494720
78.8962 1496160
78.927 1496160
78.927 1000800
79.7958 1009440
79.796 1009440
79.796 659520
81.0426 659520
81.0426 1440
81.1439 2880
81.3642 4320
81.3644 5760
81.5844 7200
81.5847 8640
81.5849 10080
81.5851 11520
81.8047 12960
81.8049 14400
81.8052 15840
81.8054 17280
81.8056 18720
81.8059 20160
81.8061 21600
81.8064 23040
82.0249 24480
82.2452 25920
82.2454 27360
82.2457 28800
82.2459 30240
82.2462 31680
82.2464 33120
82.2466 34560
82.2469 36000
82.2471 37440
82.2474 38880
82.2476 40320
82.2478 41760
82.2481 43200
82.2483 44640
82.2486 46080
82.2488 47520
82.249 48960
82.4655 50400
82.4657 51840
82.6862 53280
82.9065 54720
83.9065 54720
83.9065 1440
84.1267 2880
84.347 4320
84.3472 5760
84.5673 7200
84.5675 8640
84.5677 10080
84.568 11520
84.7875 12960
84.7878 14400
84.788 15840
84.7885 17280
84.7887 18720
84.789 20160
84.7892 21600
84.7894 23040
85.0078 24480
85.008 25920
85.2321 27360
85.2321 51840
85.2335 53280
85.4583 54720
85.6793 56160
85.8955 57600
85.9003 59040
86.1163 60480
86.1215 61920
86.337 63360
86.3423 64800
86.5582 66240
86.5635 67680
86.779 69120
86.7847 70560
87.0002 72000
87.2152 73440
87.2209 74880
87.4357 76320
87.4424 77760
87.6566 79200
87.6633 80640
87.8776 82080
87.8843 83520
88.0986 84960
88.1053 86400
88.3191 87840
88.3267 89280
88.5401 90720
88.5477 92160
88.7611 93600
88.7687 95040
88.982 96480
88.9897 97920
89.2025 99360
89.2111 100800
89.4235 102240
89.4321 103680
89.6445 105120
89.6531 106560
89.8655 108000
89.8741 109440
90.086 110880
90.0955 112320
90.3069 113760
90.3165 115200
90.5279 116640
90.5375 118080
90.7489 119520
90.7585 120960
90.9694 122400
90.9799 123840
91.1904 125280
91.2009 126720
91.4113 128160
91.4219 129600
91.6323 131040
91.6428 132480
91.8528 133920
91.8643 135360
92.0738 136800
92.0853 138240
92.2948 139680
92.3062 141120
92.5158 142560
92.5272 144000
92.7363 145440
92.7487 146880
92.9572 148320
92.9697 149760
93.1782 151200
93.1906 152640
93.3992 154080
93.4116 155520
93.6197 156960
93.6331 158400
93.8407 159840
93.854 161280
94.0616 162720
94.075 164160
94.2826 165600
94.296 167040
94.5031 168480
94.5175 169920
94.7241 171360
94.7337 172800
94.9355 174240
94.9451 175680
94.9551 177120
95.1565 178560
95.1665 180000
95.1766 181440
95.3777 182880
95.3877 184320
95.3978 185760
95.5987 187200
95.6087 188640
95.6192 190080
95.8194 191520
95.8299 192960
95.8409 194400
96.0404 195840
96.0514 197280
96.0624 198720
96.2616 200160
96.2726 201600
96.2836 203040
96.4826 204480
96.4936 205920
96.5051 207360
96.7033 208800
96.7148 210240
96.7267 211680
96.9243 213120
96.9363 214560
96.9482 216000
97.1455 217440
97.1575 218880
97.1694 220320
97.3665 221760
97.3784 223200
97.3909 224640
97.5872 226080
97.5997 227520
97.6126 228960
97.8082 230400
97.8211 231840
97.834 233280
98.0294 234720
98.0423 236160
98.0552 237600
98.2504 239040
98.2633 240480
98.2767 241920
98.4711 243360
98.4845 244800
98.6668 246240
98.6921 247680
98.706 249120
98.8995 250560
98.9133 252000
98.9272 253440
99.1202 254880
99.1346 256320
99.1484 257760
99.3412 259200
99.3555 260640
99.3699 262080
99.5624 263520
99.5767 264960
99.5916 266400
99.7834 267840
99.7982 269280
99.813 270720
100.004 272160
100.019 273600
100.034 275040
