0.0 0
0.0400937 1440
0.0400937 1440
0.0813762 2880
0.123822 4320
0.166268 5760
0.207519 7200
0.209909 8640
0.249965 10080
0.252355 11520
0.254746 12960
0.292411 14400
0.294801 15840
0.297192 17280
0.299582 18720
0.333662 20160
0.336052 21600
0.338442 23040
0.340833 24480
0.343223 25920
0.345614 27360
0.374912 28800
0.377303 30240
0.379693 31680
0.382084 33120
0.384474 34560
0.386864 36000
0.389255 37440
0.391645 38880
0.394036 40320
0.416163 41760
0.418554 43200
0.420944 44640
0.423334 46080
0.425725 47520
0.428115 48960
0.430506 50400
0.432896 51840
0.435286 53280
0.437677 54720
0.440067 56160
0.442458 57600
0.444848 59040
0.447238 60480
0.458609 61920
0.461 63360
0.46339 64800
0.46578 66240
0.468171 67680
0.470561 69120
0.472952 70560
0.475342 72000
0.477732 73440
0.480123 74880
0.482513 76320
0.484904 77760
0.487294 79200
0.489684 80640
0.492075 82080
0.494465 83520
0.496856 84960
0.499246 86400
0.501636 87840
0.504027 89280
0.506417 90720
0.508808 92160
0.511198 93600
0.513588 95040
0.515979 96480
0.518369 97920
0.52076 99360
0.52315 100800
0.52554 102240
0.527931 103680
0.530321 105120
0.532712 106560
0.535102 108000
0.537492 109440
0.539883 110880
0.542273 112320
0.544664 113760
0.547054 115200
0.549444 116640
0.551835 118080
0.554225 119520
0.556616 120960
0.559006 122400
0.561396 123840
0.563787 125280
0.566177 126720
0.568568 128160
0.570958 129600
0.573348 131040
0.575739 132480
0.578129 133920
0.58052 135360
0.58291 136800
0.5853 138240
0.587691 139680
0.590081 141120
0.592472 142560
0.594862 144000
0.597252 145440
0.599643 146880
0.602033 148320
0.604424 149760
0.606814 151200
0.609204 152640
0.611595 154080
0.613985 155520
0.616375 156960
0.618766 158400
0.621156 159840
0.623547 161280
0.625937 162720
0.628327 164160
0.630718 165600
0.633108 167040
0.635499 168480
0.637889 169920
0.640279 171360
0.64267 172800
0.64506 174240
0.647451 175680
0.649841 177120
0.652231 178560
0.654622 180000
0.657012 181440
0.659403 182880
0.661793 184320
0.664183 185760
0.666574 187200
0.668964 188640
0.671355 190080
0.673745 191520
0.676135 192960
0.678526 194400
0.680916 195840
0.683307 197280
0.685697 198720
0.688087 200160
0.690478 201600
0.692868 203040
0.695259 204480
0.697649 205920
0.700039 207360
0.70243 208800
0.70482 210240
0.707211 211680
0.709601 213120
0.711991 214560
0.714382 216000
0.716772 217440
0.719163 218880
0.721553 220320
0.723943 221760
0.726334 223200
0.728724 224640
0.731115 226080
0.733505 227520
0.735895 228960
0.738286 230400
0.740676 231840
0.743067 233280
0.745457 234720
0.747847 236160
0.750238 237600
0.752628 239040
0.755019 240480
0.757409 241920
0.759799 243360
0.76219 244800
0.76458 246240
0.766971 247680
0.769361 249120
0.771751 250560
0.774142 252000
0.776532 253440
0.778923 254880
0.781313 256320
0.783703 257760
0.786094 259200
0.788484 260640
0.790875 262080
0.793265 263520
0.795655 264960
0.798046 266400
0.800436 267840
0.802827 269280
0.805217 270720
0.807607 272160
0.809998 273600
0.812388 275040
0.814779 276480
0.817169 277920
0.819559 279360
0.82195 280800
0.82434 282240
0.826731 283680
0.829121 285120
0.831511 286560
0.833902 288000
0.836292 289440
0.838683 290880
0.841073 292320
0.843463 293760
0.845854 295200
0.848244 296640
0.850635 298080
0.853025 299520
0.855415 300960
0.857806 302400
0.860196 303840
0.862586 305280
0.864977 306720
0.867367 308160
0.869758 309600
0.872148 311040
0.874538 312480
0.878137 312480
0.878137 270720
1.24387 270720
1.24387 233280
2.29766 233280
2.29766 1440
2.30879 2880
2.4056 4320
2.4068 5760
2.44687 7200
2.44806 8640
2.44926 10080
2.45045 11520
2.48813 12960
2.48932 14400
2.49052 15840
2.49171 17280
2.49291 18720
2.4941 20160
2.4953 21600
2.4965 23040
2.52939 24480
2.53059 25920
2.53178 27360
2.53298 28800
2.53417 30240
2.53537 31680
2.53656 33120
2.53776 34560
2.53895 36000
2.54015 37440
2.54134 38880
2.54254 40320
2.54373 41760
2.54493 43200
2.54613 44640
2.54732 46080
2.57066 47520
2.57185 48960
2.57305 50400
2.57424 51840
2.57544 53280
2.57663 54720
2.57783 56160
2.57902 57600
2.58022 59040
2.58141 60480
2.5838 61920
2.58499 63360
2.58619 64800
2.58738 66240
2.58858 67680
2.58977 69120
2.59097 70560
2.59216 72000
2.59336 73440
2.59455 74880
2.59575 76320
2.59694 77760
2.59814 79200
2.59933 80640
2.60053 82080
2.60172 83520
2.60292 84960
2.60412 86400
2.60531 87840
2.60651 89280
2.6077 90720
2.6089 92160
2.61191 93600
2.61311 95040
2.6143 96480
2.6155 97920
2.61669 99360
2.61789 100800
2.61908 102240
2.62028 103680
2.62148 105120
2.62267 106560
2.78522 106560
2.78522 77760
2.96154 79200
3.05954 80640
3.1193 82080
3.17906 83520
3.23882 84960
3.29858 86400
3.35834 87840
3.4181 89280
3.47786 90720
3.53762 92160
3.59738 93600
3.65714 95040
3.7169 96480
3.77666 97920
3.83642 99360
3.89618 100800
3.95594 102240
4.0157 103680
4.07546 105120
4.13522 106560
4.19498 108000
4.25474 109440
4.3145 110880
4.37426 112320
4.43402 113760
4.49378 115200
4.55354 116640
4.6133 118080
4.67306 119520
4.73282 120960
4.79258 122400
4.85234 123840
4.9121 125280
4.97186 126720
5.03162 128160
5.09138 129600
5.15114 131040
5.2109 132480
5.27066 133920
5.33042 135360
5.39018 136800
5.44994 138240
5.5097 139680
5.56946 141120
5.62922 142560
5.68898 144000
5.74874 145440
5.8085 146880
5.86826 148320
5.92802 149760
5.98778 151200
6.04754 152640
6.1073 154080
6.16706 155520
6.22682 156960
6.28658 158400
6.34634 159840
6.4061 161280
6.46586 162720
6.52562 164160
6.58538 165600
6.64514 167040
6.7049 168480
6.76466 169920
6.82442 171360
6.88418 172800
6.94394 174240
7.0037 175680
7.06346 177120
7.12322 178560
7.18298 180000
7.24274 181440
7.3025 182880
7.36226 184320
7.42202 185760
7.48178 187200
7.54154 188640
7.6013 190080
7.66106 191520
7.72082 192960
7.78058 194400
7.84034 195840
7.9001 197280
7.95986 198720
8.01962 200160
8.07938 201600
8.13914 203040
8.1989 204480
8.25866 205920
8.31842 207360
8.37818 208800
8.43794 210240
8.4977 211680
8.55388 211680
8.55388 181440
8.82279 184320
8.88375 185760
8.9447 187200
9.00446 188640
9.06422 190080
9.12398 191520
9.18374 192960
9.2435 194400
9.30326 195840
9.36302 197280
9.42278 198720
9.48254 200160
9.5423 201600
9.60206 203040
9.66182 204480
9.72158 205920
9.78134 207360
9.8411 208800
9.90086 210240
9.96062 211680
10.0168 181440
10.2857 184320
10.3467 185760
10.4076 187200
10.4674 188640
10.5271 190080
10.5869 191520
10.6467 192960
10.7064 194400
10.7662 195840
10.8259 197280
10.8857 198720
10.9455 200160
11.0052 201600
11.065 203040
11.1247 204480
11.1845 205920
11.2443 207360
11.304 208800
11.3638 210240
11.4235 211680
11.4797 181440
11.7486 184320
11.8096 185760
11.8706 187200
11.9303 188640
11.9901 190080
12.0498 191520
12.1096 192960
12.1694 194400
12.2291 195840
12.2889 197280
12.3486 198720
12.4084 200160
12.4682 201600
12.5279 203040
12.5877 204480
12.6474 205920
12.7072 207360
12.767 208800
12.8267 210240
12.8865 211680
12.9427 181440
13.2116 184320
13.2725 185760
13.3335 187200
13.3932 188640
13.453 190080
13.5128 191520
13.5725 192960
13.6323 194400
13.692 195840
13.7518 197280
13.8116 198720
13.8713 200160
13.9311 201600
13.9908 203040
14.0506 204480
14.1104 205920
14.1701 207360
14.2299 208800
14.2896 210240
14.3494 211680
14.4056 181440
14.6745 184320
14.7354 185760
14.7964 187200
14.8562 188640
14.9159 190080
14.9757 191520
15.0354 192960
15.0952 194400
15.155 195840
15.2147 197280
15.2745 198720
15.3342 200160
15.394 201600
15.4538 203040
15.5135 204480
15.5733 205920
15.633 207360
15.6928 208800
15.7526 210240
15.8123 211680
15.8685 181440
16.1374 184320
16.1984 185760
16.2593 187200
16.3191 188640
16.3788 190080
16.4386 191520
16.4984 192960
16.5581 194400
16.6179 195840
16.6776 197280
16.7374 198720
16.7972 200160
16.8569 201600
16.9167 203040
16.9764 204480
17.0362 205920
17.096 207360
17.1557 208800
17.2155 210240
17.2752 211680
17.3314 181440
17.6003 184320
17.6613 185760
17.7222 187200
17.782 188640
17.8418 190080
17.9015 191520
17.9613 192960
18.021 194400
18.0808 195840
18.1406 197280
18.2003 198720
18.2601 200160
18.3198 201600
18.3796 203040
18.4394 204480
18.4991 205920
18.5589 207360
18.6186 208800
18.6784 210240
18.7382 211680
18.7943 181440
19.0633 184320
19.1242 185760
19.1852 187200
19.2449 188640
19.3047 190080
19.3644 191520
19.4242 192960
19.484 194400
19.5437 195840
19.6035 197280
19.6632 198720
19.723 200160
19.7828 201600
19.8425 203040
19.9023 204480
19.962 205920
20.0218 207360
20.0816 208800
20.1413 210240
20.2011 211680
20.2573 181440
20.5262 184320
20.5871 185760
20.6481 187200
20.7079 188640
20.7676 190080
20.8274 191520
20.8871 192960
20.9469 194400
21.0067 195840
21.0664 197280
21.1262 198720
21.1859 200160
21.2457 201600
21.3055 203040
21.3652 204480
21.425 205920
21.4847 207360
21.5445 208800
21.6043 210240
21.664 211680
21.7202 181440
21.9891 184320
22.0501 185760
22.111 187200
22.1708 188640
22.2305 190080
22.2903 191520
22.3501 192960
22.4098 194400
22.4696 195840
22.5293 197280
22.5891 198720
22.6489 200160
22.7086 201600
22.7684 203040
22.8281 204480
22.8879 205920
22.9477 207360
23.0074 208800
23.0672 210240
23.1269 211680
23.1831 181440
23.452 184320
23.513 185760
23.5739 187200
23.6337 188640
23.6935 190080
23.7532 191520
23.813 192960
23.8727 194400
23.9325 195840
23.9923 197280
24.052 198720
24.1118 200160
24.1715 201600
24.2313 203040
24.2911 204480
24.3508 205920
24.4106 207360
24.4703 208800
24.5301 210240
24.5899 211680
24.646 181440
24.915 184320
24.9759 185760
25.0369 187200
25.0966 188640
25.1564 190080
25.2161 191520
25.2759 192960
25.3357 194400
25.3954 195840
25.4552 197280
25.5149 198720
25.5747 200160
25.6345 201600
25.6942 203040
25.754 204480
25.8137 205920
25.8735 207360
25.9333 208800
25.993 210240
26.0528 211680
26.109 181440
26.3779 184320
26.4388 185760
26.4998 187200
26.5595 188640
26.6193 190080
26.6791 191520
26.7388 192960
26.7986 194400
26.8583 195840
26.9181 197280
26.9779 198720
27.0376 200160
27.0974 201600
27.1571 203040
27.2169 204480
27.2767 205920
27.3364 207360
27.3962 208800
27.4559 210240
27.5157 211680
27.5719 181440
27.8408 184320
27.9018 185760
27.9627 187200
28.0225 188640
28.0822 190080
28.142 191520
28.2018 192960
28.2615 194400
28.3213 195840
28.381 197280
28.4408 198720
28.5006 200160
28.5603 201600
28.6201 203040
28.6798 204480
28.7396 205920
28.7994 207360
28.8591 208800
28.9189 210240
28.9786 211680
29.0348 181440
29.3037 184320
29.3647 185760
29.4256 187200
29.4854 188640
29.5452 190080
29.6049 191520
29.6647 192960
29.7244 194400
29.7842 195840
29.844 197280
29.9037 198720
29.9635 200160
30.0232 201600
30.083 203040
30.1428 204480
30.2025 205920
30.2623 207360
30.322 208800
30.3818 210240
30.4416 211680
30.4977 181440
30.7666 184320
30.8276 185760
30.8886 187200
30.9483 188640
31.0081 190080
31.0678 191520
31.1276 192960
31.1874 194400
31.2471 195840
31.3069 197280
31.3666 198720
31.4264 200160
31.4862 201600
31.5459 203040
31.6057 204480
31.6654 205920
31.7252 207360
31.785 208800
31.8447 210240
31.9045 211680
31.9607 181440
32.2296 184320
32.2905 185760
32.3515 187200
32.4112 188640
32.471 190080
32.5308 191520
32.5905 192960
32.6503 194400
32.71 195840
32.7698 197280
32.8296 198720
32.8893 200160
32.9491 201600
33.0088 203040
33.0686 204480
33.1284 205920
33.1881 207360
33.2479 208800
33.3076 210240
33.3674 211680
33.4236 181440
33.6925 184320
33.7535 185760
33.8144 187200
33.8742 188640
33.9339 190080
33.9937 191520
34.0534 192960
34.1132 194400
34.173 195840
34.2327 197280
34.2925 198720
34.3522 200160
34.412 201600
34.4718 203040
34.5315 204480
34.5913 205920
34.651 207360
34.7108 208800
34.7706 210240
34.8303 211680
34.8865 181440
35.1554 184320
35.2164 185760
35.2773 187200
35.3371 188640
35.3968 190080
35.4566 191520
35.5164 192960
35.5761 194400
35.6359 195840
35.6956 197280
35.7554 198720
35.8152 200160
35.8749 201600
35.9347 203040
35.9944 204480
36.0542 205920
36.114 207360
36.1737 208800
36.2335 210240
36.2932 211680
36.3494 181440
36.6183 184320
36.6793 185760
36.7403 187200
36.8 188640
36.8598 190080
36.9195 191520
36.9793 192960
37.0391 194400
37.0988 195840
37.1586 197280
37.2183 198720
37.2781 200160
37.3379 201600
37.3976 203040
37.4574 204480
37.5171 205920
37.5769 207360
37.6367 208800
37.6964 210240
37.7562 211680
37.8124 181440
38.0813 184320
38.1422 185760
38.2032 187200
38.2629 188640
38.3227 190080
38.3825 191520
38.4422 192960
38.502 194400
38.5617 195840
38.6215 197280
38.6813 198720
38.741 200160
38.8008 201600
38.8605 203040
38.9203 204480
38.9801 205920
39.0398 207360
39.0996 208800
39.1593 210240
39.2191 211680
39.2753 181440
39.5442 184320
39.6051 185760
39.6661 187200
39.7259 188640
39.7856 190080
39.8454 191520
39.9051 192960
39.9649 194400
40.0247 195840
40.0844 197280
40.1442 198720
40.2039 200160
40.2637 201600
40.3235 203040
40.3832 204480
40.443 205920
40.5027 207360
40.5625 208800
40.6223 210240
40.682 211680
40.7382 181440
41.0071 184320
41.0681 185760
41.129 187200
41.1888 188640
41.2485 190080
41.3083 191520
41.3681 192960
41.4278 194400
41.4876 195840
41.5473 197280
41.6071 198720
41.6669 200160
41.7266 201600
41.7864 203040
41.8461 204480
41.9059 205920
41.9657 207360
42.0254 208800
42.0852 210240
42.1449 211680
42.2011 181440
42.47 184320
42.531 185760
42.5919 187200
42.6517 188640
42.7115 190080
42.7712 191520
42.831 192960
42.8907 194400
42.9505 195840
43.0103 197280
43.07 198720
43.1298 200160
43.1895 201600
43.2493 203040
43.3091 204480
43.3688 205920
43.4286 207360
43.4883 208800
43.5481 210240
43.6079 211680
43.664 181440
43.933 184320
43.9939 185760
44.0549 187200
44.1146 188640
44.1744 190080
44.2342 191520
44.2939 192960
44.3537 194400
44.4134 195840
44.4732 197280
44.533 198720
44.5927 200160
44.6525 201600
44.7122 203040
44.772 204480
44.8317 205920
44.8915 207360
44.9513 208800
45.011 210240
45.0708 211680
45.127 181440
45.3959 184320
45.4568 185760
45.5178 187200
45.5776 188640
45.6373 190080
45.6971 191520
45.7568 192960
45.8166 194400
45.8764 195840
45.9361 197280
45.9959 198720
46.0556 200160
46.1154 201600
46.1752 203040
46.2349 204480
46.2947 205920
46.3544 207360
46.4142 208800
46.474 210240
46.5337 211680
46.5899 181440
46.8588 184320
46.9198 185760
46.9807 187200
47.0405 188640
47.1002 190080
47.16 191520
47.2198 192960
47.2795 194400
47.3393 195840
47.399 197280
47.4588 198720
47.5186 200160
47.5783 201600
47.6381 203040
47.6978 204480
47.7576 205920
47.8174 207360
47.8771 208800
47.9369 210240
47.9966 211680
48.0528 181440
48.3217 184320
48.3827 185760
48.4436 187200
48.5034 188640
48.5632 190080
48.6229 191520
48.6827 192960
48.7424 194400
48.8022 195840
48.862 197280
48.9217 198720
48.9815 200160
49.0412 201600
49.101 203040
49.1608 204480
49.2205 205920
49.2803 207360
49.34 208800
49.3998 210240
49.4596 211680
49.5157 181440
49.7847 184320
49.8456 185760
49.9066 187200
49.9663 188640
50.0261 190080
50.0858 191520
50.1456 192960
50.2054 194400
50.2651 195840
50.3249 197280
50.3846 198720
50.4444 200160
50.5042 201600
50.5639 203040
50.6237 204480
50.6834 205920
50.7432 207360
50.803 208800
50.8627 210240
50.9225 211680
50.9787 181440
51.2476 184320
51.3085 185760
51.3695 187200
51.4292 188640
51.489 190080
51.5488 191520
51.6085 192960
51.6683 194400
51.728 195840
51.7878 197280
51.8476 198720
51.9073 200160
51.9671 201600
52.0268 203040
52.0866 204480
52.1464 205920
52.2061 207360
52.2659 208800
52.3256 210240
52.3854 211680
52.4416 181440
52.7105 184320
52.7715 185760
52.8324 187200
52.8922 188640
52.9519 190080
53.0117 191520
53.0715 192960
53.1312 194400
53.191 195840
53.2507 197280
53.3105 198720
53.3703 200160
53.43 201600
53.4898 203040
53.5495 204480
53.6093 205920
53.6691 207360
53.7288 208800
53.7886 210240
53.8483 211680
53.9045 181440
54.1734 184320
54.2344 185760
54.2953 187200
54.3551 188640
54.4149 190080
54.4746 191520
54.5344 192960
54.5941 194400
54.6539 195840
54.7137 197280
54.7734 198720
54.8332 200160
54.8929 201600
54.9527 203040
55.0125 204480
55.0722 205920
55.132 207360
55.1917 208800
55.2515 210240
55.3113 211680
55.3674 181440
55.6363 184320
55.6973 185760
55.7583 187200
55.818 188640
55.8778 190080
55.9375 191520
55.9973 192960
56.0571 194400
56.1168 195840
56.1766 197280
56.2363 198720
56.2961 200160
56.3559 201600
56.4156 203040
56.4754 204480
56.5351 205920
56.5949 207360
56.6547 208800
56.7144 210240
56.7742 211680
56.8304 181440
57.0993 184320
57.1602 185760
57.2212 187200
57.2809 188640
57.3407 190080
57.4005 191520
57.4602 192960
57.52 194400
57.5797 195840
57.6395 197280
57.6993 198720
57.759 200160
57.8188 201600
57.8785 203040
57.9383 204480
57.9981 205920
58.0578 207360
58.1176 208800
58.1773 210240
58.2371 211680
58.2933 181440
58.5622 184320
58.6232 185760
58.6841 187200
58.7439 188640
58.8036 190080
58.8634 191520
58.9231 192960
58.9829 194400
59.0427 195840
59.1024 197280
59.1622 198720
59.2219 200160
59.2817 201600
59.3415 203040
59.4012 204480
59.461 205920
59.5207 207360
59.5805 208800
59.6403 210240
59.7 211680
59.7562 181440
60.0251 184320
60.0861 185760
60.147 187200
60.2068 188640
60.2665 190080
60.3263 191520
60.3861 192960
60.4458 194400
60.5056 195840
60.5653 197280
60.6251 198720
60.6849 200160
60.7446 201600
60.8044 203040
60.8641 204480
60.9239 205920
60.9837 207360
61.0434 208800
61.1032 210240
61.1629 211680
61.2191 181440
61.488 184320
61.549 185760
61.61 187200
61.6697 188640
61.7295 190080
61.7892 191520
61.849 192960
61.9088 194400
61.9685 195840
62.0283 197280
62.088 198720
62.1478 200160
62.2076 201600
62.2673 203040
62.3271 204480
62.3868 205920
62.4466 207360
62.5064 208800
62.5661 210240
62.6259 211680
62.6821 181440
62.951 184320
63.0119 185760
63.0729 187200
63.1326 188640
63.1924 190080
63.2522 191520
63.3119 192960
63.3717 194400
63.4314 195840
63.4912 197280
63.551 198720
63.6107 200160
63.6705 201600
63.7302 203040
63.79 204480
63.8498 205920
63.9095 207360
63.9693 208800
64.029 210240
64.0888 211680
64.145 181440
64.4139 184320
64.4748 185760
64.5358 187200
64.5956 188640
64.6553 190080
64.7151 191520
64.7748 192960
64.8346 194400
64.8944 195840
64.9541 197280
65.0139 198720
65.0736 200160
65.1334 201600
65.1932 203040
65.2529 204480
65.3127 205920
65.3724 207360
65.4322 208800
65.492 210240
65.5517 211680
65.6079 181440
65.8768 184320
65.9378 185760
65.9987 187200
66.0585 188640
66.1182 190080
66.178 191520
66.2378 192960
66.2975 194400
66.3573 195840
66.417 197280
66.4768 198720
66.5366 200160
66.5963 201600
66.6561 203040
66.7158 204480
66.7756 205920
66.8354 207360
66.8951 208800
66.9549 210240
67.0146 211680
67.0708 181440
67.3397 184320
67.4007 185760
67.4616 187200
67.5214 188640
67.5812 190080
67.6409 191520
67.7007 192960
67.7604 194400
67.8202 195840
67.88 197280
67.9397 198720
67.9995 200160
68.0592 201600
68.119 203040
68.1788 204480
68.2385 205920
68.2983 207360
68.358 208800
68.4178 210240
68.4776 211680
68.5337 181440
68.8027 184320
68.8636 185760
68.9246 187200
68.9843 188640
69.0441 190080
69.1039 191520
69.1636 192960
69.2234 194400
69.2831 195840
69.3429 197280
69.4027 198720
69.4624 200160
69.5222 201600
69.5819 203040
69.6417 204480
69.7015 205920
69.7612 207360
69.821 208800
69.8807 210240
69.9405 211680
69.9967 181440
70.2656 184320
70.3265 185760
70.3875 187200
70.4473 188640
70.507 190080
70.5668 191520
70.6265 192960
70.6863 194400
70.7461 195840
70.8058 197280
70.8656 198720
70.9253 200160
70.9851 201600
71.0449 203040
71.1046 204480
71.1644 205920
71.2241 207360
71.2839 208800
71.3437 210240
71.4034 211680
71.4596 181440
71.7285 184320
71.7895 185760
71.8504 187200
71.9102 188640
71.9699 190080
72.0297 191520
72.0895 192960
72.1492 194400
72.209 195840
72.2687 197280
72.3285 198720
72.3883 200160
72.448 201600
72.5078 203040
72.5675 204480
72.6273 205920
72.6871 207360
72.7468 208800
72.8066 210240
72.8663 211680
72.9225 181440
73.1914 184320
73.2524 185760
73.3133 187200
73.3731 188640
73.4329 190080
73.4926 191520
73.5524 192960
73.6121 194400
73.6719 195840
73.7317 197280
73.7914 198720
73.8512 200160
73.9109 201600
73.9707 203040
74.0305 204480
74.0902 205920
74.15 207360
74.2097 208800
74.2695 210240
74.3293 211680
74.3854 181440
74.6544 184320
74.7153 185760
74.7763 187200
74.836 188640
74.8958 190080
74.9555 191520
75.0153 192960
75.0751 194400
75.1348 195840
75.1946 197280
75.2543 198720
75.3141 200160
75.3739 201600
75.4336 203040
75.4934 204480
75.5531 205920
75.6129 207360
75.6727 208800
75.7324 210240
75.7922 211680
75.8484 181440
76.1173 184320
76.1782 185760
76.2392 187200
76.2989 188640
76.3587 190080
76.4185 191520
76.4782 192960
76.538 194400
76.5977 195840
76.6575 197280
76.7173 198720
76.777 200160
76.8368 201600
76.8965 203040
76.9563 204480
77.0161 205920
77.0758 207360
77.1356 208800
77.1953 210240
77.2551 211680
77.3113 181440
77.5802 184320
77.6412 185760
77.7021 187200
77.7619 188640
77.8216 190080
77.8814 191520
77.9412 192960
78.0009 194400
78.0607 195840
78.1204 197280
78.1802 198720
78.24 200160
78.2997 201600
78.3595 203040
78.4192 204480
78.479 205920
78.5388 207360
78.5985 208800
78.6583 210240
78.718 211680
78.7742 181440
79.0431 184320
79.1041 185760
79.165 187200
79.2248 188640
79.2846 190080
79.3443 191520
79.4041 192960
79.4638 194400
79.5236 195840
79.5834 197280
79.6431 198720
79.7029 200160
79.7626 201600
79.8224 203040
79.8822 204480
79.9419 205920
80.0017 207360
80.0614 208800
80.1212 210240
80.181 211680
80.2371 181440
80.506 184320
80.567 185760
80.628 187200
80.6877 188640
80.7475 190080
80.8072 191520
80.867 192960
80.9268 194400
80.9865 195840
81.0463 197280
81.106 198720
81.1658 200160
81.2256 201600
81.2853 203040
81.3451 204480
81.4048 205920
81.4646 207360
81.5244 208800
81.5841 210240
81.6439 211680
81.7001 181440
81.969 184320
82.0299 185760
82.0909 187200
82.1506 188640
82.2104 190080
82.2702 191520
82.3299 192960
82.3897 194400
82.4494 195840
82.5092 197280
82.569 198720
82.6287 200160
82.6885 201600
82.7482 203040
82.808 204480
82.8678 205920
82.9275 207360
82.9873 208800
83.047 210240
83.1068 211680
83.163 181440
83.4319 184320
83.4929 185760
83.5538 187200
83.6136 188640
83.6733 190080
83.7331 191520
83.7928 192960
83.8526 194400
83.9124 195840
83.9721 197280
84.0319 198720
84.0916 200160
84.1514 201600
84.2112 203040
84.2709 204480
84.3307 205920
84.3904 207360
84.4502 208800
84.51 210240
84.5697 211680
84.6259 181440
84.8948 184320
84.9558 185760
85.0167 187200
85.0765 188640
85.1363 190080
85.196 191520
85.2558 192960
85.3155 194400
85.3753 195840
85.4351 197280
85.4948 198720
85.5546 200160
85.6143 201600
85.6741 203040
85.7339 204480
85.7936 205920
85.8534 207360
85.9131 208800
85.9729 210240
86.0326 211680
86.0888 181440
86.3577 184320
86.4187 185760
86.4797 187200
86.5394 188640
86.5992 190080
86.6589 191520
86.7187 192960
86.7785 194400
86.8382 195840
86.898 197280
86.9577 198720
87.0175 200160
87.0773 201600
87.137 203040
87.1968 204480
87.2565 205920
87.3163 207360
87.3761 208800
87.4358 210240
87.4956 211680
87.5518 181440
87.8207 184320
87.8816 185760
87.9426 187200
88.0023 188640
88.0621 190080
88.1219 191520
88.1816 192960
88.2414 194400
88.3011 195840
88.3609 197280
88.4207 198720
88.4804 200160
88.5402 201600
88.5999 203040
88.6597 204480
88.7195 205920
88.7792 207360
88.839 208800
88.8987 210240
88.9585 211680
89.0147 181440
89.2836 184320
89.3445 185760
89.4055 187200
89.4653 188640
89.525 190080
89.5848 191520
89.6445 192960
89.7043 194400
89.7641 195840
89.8238 197280
89.8836 198720
89.9433 200160
90.0031 201600
90.0629 203040
90.1226 204480
90.1824 205920
90.2421 207360
90.3019 208800
90.3617 210240
90.4214 211680
90.4776 181440
90.7465 184320
90.8075 185760
90.8684 187200
90.9282 188640
90.9879 190080
91.0477 191520
91.1075 192960
91.1672 194400
91.227 195840
91.2867 197280
91.3465 198720
91.4063 200160
91.466 201600
91.5258 203040
91.5855 204480
91.6453 205920
91.7051 207360
91.7648 208800
91.8246 210240
91.8843 211680
91.9405 181440
92.2094 184320
92.2704 185760
92.3313 187200
92.3911 188640
92.4509 190080
92.5106 191520
92.5704 192960
92.6301 194400
92.6899 195840
92.7497 197280
92.8094 198720
92.8692 200160
92.9289 201600
92.9887 203040
93.0485 204480
93.1082 205920
93.168 207360
93.2277 208800
93.2875 210240
93.3473 211680
93.4034 181440
93.6724 184320
93.7333 185760
93.7943 187200
93.854 188640
93.9138 190080
93.9736 191520
94.0333 192960
94.0931 194400
94.1528 195840
94.2126 197280
94.2724 198720
94.3321 200160
94.3919 201600
94.4516 203040
94.5114 204480
94.5712 205920
94.6309 207360
94.6907 208800
94.7504 210240
94.8102 211680
94.8664 181440
95.1353 184320
95.1962 185760
95.2572 187200
95.317 188640
95.3767 190080
95.4365 191520
95.4962 192960
95.556 194400
95.6158 195840
95.6755 197280
95.7353 198720
95.795 200160
95.8548 201600
95.9146 203040
95.9743 204480
96.0341 205920
96.0938 207360
96.1536 208800
96.2134 210240
96.2731 211680
96.3293 181440
96.5982 184320
96.6592 185760
96.7201 187200
96.7799 188640
96.8396 190080
96.8994 191520
96.9592 192960
97.0189 194400
97.0787 195840
97.1384 197280
97.1982 198720
97.258 200160
97.3177 201600
97.3775 203040
97.4372 204480
97.497 205920
97.5568 207360
97.6165 208800
97.6763 210240
97.736 211680
97.7922 181440
98.0611 184320
98.1221 185760
98.183 187200
98.2428 188640
98.3026 190080
98.3623 191520
98.4221 192960
98.4818 194400
98.5416 195840
98.6014 197280
98.6611 198720
98.7209 200160
98.7806 201600
98.8404 203040
98.9002 204480
98.9599 205920
99.0197 207360
99.0794 208800
99.1392 210240
99.199 211680
99.2551 181440
99.5241 184320
99.585 185760
99.646 187200
99.7057 188640
99.7655 190080
99.8252 191520
99.885 192960
99.9448 194400
100.005 195840
100.064 197280
