0.0 0
0.0905768 0.09
0.18279 0.09025
0.276537 0.0907188
0.368707 0.102629
0.371859 0.101675
0.460878 0.111966
0.46403 0.10997
0.467182 0.108599
0.470334 0.107399
0.473486 0.106724
0.554624 0.105134
0.557776 0.104117
0.560928 0.103602
0.56408 0.103152
0.567232 0.103133
0.570384 0.103116
0.573536 0.103477
0.576688 0.103792
0.57984 0.104443
0.582992 0.105013
0.586144 0.106011
0.646794 0.114385
0.649946 0.111962
0.653098 0.110341
0.65625 0.108924
0.659402 0.108058
0.662554 0.107301
0.665706 0.107013
0.668858 0.106637
0.67201 0.106807
0.675162 0.107331
0.678314 0.10779
0.681466 0.108566
0.684618 0.109245
0.68777 0.110215
0.690922 0.111063
0.694074 0.112305
0.697226 0.113392
0.700378 0.114718
0.70353 0.116253
0.706682 0.117597
0.709834 0.119147
0.712986 0.120504
0.716138 0.122191
0.71929 0.123542
0.722442 0.125099
0.740541 0.121212
0.743693 0.118185
0.746845 0.115912
0.749997 0.113923
0.753149 0.112683
0.756301 0.111472
0.759453 0.110788
0.762605 0.11019
0.765757 0.110041
0.768909 0.109911
0.772061 0.110297
0.775213 0.110635
0.778365 0.111306
0.781517 0.112267
0.784669 0.113109
0.787821 0.11422
0.790973 0.115193
0.794125 0.116544
0.797277 0.117601
0.800429 0.118901
0.803581 0.120038
0.806733 0.121408
0.809885 0.122982
0.813037 0.124484
0.816189 0.126174
0.819341 0.127652
0.822493 0.129321
0.825645 0.130781
0.828797 0.132433
0.831949 0.133879
0.835101 0.135644
0.838253 0.137564
0.841405 0.139243
0.844557 0.141088
0.847709 0.142577
0.850861 0.144255
0.854013 0.145848
0.857165 0.147617
0.860317 0.149165
0.863469 0.150894
0.866621 0.152782
0.869773 0.154435
0.872925 0.156255
0.876077 0.157973
0.879229 0.159852
0.882381 0.161495
0.885533 0.163308
0.888685 0.164895
0.891837 0.166658
0.894989 0.168576
0.898141 0.170254
0.901293 0.172097
0.904445 0.17371
0.907597 0.175496
0.910749 0.177059
0.913901 0.178802
0.917053 0.178577
0.920205 0.178754
0.923357 0.179285
0.926509 0.17975
0.929661 0.180531
0.932813 0.181214
0.935965 0.182188
0.939117 0.183164
0.942269 0.184394
0.945421 0.185344
0.948573 0.186551
0.951725 0.187607
0.954877 0.188907
0.958029 0.190543
0.961181 0.191975
0.964333 0.193603
0.967485 0.195028
0.970637 0.196649
0.973789 0.198068
0.976941 0.199685
0.980093 0.201224
0.983245 0.202946
0.986397 0.204828
0.989549 0.206349
0.992701 0.208056
0.995853 0.209549
0.999005 0.211355
1.00216 0.212936
1.00531 0.214694
1.00846 0.216232
1.01161 0.217953
1.01476 0.219834
1.01792 0.22148
1.02107 0.22342
1.02422 0.225117
1.02737 0.226978
1.03052 0.228605
1.03368 0.230405
1.03683 0.231854
1.03998 0.233497
1.04313 0.235435
1.04628 0.237131
1.04944 0.238989
1.05259 0.240616
1.05574 0.242414
1.05889 0.243987
1.06204 0.245864
1.0652 0.247506
1.06835 0.249318
1.0715 0.251278
1.07465 0.252993
1.0778 0.254869
1.08096 0.256385
1.08411 0.258212
1.08726 0.259811
1.09041 0.261584
1.09356 0.263136
1.09672 0.264869
1.09987 0.266761
1.10302 0.268541
1.10617 0.270473
1.10932 0.272164
1.11248 0.274018
1.11563 0.275641
1.11878 0.277436
1.12193 0.279006
1.12508 0.280881
1.12824 0.282396
1.13139 0.284096
1.13454 0.285959
1.13769 0.287589
1.14084 0.289391
1.144 0.290967
1.14715 0.292846
1.1503 0.29449
1.15345 0.296304
1.1566 0.297891
1.15976 0.299655
1.16291 0.301573
1.16606 0.303376
1.16921 0.305329
1.17236 0.306913
1.17552 0.308674
1.17867 0.310215
1.18182 0.311938
1.18497 0.313446
1.18812 0.315265
1.19128 0.317232
1.19443 0.318953
1.19758 0.320834
1.20073 0.322479
1.20388 0.324295
1.20704 0.326008
4.92648 0.297007
4.92963 0.272006
4.93278 0.250505
4.93593 0.232067
4.93909 0.216434
4.94224 0.203129
4.94539 0.191863
4.94854 0.18238
4.95169 0.174458
5.02022 0.164401
5.02338 0.155976
5.02653 0.148604
5.02968 0.142528
5.03283 0.137587
5.03598 0.133264
5.03914 0.129981
5.04229 0.127108
5.04544 0.12497
5.04859 0.122973
5.05174 0.121602
5.0549 0.120402
5.05805 0.119851
5.0612 0.119745
5.06435 0.119652
5.0675 0.119945
5.07066 0.120202
5.07381 0.120802
5.07696 0.121327
5.08011 0.122286
5.11397 0.118625
5.11712 0.115922
5.12027 0.113932
5.12343 0.11219
5.12658 0.111041
5.12973 0.110036
5.13288 0.109532
5.13603 0.109215
5.13919 0.109313
5.14234 0.109399
5.14549 0.109849
5.14864 0.110618
5.15179 0.111291
5.15495 0.112255
5.1581 0.113098
5.16125 0.11421
5.1644 0.115184
5.16755 0.116411
5.17071 0.117485
5.17386 0.118799
5.17701 0.120074
5.18016 0.12119
5.18331 0.122166
5.18647 0.122895
5.18962 0.123534
5.19277 0.124467
5.19592 0.125283
5.19907 0.126123
5.20223 0.126858
5.20538 0.1275
5.20853 0.128063
5.21168 0.12843
5.21483 0.125001
5.21799 0.121876
5.22114 0.119267
5.22429 0.116983
5.22744 0.114985
5.23059 0.113237
5.23375 0.111708
5.2369 0.110244
5.24005 0.109089
5.2432 0.108078
5.24635 0.107193
5.24951 0.106419
5.25266 0.105741
5.25581 0.105149
5.25896 0.105005
5.26211 0.104879
5.26527 0.10477
5.26842 0.104673
5.27157 0.104589
5.27472 0.104516
5.27787 0.104451
5.28103 0.104395
5.28418 0.104345
5.28733 0.104302
5.29048 0.104264
5.29363 0.104231
5.29679 0.104202
5.29994 0.104177
5.30309 0.104155
5.30624 0.104136
5.30939 0.104119
5.31255 0.104104
5.3157 0.104091
5.31885 0.104079
5.322 0.104195
5.32515 0.10467
5.32831 0.104961
5.33146 0.105216
5.33461 0.105439
5.33776 0.105634
5.34091 0.105805
5.34407 0.106079
5.34722 0.106194
5.35037 0.106295
5.35352 0.106383
5.35667 0.10646
5.35983 0.106528
5.36298 0.106587
5.36613 0.106763
5.36928 0.106793
5.37243 0.106819
5.37559 0.106842
5.37874 0.106861
5.38189 0.106879
5.38504 0.107019
5.38819 0.107016
5.39135 0.107014
5.3945 0.107388
5.39765 0.107714
5.4008 0.108
5.40395 0.10825
5.40711 0.108594
5.41026 0.108894
5.41341 0.109033
5.41656 0.109154
5.41971 0.109259
5.42287 0.109352
5.42602 0.109558
5.42917 0.109738
5.43232 0.109771
5.43547 0.1098
5.43863 0.109825
5.44178 0.109847
5.44493 0.109866
5.44808 0.110008
5.45123 0.110132
5.45439 0.110115
5.45754 0.110101
5.46069 0.110088
5.46384 0.110452
5.46699 0.110771
5.47015 0.111174
5.4733 0.111527
5.47645 0.111837
5.4796 0.111982
5.48275 0.112109
5.48591 0.112221
5.48906 0.112443
5.49221 0.112638
5.49536 0.112808
5.49851 0.112832
5.50167 0.112853
5.50482 0.112871
5.50797 0.112887
5.51112 0.113026
5.51427 0.113148
5.51743 0.113255
5.52058 0.113223
5.52373 0.113195
5.52688 0.113171
5.53003 0.113274
5.53319 0.113365
5.53634 0.113819
5.53949 0.114217
5.54264 0.11444
5.54579 0.114635
5.54895 0.114805
5.5521 0.11508
5.55525 0.11532
5.5584 0.11553
5.56155 0.115714
5.56471 0.115749
5.56786 0.115781
5.57101 0.115933
5.57416 0.116067
5.57731 0.116183
5.58047 0.116285
5.58362 0.116375
5.58677 0.116328
5.58992 0.116287
5.59307 0.116376
5.59623 0.116454
5.59938 0.116522
5.60253 0.116582
5.60568 0.116509
5.60883 0.116446
5.61199 0.116765
5.61514 0.117169
5.61829 0.117523
5.62144 0.117833
5.62459 0.118104
5.62775 0.118341
5.6309 0.118423
5.63405 0.11862
5.6372 0.118793
5.64035 0.118944
5.64351 0.119076
5.64666 0.119191
5.64981 0.119167
5.65296 0.119146
5.65611 0.119253
5.65927 0.119346
5.66242 0.119428
5.66557 0.1195
5.66872 0.119562
5.67187 0.119492
5.67503 0.119555
5.67818 0.119611
5.68133 0.11966
5.68448 0.119702
5.68763 0.120114
5.69079 0.120475
5.69394 0.120666
5.69709 0.120957
5.70024 0.121213
5.70339 0.121436
5.70655 0.121632
5.7097 0.121803
5.71285 0.121952
5.716 0.122083
5.71915 0.122198
5.72231 0.122298
5.72546 0.122386
5.72861 0.122463
5.73176 0.12253
5.73491 0.122589
5.73807 0.12264
5.74122 0.122685
5.74437 0.122724
5.74752 0.122759
5.75067 0.122789
5.75383 0.122815
5.75698 0.122713
5.76013 0.122749
5.76328 0.122781
5.76643 0.123183
5.76959 0.123535
5.77274 0.123843
5.77589 0.124113
5.77904 0.124474
5.78219 0.124665
5.78535 0.124831
5.7885 0.124978
5.79165 0.125105
5.7948 0.125217
5.79795 0.125315
5.80111 0.125401
5.80426 0.125476
5.80741 0.125541
5.81056 0.125598
5.81371 0.125649
5.81687 0.125693
5.82002 0.125856
5.82317 0.125874
5.82632 0.12589
5.82947 0.125904
5.83263 0.125916
5.83578 0.125926
5.83893 0.125935
5.84208 0.125943
5.84523 0.125951
5.84839 0.126332
5.85154 0.126665
5.85469 0.126957
5.85784 0.127212
5.86099 0.127436
5.86415 0.127756
5.8673 0.127912
5.87045 0.128048
5.8736 0.128167
5.87675 0.128271
5.87991 0.128362
5.88306 0.128567
5.88621 0.128746
5.88936 0.128778
5.89251 0.128806
5.89567 0.12883
5.89882 0.128851
5.90197 0.12887
5.90512 0.129011
5.90827 0.12901
5.91143 0.129008
5.91458 0.129007
5.91773 0.129006
5.92088 0.129006
5.92403 0.12913
5.92719 0.129239
5.93034 0.129709
5.93349 0.129995
5.93664 0.130246
5.93979 0.130465
5.94295 0.130657
5.9461 0.13095
5.94925 0.131206
5.9524 0.131305
5.95555 0.131392
5.95871 0.131468
5.96186 0.131535
5.96501 0.131718
5.96816 0.131878
5.97131 0.132018
5.97447 0.132016
5.97762 0.132014
5.98077 0.132012
5.98392 0.132011
5.98707 0.132134
5.99023 0.132243
5.99338 0.132337
5.99653 0.132295
5.99968 0.132258
6.00283 0.132226
6.00599 0.132198
6.00914 0.132298
6.01229 0.132386
6.01544 0.132838
6.01859 0.133108
6.02175 0.133344
6.0249 0.133551
6.02805 0.133857
6.0312 0.134125
6.03435 0.13436
6.03751 0.134565
6.04066 0.134619
6.04381 0.134667
6.04696 0.134708
6.05011 0.13487
6.05327 0.135011
6.05642 0.135135
6.05957 0.135118
6.06272 0.135103
6.06587 0.13509
6.06903 0.135204
6.07218 0.135303
6.07533 0.135391
6.07848 0.135467
6.08163 0.135408
6.08479 0.135357
6.08794 0.135313
6.09109 0.135399
6.09424 0.135474
6.09739 0.13554
6.10055 0.135972
6.1037 0.136226
6.10685 0.136447
6.11 0.136766
6.11315 0.137046
6.11631 0.13729
6.11946 0.137504
6.12261 0.137691
6.12576 0.137729
6.12891 0.137763
6.13207 0.137918
6.13522 0.138053
6.13837 0.138171
6.14152 0.138275
6.14467 0.138366
6.14783 0.13832
6.15098 0.13828
6.15413 0.13837
6.15728 0.138449
6.16043 0.138518
6.16359 0.138578
6.16674 0.138506
6.16989 0.138442
6.17304 0.138512
6.17619 0.138573
6.17935 0.138626
6.1825 0.138673
6.18565 0.138714
6.1888 0.139125
6.19195 0.139359
6.19511 0.139689
6.19826 0.139978
6.20141 0.140231
6.20456 0.140452
6.20771 0.140645
6.21087 0.14069
6.21402 0.140854
6.21717 0.140997
6.22032 0.141122
6.22347 0.141232
6.22663 0.141328
6.22978 0.141412
6.23293 0.14136
6.23608 0.14144
6.23923 0.14151
6.24239 0.141572
6.24554 0.141625
6.24869 0.141672
6.25184 0.141588
6.25499 0.141514
6.25815 0.141575
6.2613 0.141628
6.26445 0.141675
6.2676 0.141715
6.27075 0.141751
6.27391 0.141657
6.27706 0.1417
6.28021 0.142112
6.28336 0.142473
6.28651 0.142789
6.28967 0.143066
6.29282 0.143307
6.29597 0.143519
6.29912 0.143704
6.30227 0.143866
6.30543 0.144008
6.30858 0.144132
6.31173 0.14424
6.31488 0.144335
6.31803 0.144418
6.32119 0.144491
6.32434 0.144555
6.32749 0.14461
6.33064 0.144659
6.33379 0.144702
6.33695 0.144739
6.3401 0.144772
6.34325 0.1448
6.3464 0.144825
6.34955 0.144847
6.35271 0.144866
6.35586 0.144883
6.35901 0.144897
6.36216 0.14491
6.36531 0.144922
6.36847 0.144931
6.37162 0.145315
6.37477 0.145651
6.37792 0.145944
6.38107 0.146326
6.38423 0.146535
6.38738 0.146718
6.39053 0.146879
6.39368 0.147019
6.39683 0.147141
6.39999 0.147249
6.40314 0.147468
6.40629 0.147534
6.40944 0.147592
6.41259 0.147643
6.41575 0.147688
6.4189 0.147727
6.42205 0.147886
6.4252 0.1479
6.42835 0.147913
6.43151 0.147924
6.43466 0.147933
6.43781 0.147942
6.44096 0.147949
6.44411 0.14808
6.44727 0.14807
6.45042 0.148061
6.45357 0.148054
6.45672 0.148047
6.45987 0.148041
6.46303 0.148161
6.46618 0.148641
6.46933 0.148936
6.47248 0.149194
6.47563 0.14942
6.47879 0.149617
6.48194 0.14979
6.48509 0.150066
6.48824 0.150308
6.49139 0.150394
6.49455 0.15047
6.4977 0.150536
6.50085 0.150594
6.504 0.15077
6.50715 0.150924
6.51031 0.150933
6.51346 0.150942
6.51661 0.150949
6.51976 0.150955
6.52291 0.150961
6.52607 0.151091
6.52922 0.151204
6.53237 0.151179
6.53552 0.151157
6.53867 0.151137
6.54183 0.15112
6.54498 0.151105
6.54813 0.151217
6.55128 0.151315
6.55443 0.151275
6.55759 0.151241
6.56074 0.151586
6.56389 0.151888
6.56704 0.152277
6.57019 0.152617
6.57335 0.152915
6.5765 0.153051
6.57965 0.153169
6.5828 0.153273
6.58595 0.153364
6.5891 0.153568
6.59226 0.153747
6.59541 0.153904
6.59856 0.153916
6.60171 0.153926
6.60486 0.153936
6.60802 0.154069
6.61117 0.154185
6.61432 0.154287
6.61747 0.154251
6.62062 0.15422
6.62378 0.154192
6.62693 0.154168
6.63008 0.154272
6.63323 0.154363
6.63638 0.154443
6.63954 0.154387
6.64269 0.154339
6.64584 0.154297
6.64899 0.15426
6.65214 0.154352
6.6553 0.154433
6.65845 0.154879
6.6616 0.155144
6.66475 0.155376
6.6679 0.155579
6.67106 0.155882
6.67421 0.156146
6.67736 0.156378
6.68051 0.156581
6.68366 0.156633
6.68682 0.156679
6.68997 0.156719
6.69312 0.156879
6.69627 0.157019
6.69942 0.157142
6.70258 0.157249
6.70573 0.157218
6.70888 0.157191
6.71203 0.157292
6.71518 0.15738
6.71834 0.157458
6.72149 0.157526
6.72464 0.15746
6.72779 0.157402
6.73094 0.157352
6.7341 0.157433
6.73725 0.157504
6.7404 0.157566
6.74355 0.15762
6.7467 0.157543
6.74986 0.157475
6.75301 0.157541
6.75616 0.157598
6.75931 0.158023
6.76246 0.158395
6.76562 0.158721
6.76877 0.158881
6.77192 0.159021
6.77507 0.159268
6.77822 0.159485
6.78138 0.159674
6.78453 0.15984
6.78768 0.159985
6.79083 0.159987
6.79398 0.159988
6.79714 0.160115
6.80029 0.160225
6.80344 0.160322
6.80659 0.160407
6.80974 0.160481
6.8129 0.160421
6.81605 0.160493
6.8192 0.160557
6.82235 0.160612
6.8255 0.160661
6.82866 0.160703
6.83181 0.160615
6.83496 0.160538
6.83811 0.160596
6.84126 0.160646
6.84442 0.160691
6.84757 0.160729
6.85072 0.160763
6.85387 0.160668
6.85702 0.160709
6.86018 0.161121
6.86333 0.161481
6.86648 0.161795
6.86963 0.162071
6.87278 0.162312
6.87594 0.162398
6.87909 0.162598
6.88224 0.162774
6.88539 0.162927
6.88854 0.163061
6.8917 0.163178
6.89485 0.163281
6.898 0.163371
6.90115 0.16345
6.9043 0.163518
6.90746 0.163579
6.91061 0.163631
6.91376 0.163677
6.91691 0.163593
6.92006 0.163644
6.92322 0.163688
6.92637 0.163727
6.92952 0.163761
6.93267 0.163791
6.93582 0.163817
6.93898 0.163715
6.94213 0.163751
6.94528 0.163782
6.94843 0.163809
6.95158 0.163833
6.95474 0.163854
6.95789 0.163872
6.96104 0.163888
6.96419 0.164277
6.96734 0.164617
6.9705 0.164915
6.97365 0.165176
6.9768 0.165404
6.97995 0.165603
6.9831 0.165778
6.98626 0.165931
6.98941 0.166064
6.99256 0.166181
6.99571 0.166284
6.99886 0.166373
7.00202 0.166577
7.00517 0.166629
7.00832 0.166676
7.01147 0.166716
7.01462 0.166752
7.01778 0.166783
7.02093 0.16681
7.02408 0.166834
7.02723 0.166854
7.03038 0.166873
7.03354 0.166889
7.03669 0.166903
7.03984 0.166915
7.04299 0.166925
7.04614 0.166935
7.0493 0.166943
7.05245 0.16695
7.0556 0.166956
7.05875 0.166962
7.0619 0.166967
7.06506 0.166971
7.06821 0.166974
7.07136 0.167353
7.07451 0.167683
7.07766 0.167973
7.08082 0.168226
7.08397 0.168448
7.08712 0.168767
7.09027 0.168921
7.09342 0.169056
7.09658 0.169174
7.09973 0.169277
7.10288 0.169368
7.10603 0.169572
7.10918 0.16975
7.11234 0.169781
7.11549 0.169809
7.11864 0.169833
7.12179 0.169854
7.12494 0.169872
7.1281 0.170013
7.13125 0.170011
7.1344 0.17001
7.13755 0.170009
7.1407 0.170008
7.14386 0.170007
7.14701 0.170131
7.15016 0.170239
7.15331 0.17021
7.15646 0.170183
7.15962 0.17016
7.16277 0.17014
7.16592 0.170123
7.16907 0.170232
7.17222 0.170203
7.17538 0.170178
7.17853 0.170531
7.18168 0.170839
7.18483 0.171109
7.18798 0.171346
7.19114 0.171678
7.19429 0.171968
7.19744 0.172097
7.20059 0.17221
7.20374 0.172309
7.2069 0.172395
7.21005 0.172596
7.2132 0.172771
7.21635 0.172925
7.2195 0.172934
7.22266 0.172942
7.22581 0.17295
7.22896 0.172956
7.23211 0.173086
7.23526 0.173201
7.23842 0.173176
7.24157 0.173154
7.24472 0.173134
7.24787 0.173118
7.25102 0.173228
7.25418 0.173324
7.25733 0.173409
7.26048 0.173358
7.26363 0.173313
7.26678 0.173274
7.26994 0.17324
7.27309 0.173335
7.27624 0.173418
7.27939 0.173366
7.28254 0.17332
7.2857 0.17328
7.28885 0.17362
7.292 0.174042
7.29515 0.174412
7.2983 0.174736
7.30146 0.175019
7.30461 0.175141
7.30776 0.175249
7.31091 0.175343
7.31406 0.17555
7.31722 0.175731
7.32037 0.17589
7.32352 0.175903
7.32667 0.175916
7.32982 0.175926
7.33298 0.175935
7.33613 0.176068
7.33928 0.176185
7.34243 0.176287
7.34558 0.176251
7.34874 0.17622
7.35189 0.176192
7.35504 0.176293
7.35819 0.176381
7.36134 0.176459
7.3645 0.176526
7.36765 0.176461
7.3708 0.176403
7.37395 0.176353
7.3771 0.176434
7.38026 0.176504
7.38341 0.176566
7.38656 0.176496
7.38971 0.176434
7.39286 0.176379
7.39602 0.176457
7.39917 0.1769
7.40232 0.177287
7.40547 0.177626
7.40862 0.177923
7.41178 0.178058
7.41493 0.178176
7.41808 0.178404
7.42123 0.178603
7.42438 0.178778
7.42754 0.178931
7.43069 0.178939
7.43384 0.178947
7.43699 0.178953
7.44014 0.179084
7.4433 0.179199
7.44645 0.179299
7.4496 0.179387
7.45275 0.179338
7.4559 0.179296
7.45906 0.179384
7.46221 0.179461
7.46536 0.179528
7.46851 0.179587
7.47166 0.179514
7.47482 0.17945
7.47797 0.179393
7.48112 0.179469
7.48427 0.179536
7.48742 0.179594
7.49058 0.179644
7.49373 0.179564
7.49688 0.179493
7.50003 0.179557
7.50318 0.179612
7.50634 0.179661
7.50949 0.179703
7.51264 0.180115
7.51579 0.180476
7.51894 0.180666
7.5221 0.180958
7.52525 0.181213
7.5284 0.181437
7.53155 0.181632
7.5347 0.181803
7.53786 0.181828
7.54101 0.181974
7.54416 0.182102
7.54731 0.182215
7.55046 0.182313
7.55362 0.182399
7.55677 0.182474
7.55992 0.182415
7.56307 0.182488
7.56622 0.182552
7.56938 0.182608
7.57253 0.182657
7.57568 0.1827
7.57883 0.182612
7.58198 0.182536
7.58514 0.182594
7.58829 0.182645
7.59144 0.182689
7.59459 0.182728
7.59774 0.182762
7.6009 0.182667
7.60405 0.182708
7.6072 0.182745
7.61035 0.182777
7.6135 0.182805
7.61666 0.182829
7.61981 0.18285
7.62296 0.182744
7.62611 0.182776
7.62926 0.183179
7.63242 0.183532
7.63557 0.18384
7.63872 0.18411
7.64187 0.184346
7.64502 0.184553
7.64818 0.184734
7.65133 0.184892
7.65448 0.185031
7.65763 0.185152
7.66078 0.185258
7.66394 0.185351
7.66709 0.185432
7.67024 0.185503
7.67339 0.185565
7.67654 0.185619
7.6797 0.185667
7.68285 0.185709
7.686 0.185745
7.68915 0.185777
7.6923 0.185805
7.69546 0.185829
7.69861 0.185851
7.70176 0.185869
7.70491 0.185886
7.70806 0.1859
7.71122 0.185912
7.71437 0.185923
7.71752 0.185933
7.72067 0.185941
7.72382 0.185949
7.72698 0.18583
7.73013 0.185851
7.73328 0.18587
7.73643 0.185886
7.73958 0.1859
7.74274 0.185913
7.74589 0.186299
7.74904 0.186761
7.75219 0.187041
7.75534 0.187286
7.7585 0.1875
7.76165 0.187688
7.7648 0.187852
7.76795 0.187995
7.7711 0.188246
7.77426 0.18834
7.77741 0.188423
7.78056 0.188495
7.78371 0.188558
7.78686 0.188613
7.79002 0.188787
7.79317 0.188813
7.79632 0.188837
7.79947 0.188857
7.80262 0.188875
7.80578 0.188891
7.80893 0.188904
7.81208 0.189041
7.81523 0.189036
7.81838 0.189032
7.82154 0.189028
7.82469 0.189024
7.82784 0.189021
7.83099 0.189018
7.83414 0.189016
7.8373 0.189014
7.84045 0.189012
7.8436 0.189011
7.84675 0.189009
7.8499 0.189008
7.85306 0.189132
7.85621 0.189116
7.85936 0.189101
7.86251 0.189089
7.86566 0.189453
7.86882 0.189771
7.87197 0.19005
7.87512 0.190418
7.87827 0.190616
7.88142 0.190789
7.88458 0.19094
7.88773 0.191073
7.89088 0.191189
7.89403 0.191415
7.89718 0.191613
7.90034 0.191662
7.90349 0.191704
7.90664 0.191741
7.90979 0.191773
7.91294 0.191802
7.9161 0.191951
7.91925 0.192083
7.9224 0.192072
7.92555 0.192063
7.9287 0.192055
7.93186 0.192048
7.93501 0.192167
7.93816 0.192271
7.94131 0.192237
7.94446 0.192208
7.94762 0.192182
7.95077 0.192159
7.95392 0.192139
7.95707 0.192247
7.96022 0.192341
7.96338 0.192298
7.96653 0.192261
7.96968 0.192228
7.97283 0.1922
7.97598 0.192175
7.97914 0.192278
7.98229 0.192243
7.98544 0.192588
7.98859 0.192889
7.99174 0.193153
7.9949 0.193384
7.99805 0.193711
8.0012 0.193997
8.00435 0.194248
8.0075 0.194342
8.01066 0.194424
8.01381 0.194496
8.01696 0.194559
8.02011 0.194739
8.02326 0.194897
8.02642 0.195035
8.02957 0.19503
8.03272 0.195026
8.03587 0.195023
8.03902 0.195145
8.04218 0.195252
8.04533 0.195346
8.04848 0.195302
8.05163 0.195265
8.05478 0.195232
8.05794 0.195203
8.06109 0.195302
8.06424 0.195389
8.06739 0.195466
8.07054 0.195408
8.0737 0.195357
8.07685 0.195312
8.08 0.195398
8.08315 0.195473
8.0863 0.195539
8.08946 0.195472
8.09261 0.195413
8.09576 0.195361
8.09891 0.195316
8.10206 0.195402
8.10522 0.195476
8.10837 0.195917
8.11152 0.196302
8.11467 0.196514
8.11782 0.1967
8.12098 0.196863
8.12413 0.19713
8.12728 0.197364
8.13043 0.197568
8.13358 0.197622
8.13674 0.197669
8.13989 0.197711
8.14304 0.197872
8.14619 0.198013
8.14934 0.198136
8.1525 0.198244
8.15565 0.198214
8.1588 0.198187
8.16195 0.198164
8.1651 0.198268
8.16826 0.19836
8.17141 0.19844
8.17456 0.19851
8.17771 0.198446
8.18086 0.19839
8.18402 0.198466
8.18717 0.198533
8.19032 0.198592
8.19347 0.198643
8.19662 0.198562
8.19978 0.198492
8.20293 0.19843
8.20608 0.198502
8.20923 0.198564
8.21238 0.198618
8.21554 0.198666
8.21869 0.198583
8.22184 0.19851
8.22499 0.198446
8.22814 0.198515
8.2313 0.198576
8.23445 0.199004
8.2376 0.199379
8.24075 0.199581
8.2439 0.199759
8.24706 0.200039
8.25021 0.200284
8.25336 0.200498
8.25651 0.200686
8.25966 0.20085
8.26282 0.200869
8.26597 0.200885
8.26912 0.201025
8.27227 0.201147
8.27542 0.201253
8.27858 0.201347
8.28173 0.201303
8.28488 0.201265
8.28803 0.201357
8.29118 0.201438
8.29434 0.201508
8.29749 0.201569
8.30064 0.201623
8.30379 0.201545
8.30694 0.201477
8.3101 0.201543
8.31325 0.2016
8.3164 0.20165
8.31955 0.201694
8.3227 0.201732
8.32586 0.20164
8.32901 0.201685
8.33216 0.201725
8.33531 0.201759
8.33846 0.201789
8.34162 0.201816
8.34477 0.201714
8.34792 0.201624
8.35107 0.201671
8.35422 0.201712
8.35738 0.201748
8.36053 0.20178
8.36368 0.202182
8.36683 0.202535
8.36998 0.202718
8.37314 0.203003
8.37629 0.203253
8.37944 0.203471
8.38259 0.203662
8.38574 0.203829
8.3889 0.203851
8.39205 0.203994
8.3952 0.20412
8.39835 0.20423
8.4015 0.204326
8.40466 0.204411
8.40781 0.204484
8.41096 0.204424
8.41411 0.204496
8.41726 0.204559
8.42042 0.204614
8.42357 0.204662
8.42672 0.204704
8.42987 0.204741
8.43302 0.204774
8.43618 0.204802
8.43933 0.204827
8.44248 0.204848
8.44563 0.204867
8.44878 0.204884
8.45194 0.204773
8.45509 0.204802
8.45824 0.204827
8.46139 0.204848
8.46454 0.204867
8.4677 0.204884
8.47085 0.204898
8.474 0.204786
8.47715 0.204813
8.4803 0.204836
8.48346 0.204857
8.48661 0.204875
8.48976 0.205265
8.49291 0.205607
8.49606 0.205906
8.49922 0.206168
8.50237 0.206397
8.50552 0.206597
8.50867 0.206773
8.51182 0.206926
8.51498 0.20706
8.51813 0.207178
8.52128 0.207281
8.52443 0.20737
8.52758 0.207449
8.53074 0.207518
8.53389 0.207578
8.53704 0.207631
8.54019 0.207677
8.54334 0.207717
8.5465 0.207753
8.54965 0.207784
8.5528 0.207811
8.55595 0.207834
8.5591 0.207855
8.56226 0.207873
8.56541 0.207889
8.56856 0.207903
8.57171 0.207915
8.57486 0.207926
8.57802 0.20806
8.58117 0.208052
8.58432 0.208046
8.58747 0.20804
8.59062 0.208035
8.59378 0.208031
8.59693 0.208027
8.60008 0.208024
8.60323 0.208021
8.60638 0.208018
8.60954 0.208016
8.61269 0.208014
8.61584 0.208012
8.61899 0.208011
8.62214 0.208509
8.6253 0.208821
8.62845 0.209093
8.6316 0.209331
8.63475 0.20954
8.6379 0.209722
8.64106 0.210007
8.64421 0.210131
8.64736 0.21024
8.65051 0.210335
8.65366 0.210418
8.65682 0.210491
8.65997 0.210554
8.66312 0.210735
8.66627 0.210768
8.66942 0.210797
8.67258 0.210823
8.67573 0.210845
8.67888 0.210864
8.68203 0.211006
8.68518 0.21113
8.68834 0.211114
8.69149 0.2111
8.69464 0.211087
8.69779 0.211076
8.70094 0.211067
8.7041 0.211183
8.70725 0.211161
8.7104 0.21114
8.71355 0.211123
8.7167 0.211108
8.71986 0.211094
8.72301 0.211207
8.72616 0.211306
8.72931 0.211268
8.73246 0.211235
8.73562 0.211205
8.73877 0.21118
8.74192 0.211157
8.74507 0.211263
8.74822 0.21123
8.75138 0.211201
8.75453 0.211551
8.75768 0.211857
8.76083 0.212125
8.76398 0.212359
8.76714 0.212689
8.77029 0.212978
8.77344 0.213106
8.77659 0.213218
8.77974 0.213315
8.7829 0.213401
8.78605 0.213601
8.7892 0.213776
8.79235 0.213804
8.7955 0.213828
8.79866 0.21385
8.80181 0.213869
8.80496 0.213885
8.80811 0.214024
8.81126 0.214146
8.81442 0.214128
8.81757 0.214112
8.82072 0.214098
8.82387 0.214086
8.82702 0.2142
8.83018 0.2143
8.83333 0.214388
8.83648 0.214339
8.83963 0.214297
8.84278 0.21426
8.84594 0.214227
8.84909 0.214324
8.85224 0.214408
8.85539 0.214357
8.85854 0.214313
8.8617 0.214274
8.86485 0.214239
8.868 0.214209
8.87115 0.214308
8.8743 0.214395
8.87746 0.214345
8.88061 0.214302
8.88376 0.214264
8.88691 0.214231
8.89006 0.214702
8.89322 0.215115
8.89637 0.215475
8.89952 0.215666
8.90267 0.215833
8.90582 0.215979
8.90898 0.216106
8.91213 0.216343
8.91528 0.21655
8.91843 0.216731
8.92158 0.216765
8.92474 0.216794
8.92789 0.21682
8.93104 0.216968
8.93419 0.217097
8.93734 0.21721
8.9405 0.217183
8.94365 0.21716
8.9468 0.21714
8.94995 0.217123
8.9531 0.217232
8.95626 0.217328
8.95941 0.217412
8.96256 0.217361
8.96571 0.217316
8.96886 0.217276
8.97202 0.217367
8.97517 0.217446
8.97832 0.217515
8.98147 0.217576
8.98462 0.217504
8.98778 0.217441
8.99093 0.217386
8.99408 0.217462
8.99723 0.21753
9.00038 0.217588
9.00354 0.217515
9.00669 0.217451
9.00984 0.217394
9.01299 0.217345
9.01614 0.217427
9.0193 0.217498
9.02245 0.217561
9.0256 0.217491
9.02875 0.217805
9.0319 0.218079
9.03506 0.218444
9.03821 0.218764
9.04136 0.219043
9.04451 0.219288
9.04766 0.219377
9.05082 0.219455
9.05397 0.219523
9.05712 0.219708
9.06027 0.219869
9.06342 0.22001
9.06658 0.220134
9.06973 0.220117
9.07288 0.220103
9.07603 0.220215
9.07918 0.220313
9.08234 0.220399
9.08549 0.220474
9.08864 0.22054
9.09179 0.220472
9.09494 0.220413
9.0981 0.220487
9.10125 0.220551
9.1044 0.220607
9.10755 0.220656
9.1107 0.220574
9.11386 0.220502
9.11701 0.220565
9.12016 0.220619
9.12331 0.220667
9.12646 0.220708
9.12962 0.220745
9.13277 0.220652
9.13592 0.22057
9.13907 0.220624
9.14222 0.220671
9.14538 0.220712
9.14853 0.220748
9.15168 0.220655
9.15483 0.220573
9.15798 0.220501
9.16114 0.220563
9.16429 0.220618
9.16744 0.221041
9.17059 0.221411
9.17374 0.221734
9.1769 0.221893
9.18005 0.222156
9.1832 0.222386
9.18635 0.222588
9.1895 0.222765
9.19266 0.222919
9.19581 0.222929
9.19896 0.222938
9.20211 0.223071
9.20526 0.223187
9.20842 0.223289
9.21157 0.223377
9.21472 0.223455
9.21787 0.223398
9.22102 0.223474
9.22418 0.223539
9.22733 0.223597
9.23048 0.223647
9.23363 0.223691
9.23678 0.22373
9.23994 0.223639
9.24309 0.223684
9.24624 0.223723
9.24939 0.223758
9.25254 0.223788
9.2557 0.223815
9.25885 0.223713
9.262 0.223624
9.26515 0.223671
9.2683 0.223712
9.27146 0.223748
9.27461 0.223779
9.27776 0.223807
9.28091 0.223706
9.28406 0.223743
9.28722 0.223775
9.29037 0.223803
9.29352 0.223828
9.29667 0.223849
9.29982 0.223743
9.30298 0.22365
9.30613 0.224069
9.30928 0.224435
9.31243 0.224756
9.31558 0.225036
9.31874 0.225282
9.32189 0.225497
9.32504 0.225685
9.32819 0.225849
9.33134 0.225993
9.3345 0.226119
9.33765 0.226229
9.3408 0.226325
9.34395 0.226285
9.3471 0.226374
9.35026 0.226452
9.35341 0.226521
9.35656 0.226581
9.35971 0.226633
9.36286 0.226679
9.36602 0.226719
9.36917 0.226754
9.37232 0.226785
9.37547 0.226812
9.37862 0.226835
9.38178 0.226856
9.38493 0.226874
9.38808 0.22689
9.39123 0.226903
9.39438 0.226916
9.39754 0.226926
9.40069 0.226935
9.40384 0.226943
9.40699 0.226825
9.41014 0.226847
9.4133 0.226866
9.41645 0.226883
9.4196 0.226898
9.42275 0.22691
9.4259 0.226922
9.42906 0.226931
9.43221 0.22694
9.43536 0.226948
9.43851 0.226954
9.44166 0.22696
9.44482 0.226965
9.44797 0.226844
9.45112 0.227239
9.45427 0.227584
9.45742 0.227886
9.46058 0.22815
9.46373 0.228381
9.46688 0.228584
9.47003 0.228886
9.47318 0.229025
9.47634 0.229147
9.47949 0.229254
9.48264 0.229347
9.48579 0.229428
9.48894 0.2295
9.4921 0.229687
9.49525 0.229727
9.4984 0.229761
9.50155 0.229791
9.5047 0.229817
9.50786 0.22984
9.51101 0.229985
9.51416 0.229987
9.51731 0.229988
9.52046 0.22999
9.52362 0.229991
9.52677 0.229992
9.52992 0.229993
9.53307 0.230119
9.53622 0.230104
9.53938 0.230091
9.54253 0.23008
9.54568 0.23007
9.54883 0.230061
9.55198 0.230053
9.55514 0.230047
9.55829 0.230041
9.56144 0.230036
9.56459 0.230031
9.56774 0.230027
9.5709 0.230024
9.57405 0.230146
9.5772 0.230128
9.58035 0.230112
9.5835 0.230098
9.58666 0.230086
9.58981 0.230075
9.59296 0.230441
9.59611 0.230885
9.59926 0.23115
9.60242 0.231381
9.60557 0.231583
9.60872 0.23176
9.61187 0.231915
9.61502 0.232176
9.61818 0.232404
9.62133 0.232478
9.62448 0.232544
9.62763 0.232601
9.63078 0.232651
9.63394 0.232694
9.63709 0.232858
9.64024 0.233
9.64339 0.233
9.64654 0.233
9.6497 0.233
9.65285 0.233
9.656 0.233
9.65915 0.233125
9.6623 0.23311
9.66546 0.233096
9.66861 0.233084
9.67176 0.233073
9.67491 0.233064
9.67806 0.233181
9.68122 0.233284
9.68437 0.233248
9.68752 0.233217
9.69067 0.23319
9.69382 0.233166
9.69698 0.233145
9.70013 0.233252
9.70328 0.233221
9.70643 0.233193
9.70958 0.233169
9.71274 0.233148
9.71589 0.233129
9.71904 0.233238
9.72219 0.233333
9.72534 0.233292
9.7285 0.233255
9.73165 0.233223
9.7348 0.233195
9.73795 0.233171
9.7411 0.23365
9.74425 0.234068
9.74741 0.23431
9.75056 0.234521
9.75371 0.234706
9.75686 0.234868
9.76001 0.235134
9.76317 0.235367
9.76632 0.235572
9.76947 0.235625
9.77262 0.235672
9.77577 0.235713
9.77893 0.235749
9.78208 0.235905
9.78523 0.236042
9.78838 0.236162
9.79153 0.236142
9.79469 0.236124
9.79784 0.236108
9.80099 0.236095
9.80414 0.236208
9.80729 0.236307
9.81045 0.236269
9.8136 0.236235
9.81675 0.236206
9.8199 0.23618
9.82305 0.236282
9.82621 0.236372
9.82936 0.236451
9.83251 0.236394
9.83566 0.236345
9.83881 0.236302
9.84197 0.236264
9.84512 0.236356
9.84827 0.236437
9.85142 0.236382
9.85457 0.236334
9.85773 0.236292
9.86088 0.236256
9.86403 0.236349
9.86718 0.23643
9.87033 0.236502
9.87349 0.236439
9.87664 0.236384
9.87979 0.236336
9.88294 0.236294
9.88609 0.236382
9.88925 0.236834
9.8924 0.23723
9.89555 0.237576
9.8987 0.237754
9.90185 0.23791
9.90501 0.238171
9.90816 0.2384
9.91131 0.2386
9.91446 0.238775
9.91761 0.238803
9.92077 0.238828
9.92392 0.238849
9.92707 0.238993
9.93022 0.239119
9.93337 0.239229
9.93653 0.239325
9.93968 0.239285
9.94283 0.239249
9.94598 0.239218
9.94913 0.239316
9.95229 0.239401
9.95544 0.239476
9.95859 0.239417
9.96174 0.239365
9.96489 0.239319
9.96805 0.239404
9.9712 0.239479
9.97435 0.239544
9.9775 0.239601
9.98065 0.239526
9.98381 0.23946
9.98696 0.239402
9.99011 0.239477
9.99326 0.239543
9.99641 0.2396
9.99957 0.239525
10.0027 0.239459
10.0059 0.239402
10.009 0.239477
10.0122 0.239542
10.0153 0.239599
10.0185 0.239649
10.0216 0.239568
10.0248 0.239497
10.0279 0.239435
10.0311 0.239506
10.0342 0.239567
10.0374 0.239621
10.0405 0.240044
10.0437 0.240413
10.0468 0.240612
10.05 0.240785
10.0532 0.241062
10.0563 0.241304
10.0595 0.241516
10.0626 0.241702
10.0658 0.241739
10.0689 0.241772
10.0721 0.241925
10.0752 0.24206
10.0784 0.242177
10.0815 0.24228
10.0847 0.24237
10.0878 0.242324
10.091 0.242283
10.0941 0.242373
10.0973 0.242451
10.1004 0.24252
10.1036 0.24258
10.1067 0.242507
10.1099 0.242444
10.113 0.242513
10.1162 0.242574
10.1193 0.242627
10.1225 0.242674
10.1256 0.242715
10.1288 0.242625
10.132 0.242547
10.1351 0.242604
10.1383 0.242653
10.1414 0.242697
10.1446 0.242735
10.1477 0.242643
10.1509 0.242562
10.154 0.242617
10.1572 0.242665
10.1603 0.242707
10.1635 0.242744
10.1666 0.242776
10.1698 0.242679
10.1729 0.242594
10.1761 0.242645
10.1792 0.242689
10.1824 0.242728
10.1855 0.242762
10.1887 0.242792
10.1918 0.243193
10.195 0.243419
10.1981 0.243741
10.2013 0.244024
10.2044 0.244271
10.2076 0.244487
10.2108 0.244676
10.2139 0.244716
10.2171 0.244877
10.2202 0.245017
10.2234 0.24514
10.2265 0.245248
10.2297 0.245342
10.2328 0.245424
10.236 0.245371
10.2391 0.24545
10.2423 0.245518
10.2454 0.245579
10.2486 0.245631
10.2517 0.245677
10.2549 0.245593
10.258 0.245644
10.2612 0.245688
10.2643 0.245727
10.2675 0.245761
10.2706 0.245791
10.2738 0.245817
10.2769 0.245715
10.2801 0.245751
10.2832 0.245782
10.2864 0.245809
10.2896 0.245833
10.2927 0.245854
10.2959 0.245872
10.299 0.245888
10.3022 0.245902
10.3053 0.245914
10.3085 0.245925
10.3116 0.245934
10.3148 0.245943
10.3179 0.245825
10.3211 0.245847
10.3242 0.245866
10.3274 0.245883
10.3305 0.245897
10.3337 0.24591
10.3368 0.245921
10.34 0.245806
10.3431 0.24583
10.3463 0.246227
10.3494 0.246573
10.3526 0.246877
10.3557 0.247142
10.3589 0.247374
10.362 0.247578
10.3652 0.247755
10.3684 0.247911
10.3715 0.248047
10.3747 0.248166
10.3778 0.24827
10.381 0.248362
10.3841 0.248441
10.3873 0.248511
10.3904 0.248572
10.3936 0.248626
10.3967 0.248673
10.3999 0.248713
10.403 0.248749
10.4062 0.248781
10.4093 0.248808
10.4125 0.248832
10.4156 0.248853
10.4188 0.248871
10.4219 0.248887
10.4251 0.248902
10.4282 0.248914
10.4314 0.248925
10.4345 0.248934
10.4377 0.248942
10.4408 0.24895
10.444 0.248956
10.4472 0.248961
10.4503 0.248966
10.4535 0.24897
10.4566 0.248974
10.4598 0.248977
10.4629 0.24898
10.4661 0.248983
10.4692 0.248985
10.4724 0.248987
10.4755 0.248988
10.4787 0.24899
10.4818 0.248991
10.485 0.248992
10.4881 0.248993
10.4913 0.248994
10.4944 0.248995
10.4976 0.248995
10.5007 0.248996
10.5039 0.249372
10.507 0.249825
10.5102 0.250097
10.5133 0.250335
10.5165 0.250543
10.5196 0.250725
10.5228 0.250884
10.526 0.251024
10.5291 0.251271
10.5323 0.251362
10.5354 0.251442
10.5386 0.251512
10.5417 0.251573
10.5449 0.251626
10.548 0.251798
10.5512 0.251823
10.5543 0.251845
10.5575 0.251865
10.5606 0.251881
10.5638 0.251896
10.5669 0.251909
10.5701 0.252046
10.5732 0.25204
10.5764 0.252035
10.5795 0.252031
10.5827 0.252027
10.5858 0.252023
10.589 0.25202
10.5921 0.252143
10.5953 0.252125
10.5984 0.252109
10.6016 0.252096
10.6048 0.252084
10.6079 0.252073
10.6111 0.252189
10.6142 0.252165
10.6174 0.252145
10.6205 0.252127
10.6237 0.252111
10.6268 0.252097
10.63 0.252085
10.6331 0.252199
10.6363 0.252174
10.6394 0.252153
10.6426 0.252133
10.6457 0.252117
10.6489 0.252102
10.652 0.252214
10.6552 0.252188
10.6583 0.252164
10.6615 0.252519
10.6646 0.252829
10.6678 0.2531
10.6709 0.253338
10.6741 0.25367
10.6772 0.253962
10.6804 0.254091
10.6836 0.254205
10.6867 0.254304
10.6899 0.254391
10.693 0.254592
10.6962 0.254768
10.6993 0.254922
10.7025 0.254932
10.7056 0.254941
10.7088 0.254948
10.7119 0.254954
10.7151 0.255085
10.7182 0.2552
10.7214 0.255175
10.7245 0.255153
10.7277 0.255134
10.7308 0.255117
10.734 0.255102
10.7371 0.255215
10.7403 0.255313
10.7434 0.255274
10.7466 0.255239
10.7497 0.255209
10.7529 0.255183
10.756 0.255285
10.7592 0.255375
10.7624 0.255328
10.7655 0.255287
10.7687 0.255251
10.7718 0.25522
10.775 0.255192
10.7781 0.255293
10.7813 0.255382
10.7844 0.255334
10.7876 0.255292
10.7907 0.255256
10.7939 0.255224
10.797 0.255321
10.8002 0.255406
10.8033 0.255355
10.8065 0.255311
10.8096 0.255272
10.8128 0.255238
10.8159 0.255208
10.8191 0.255307
10.8222 0.255769
10.8254 0.256173
10.8285 0.256401
10.8317 0.256601
10.8348 0.256776
10.838 0.256929
10.8412 0.257188
10.8443 0.257414
10.8475 0.257612
10.8506 0.257661
10.8538 0.257703
10.8569 0.25774
10.8601 0.257898
10.8632 0.258036
10.8664 0.258156
10.8695 0.258137
10.8727 0.25812
10.8758 0.258105
10.879 0.258092
10.8821 0.258205
10.8853 0.258304
10.8884 0.258391
10.8916 0.258342
10.8947 0.2583
10.8979 0.258262
10.901 0.258354
10.9042 0.258435
10.9073 0.258506
10.9105 0.258443
10.9136 0.258387
10.9168 0.258339
10.92 0.258296
10.9231 0.258384
10.9263 0.258461
10.9294 0.258529
10.9326 0.258463
10.9357 0.258405
10.9389 0.258354
10.942 0.258435
10.9452 0.258506
10.9483 0.258567
10.9515 0.258496
10.9546 0.258434
10.9578 0.25838
10.9609 0.258333
10.9641 0.258416
10.9672 0.258489
10.9704 0.258553
10.9735 0.258484
10.9767 0.258423
10.9798 0.25837
10.983 0.258699
10.9861 0.259112
10.9893 0.259473
10.9924 0.259789
10.9956 0.260065
10.9988 0.260182
11.0019 0.260284
11.0051 0.260499
11.0082 0.260686
11.0114 0.260851
11.0145 0.260994
11.0177 0.260995
11.0208 0.260996
11.024 0.260996
11.0271 0.261122
11.0303 0.261231
11.0334 0.261327
11.0366 0.261412
11.0397 0.26136
11.0429 0.261315
11.046 0.261401
11.0492 0.261476
11.0523 0.261541
11.0555 0.261599
11.0586 0.261524
11.0618 0.261458
11.0649 0.261401
11.0681 0.261476
11.0712 0.261541
11.0744 0.261599
11.0776 0.261649
11.0807 0.261568
11.0839 0.261497
11.087 0.26156
11.0902 0.261615
11.0933 0.261663
11.0965 0.261705
11.0996 0.261742
11.1028 0.261649
11.1059 0.261568
11.1091 0.261622
11.1122 0.261669
11.1154 0.261711
11.1185 0.261747
11.1217 0.261653
11.1248 0.261572
11.128 0.2615
11.1311 0.261563
11.1343 0.261617
11.1374 0.261665
11.1406 0.261707
11.1437 0.261619
11.1469 0.261916
11.15 0.262302
11.1532 0.262639
11.1564 0.262934
11.1595 0.263192
11.1627 0.263418
11.1658 0.263491
11.169 0.263555
11.1721 0.263735
11.1753 0.263893
11.1784 0.264032
11.1816 0.264153
11.1847 0.264259
11.1879 0.264226
11.191 0.264323
11.1942 0.264408
11.1973 0.264482
11.2005 0.264546
11.2036 0.264603
11.2068 0.264528
11.2099 0.264462
11.2131 0.264529
11.2162 0.264588
11.2194 0.264639
11.2225 0.264685
11.2257 0.264724
11.2288 0.264633
11.232 0.264554
11.2352 0.26461
11.2383 0.264659
11.2415 0.264701
11.2446 0.264739
11.2478 0.264771
11.2509 0.264675
11.2541 0.264716
11.2572 0.264751
11.2604 0.264782
11.2635 0.264809
11.2667 0.264833
11.2698 0.264729
11.273 0.264638
11.2761 0.264683
11.2793 0.264723
11.2824 0.264757
11.2856 0.264788
11.2887 0.264814
11.2919 0.264713
11.295 0.264748
11.2982 0.26478
11.3013 0.264807
11.3045 0.264831
11.3076 0.264853
11.3108 0.264746
11.3139 0.265028
11.3171 0.265399
11.3203 0.265724
11.3234 0.266009
11.3266 0.266258
11.3297 0.266475
11.3329 0.266666
11.336 0.266833
11.3392 0.266979
11.3423 0.267106
11.3455 0.267218
11.3486 0.267316
11.3518 0.267401
11.3549 0.267351
11.3581 0.267432
11.3612 0.267503
11.3644 0.267565
11.3675 0.26762
11.3707 0.267667
11.3738 0.267709
11.377 0.26762
11.3801 0.267668
11.3833 0.267709
11.3864 0.267746
11.3896 0.267777
11.3927 0.267805
11.3959 0.26783
11.3991 0.267851
11.4022 0.267869
11.4054 0.267886
11.4085 0.2679
11.4117 0.267913
11.4148 0.267923
11.418 0.267808
11.4211 0.267832
11.4243 0.267853
11.4274 0.267871
11.4306 0.267887
11.4337 0.267902
11.4369 0.267914
11.44 0.267925
11.4432 0.267934
11.4463 0.267942
11.4495 0.26795
11.4526 0.267956
11.4558 0.267961
11.4589 0.267841
11.4621 0.267861
11.4652 0.267878
11.4684 0.267894
11.4715 0.267907
11.4747 0.267919
11.4779 0.267929
11.481 0.268438
11.4842 0.268758
11.4873 0.269038
11.4905 0.269283
11.4936 0.269498
11.4968 0.269686
11.4999 0.26985
11.5031 0.270119
11.5062 0.270229
11.5094 0.270325
11.5125 0.27041
11.5157 0.270483
11.5188 0.270548
11.522 0.270605
11.5251 0.270654
11.5283 0.270697
11.5314 0.270735
11.5346 0.270768
11.5377 0.270797
11.5409 0.270823
11.544 0.27097
11.5472 0.270973
11.5503 0.270977
11.5535 0.27098
11.5567 0.270982
11.5598 0.270984
11.563 0.270986
11.5661 0.270988
11.5693 0.27099
11.5724 0.270991
11.5756 0.270992
11.5787 0.270993
11.5819 0.270994
11.585 0.27112
11.5882 0.271105
11.5913 0.271092
11.5945 0.27108
11.5976 0.27107
11.6008 0.271061
11.6039 0.271054
11.6071 0.271047
11.6102 0.271041
11.6134 0.271036
11.6165 0.271031
11.6197 0.271028
11.6228 0.271024
11.626 0.271021
11.6291 0.271018
11.6323 0.271016
11.6355 0.271014
11.6386 0.271012
11.6418 0.271011
11.6449 0.271009
11.6481 0.271133
11.6512 0.271617
11.6544 0.271915
11.6575 0.272175
11.6607 0.272403
11.6638 0.272603
11.667 0.272778
11.6701 0.273055
11.6733 0.273173
11.6764 0.273277
11.6796 0.273367
11.6827 0.273446
11.6859 0.273515
11.689 0.273701
11.6922 0.273863
11.6953 0.27388
11.6985 0.273895
11.7016 0.273908
11.7048 0.27392
11.7079 0.27393
11.7111 0.274064
11.7143 0.274056
11.7174 0.274049
11.7206 0.274043
11.7237 0.274037
11.7269 0.274033
11.73 0.274154
11.7332 0.274259
11.7363 0.274227
11.7395 0.274199
11.7426 0.274174
11.7458 0.274152
11.7489 0.274133
11.7521 0.274241
11.7552 0.274211
11.7584 0.274185
11.7615 0.274162
11.7647 0.274142
11.7678 0.274124
11.771 0.274108
11.7741 0.27422
11.7773 0.274192
11.7804 0.274168
11.7836 0.274147
11.7867 0.274129
11.7899 0.274113
11.7931 0.274224
11.7962 0.274321
11.7994 0.274281
11.8025 0.274246
11.8057 0.274215
11.8088 0.274188
11.812 0.274164
11.8151 0.274269
11.8183 0.274235
11.8214 0.274206
11.8246 0.274555
11.8277 0.274861
11.8309 0.275128
11.834 0.275487
11.8372 0.275801
11.8403 0.276076
11.8435 0.276192
11.8466 0.276293
11.8498 0.276381
11.8529 0.276458
11.8561 0.276651
11.8592 0.27682
11.8624 0.276842
11.8655 0.276862
11.8687 0.276879
11.8719 0.276894
11.875 0.277033
11.8782 0.277153
11.8813 0.277259
11.8845 0.277227
11.8876 0.277199
11.8908 0.277174
11.8939 0.277152
11.8971 0.277258
11.9002 0.277351
11.9034 0.277432
11.9065 0.277378
11.9097 0.277331
11.9128 0.277289
11.916 0.277253
11.9191 0.277347
11.9223 0.277428
11.9254 0.277375
11.9286 0.277328
11.9317 0.277287
11.9349 0.277251
11.938 0.277345
11.9412 0.277427
11.9443 0.277498
11.9475 0.277436
11.9507 0.277381
11.9538 0.277334
11.957 0.277292
11.9601 0.277381
11.9633 0.277458
11.9664 0.277401
11.9696 0.277351
11.9727 0.277307
11.9759 0.277268
11.979 0.27736
11.9822 0.27744
11.9853 0.27751
11.9885 0.277446
11.9916 0.27739
11.9948 0.277342
11.9979 0.277674
12.0011 0.27809
12.0042 0.278453
12.0074 0.278772
12.0105 0.278925
12.0137 0.27906
12.0168 0.279177
12.02 0.27928
12.0231 0.279495
12.0263 0.279683
12.0295 0.279848
12.0326 0.279867
12.0358 0.279883
12.0389 0.279898
12.0421 0.280036
12.0452 0.280156
12.0484 0.280262
12.0515 0.280354
12.0547 0.28031
12.0578 0.280271
12.061 0.280237
12.0641 0.280333
12.0673 0.280416
12.0704 0.280489
12.0736 0.280428
12.0767 0.280374
12.0799 0.280328
12.083 0.280412
12.0862 0.280485
12.0893 0.28055
12.0925 0.280606
12.0956 0.28053
12.0988 0.280464
12.1019 0.280406
12.1051 0.28048
12.1083 0.280545
12.1114 0.280602
12.1146 0.280527
12.1177 0.280461
12.1209 0.280403
12.124 0.280478
12.1272 0.280543
12.1303 0.2806
12.1335 0.28065
12.1366 0.280569
12.1398 0.280498
12.1429 0.280436
12.1461 0.280506
12.1492 0.280568
12.1524 0.280622
12.1555 0.280544
12.1587 0.280476
12.1618 0.280417
12.165 0.280365
12.1681 0.280444
12.1713 0.280513
12.1744 0.280949
12.1776 0.281331
12.1807 0.281539
12.1839 0.281722
12.1871 0.282007
12.1902 0.282256
12.1934 0.282474
12.1965 0.282665
12.1997 0.282832
12.2028 0.282853
12.206 0.282871
12.2091 0.283012
12.2123 0.283136
12.2154 0.283244
12.2186 0.283338
12.2217 0.283296
12.2249 0.283259
12.228 0.283352
12.2312 0.283433
12.2343 0.283504
12.2375 0.283566
12.2406 0.28362
12.2438 0.283542
12.2469 0.283475
12.2501 0.28354
12.2532 0.283598
12.2564 0.283648
12.2595 0.283692
12.2627 0.283606
12.2659 0.28353
12.269 0.283589
12.2722 0.28364
12.2753 0.283685
12.2785 0.283724
12.2816 0.283759
12.2848 0.283664
12.2879 0.283581
12.2911 0.283633
12.2942 0.283679
12.2974 0.283719
12.3005 0.283754
12.3037 0.283785
12.3068 0.283687
12.31 0.283601
12.3131 0.283651
12.3163 0.283695
12.3194 0.283733
12.3226 0.283766
12.3257 0.28367
12.3289 0.283587
12.332 0.283638
12.3352 0.283683
12.3383 0.283723
12.3415 0.283758
12.3447 0.283788
12.3478 0.283689
12.351 0.283978
12.3541 0.284356
12.3573 0.284686
12.3604 0.284976
12.3636 0.285229
12.3667 0.28545
12.3699 0.285519
12.373 0.285704
12.3762 0.285866
12.3793 0.286008
12.3825 0.286132
12.3856 0.28624
12.3888 0.286335
12.3919 0.286293
12.3951 0.286382
12.3982 0.286459
12.4014 0.286527
12.4045 0.286586
12.4077 0.286638
12.4108 0.286558
12.414 0.286488
12.4171 0.286552
12.4203 0.286608
12.4235 0.286657
12.4266 0.2867
12.4298 0.286737
12.4329 0.286645
12.4361 0.28669
12.4392 0.286728
12.4424 0.286762
12.4455 0.286792
12.4487 0.286818
12.4518 0.286841
12.455 0.286736
12.4581 0.286769
12.4613 0.286798
12.4644 0.286823
12.4676 0.286845
12.4707 0.286864
12.4739 0.286756
12.477 0.286787
12.4802 0.286813
12.4833 0.286837
12.4865 0.286857
12.4896 0.286875
12.4928 0.286891
12.4959 0.286779
12.4991 0.286807
12.5023 0.286831
12.5054 0.286852
12.5086 0.286871
12.5117 0.286887
12.5149 0.286776
12.518 0.286804
12.5212 0.286828
12.5243 0.28685
12.5275 0.286869
12.5306 0.28726
12.5338 0.287603
12.5369 0.287902
12.5401 0.288164
12.5432 0.288394
12.5464 0.288595
12.5495 0.28877
12.5527 0.288924
12.5558 0.289059
12.559 0.289051
12.5621 0.28917
12.5653 0.289274
12.5684 0.289364
12.5716 0.289444
12.5747 0.289513
12.5779 0.289574
12.5811 0.289627
12.5842 0.289674
12.5874 0.289715
12.5905 0.28975
12.5937 0.289782
12.5968 0.289809
12.6 0.289833
12.6031 0.289854
12.6063 0.289872
12.6094 0.289888
12.6126 0.289902
12.6157 0.289914
12.6189 0.289925
12.622 0.289934
12.6252 0.289943
12.6283 0.28995
12.6315 0.289956
12.6346 0.289962
12.6378 0.289966
12.6409 0.289971
12.6441 0.289974
12.6472 0.289977
12.6504 0.28998
12.6535 0.289983
12.6567 0.289985
12.6599 0.289987
12.663 0.289988
12.6662 0.28999
12.6693 0.289991
12.6725 0.289992
12.6756 0.289993
12.6788 0.289994
12.6819 0.289995
12.6851 0.289995
12.6882 0.289996
12.6914 0.289997
12.6945 0.289997
12.6977 0.289997
12.7008 0.289998
12.704 0.289998
12.7071 0.289998
12.7103 0.289998
12.7134 0.290374
12.7166 0.290702
12.7197 0.290989
12.7229 0.291241
12.726 0.291585
12.7292 0.291762
12.7323 0.291917
12.7355 0.292052
12.7387 0.292171
12.7418 0.292274
12.745 0.292365
12.7481 0.29257
12.7513 0.292623
12.7544 0.29267
12.7576 0.292712
12.7607 0.292748
12.7639 0.292779
12.767 0.292932
12.7702 0.29294
12.7733 0.292948
12.7765 0.292954
12.7796 0.29296
12.7828 0.292965
12.7859 0.292969
12.7891 0.293098
12.7922 0.293086
12.7954 0.293075
12.7985 0.293066
12.8017 0.293058
12.8048 0.29305
12.808 0.293044
12.8111 0.293039
12.8143 0.293034
12.8175 0.29303
12.8206 0.293026
12.8238 0.293023
12.8269 0.29302
12.8301 0.293142
12.8332 0.293125
12.8364 0.293109
12.8395 0.293095
12.8427 0.293083
12.8458 0.293073
12.849 0.293064
12.8521 0.293181
12.8553 0.293158
12.8584 0.293138
12.8616 0.293121
12.8647 0.293106
12.8679 0.293093
12.871 0.293206
12.8742 0.29318
12.8773 0.293158
12.8805 0.293138
12.8836 0.293121
12.8868 0.293106
12.8899 0.293093
12.8931 0.293206
12.8963 0.29368
12.8994 0.29397
12.9026 0.294224
12.9057 0.294446
12.9089 0.29464
12.912 0.294935
12.9152 0.295193
12.9183 0.295294
12.9215 0.295382
12.9246 0.29546
12.9278 0.295527
12.9309 0.295586
12.9341 0.295763
12.9372 0.295918
12.9404 0.295928
12.9435 0.295937
12.9467 0.295945
12.9498 0.295952
12.953 0.295958
12.9561 0.296088
12.9593 0.296077
12.9624 0.296067
12.9656 0.296059
12.9687 0.296052
12.9719 0.296045
12.9751 0.296164
12.9782 0.296269
12.9814 0.296235
12.9845 0.296206
12.9877 0.29618
12.9908 0.296158
12.994 0.296138
12.9971 0.296246
13.0003 0.29634
13.0034 0.296297
13.0066 0.29626
13.0097 0.296228
13.0129 0.296199
13.016 0.296299
13.0192 0.296387
13.0223 0.296339
13.0255 0.296296
13.0286 0.296259
13.0318 0.296227
13.0349 0.296198
13.0381 0.296299
13.0412 0.296386
13.0444 0.296338
13.0475 0.296296
13.0507 0.296259
13.0539 0.296226
13.057 0.296323
13.0602 0.296408
13.0633 0.296357
13.0665 0.296312
13.0696 0.296273
13.0728 0.296239
13.0759 0.296209
13.0791 0.296308
13.0822 0.296769
13.0854 0.297173
13.0885 0.297402
13.0917 0.297601
13.0948 0.297776
13.098 0.297929
13.1011 0.298188
13.1043 0.298415
13.1074 0.298613
13.1106 0.298661
13.1137 0.298704
13.1169 0.298741
13.12 0.298898
13.1232 0.299036
13.1263 0.299156
13.1295 0.299137
13.1327 0.29912
13.1358 0.299105
13.139 0.299092
13.1421 0.299205
13.1453 0.299305
13.1484 0.299391
13.1516 0.299343
13.1547 0.2993
13.1579 0.299262
13.161 0.299354
13.1642 0.299435
13.1673 0.299506
13.1705 0.299443
13.1736 0.299387
13.1768 0.299339
13.1799 0.299296
13.1831 0.299384
13.1862 0.299461
13.1894 0.299529
13.1925 0.299463
13.1957 0.299405
13.1988 0.299354
13.202 0.29931
13.2051 0.299396
13.2083 0.299472
13.2115 0.299413
13.2146 0.299361
13.2178 0.299316
13.2209 0.299276
13.2241 0.299367
13.2272 0.299446
13.2304 0.299515
13.2335 0.299451
13.2367 0.299395
13.2398 0.299345
13.243 0.299302
13.2461 0.299389
13.2493 0.299466
13.2524 0.299532
13.2556 0.299466
13.2587 0.299408
13.2619 0.299357
13.265 0.299437
13.2682 0.299882
13.2713 0.300272
13.2745 0.300613
13.2776 0.300786
13.2808 0.300938
13.2839 0.301071
13.2871 0.301312
13.2903 0.301523
13.2934 0.301708
13.2966 0.301869
13.2997 0.301886
13.3029 0.3019
13.306 0.302037
13.3092 0.302158
13.3123 0.302263
13.3155 0.302355
13.3186 0.302311
13.3218 0.302272
13.3249 0.302238
13.3281 0.302333
13.3312 0.302417
13.3344 0.302489
13.3375 0.302553
13.3407 0.302484
13.3438 0.302424
13.347 0.302371
13.3501 0.302449
13.3533 0.302518
13.3564 0.302578
13.3596 0.302506
13.3627 0.302443
13.3659 0.302387
13.3691 0.302464
13.3722 0.302531
13.3754 0.30259
13.3785 0.302641
13.3817 0.302561
13.3848 0.302491
13.388 0.302429
13.3911 0.302501
13.3943 0.302563
13.3974 0.302618
13.4006 0.302666
13.4037 0.302582
13.4069 0.30251
13.41 0.302571
13.4132 0.302624
13.4163 0.302671
13.4195 0.302712
13.4226 0.302623
13.4258 0.302546
13.4289 0.302477
13.4321 0.302543
13.4352 0.3026
13.4384 0.30265
13.4415 0.302694
13.4447 0.302607
13.4479 0.302531
13.451 0.30259
13.4542 0.302641
13.4573 0.302686
13.4605 0.3031
13.4636 0.303463
13.4668 0.303655
13.4699 0.303823
13.4731 0.304095
13.4762 0.304333
13.4794 0.304542
13.4825 0.304724
13.4857 0.304883
13.4888 0.304898
13.492 0.304911
13.4951 0.305047
13.4983 0.305166
13.5014 0.30527
13.5046 0.305361
13.5077 0.305441
13.5109 0.305386
13.514 0.305463
13.5172 0.30553
13.5203 0.305589
13.5235 0.30564
13.5267 0.305685
13.5298 0.305599
13.533 0.305525
13.5361 0.305584
13.5393 0.305636
13.5424 0.305681
13.5456 0.305721
13.5487 0.305756
13.5519 0.305662
13.555 0.305704
13.5582 0.305741
13.5613 0.305773
13.5645 0.305802
13.5676 0.305826
13.5708 0.305723
13.5739 0.305633
13.5771 0.305679
13.5802 0.305719
13.5834 0.305754
13.5865 0.305785
13.5897 0.305812
13.5928 0.30571
13.596 0.305621
13.5991 0.305669
13.6023 0.30571
13.6055 0.305746
13.6086 0.305778
13.6118 0.305681
13.6149 0.305596
13.6181 0.305646
13.6212 0.30569
13.6244 0.305729
13.6275 0.305763
13.6307 0.305793
13.6338 0.305694
13.637 0.305607
13.6401 0.305656
13.6433 0.305699
13.6464 0.305737
13.6496 0.306145
13.6527 0.306501
13.6559 0.306814
13.659 0.307087
13.6622 0.307326
13.6653 0.307535
13.6685 0.307718
13.6716 0.307879
13.6748 0.308019
13.6779 0.308016
13.6811 0.308139
13.6843 0.308247
13.6874 0.308341
13.6906 0.308423
13.6937 0.308496
13.6969 0.308559
13.7 0.308614
13.7032 0.308662
13.7063 0.308704
13.7095 0.308741
13.7126 0.308774
13.7158 0.308802
13.7189 0.308702
13.7221 0.308739
13.7252 0.308772
13.7284 0.3088
13.7315 0.308825
13.7347 0.308847
13.7378 0.308866
13.741 0.308758
13.7441 0.308788
13.7473 0.308815
13.7504 0.308838
13.7536 0.308858
13.7567 0.308876
13.7599 0.308766
13.7631 0.308796
13.7662 0.308821
13.7694 0.308843
13.7725 0.308863
13.7757 0.30888
13.7788 0.308895
13.782 0.308783
13.7851 0.30881
13.7883 0.308834
13.7914 0.308855
13.7946 0.308873
13.7977 0.308889
13.8009 0.308903
13.804 0.308915
13.8072 0.308926
13.8103 0.308935
13.8135 0.308943
13.8166 0.30895
13.8198 0.308956
13.8229 0.308837
13.8261 0.308857
13.8292 0.308875
13.8324 0.308891
13.8355 0.308904
13.8387 0.308916
13.8419 0.308927
13.845 0.309436
13.8482 0.309756
13.8513 0.310037
13.8545 0.310282
13.8576 0.310497
13.8608 0.310685
13.8639 0.310849
13.8671 0.310993
13.8702 0.311119
13.8734 0.311229
13.8765 0.311325
13.8797 0.31141
13.8828 0.311484
13.886 0.311548
13.8891 0.311605
13.8923 0.311654
13.8954 0.311697
13.8986 0.311735
13.9017 0.311768
13.9049 0.311797
13.908 0.311948
13.9112 0.311954
13.9143 0.31196
13.9175 0.311965
13.9207 0.311969
13.9238 0.311973
13.927 0.311976
13.9301 0.311979
13.9333 0.311982
13.9364 0.311984
13.9396 0.311986
13.9427 0.311988
13.9459 0.311989
13.949 0.312116
13.9522 0.312101
13.9553 0.312089
13.9585 0.312078
13.9616 0.312068
13.9648 0.312059
13.9679 0.312052
13.9711 0.312045
13.9742 0.31204
13.9774 0.312035
13.9805 0.31203
13.9837 0.312027
13.9868 0.312023
13.99 0.31202
13.9931 0.312018
13.9963 0.312016
13.9995 0.312014
14.0026 0.312012
14.0058 0.31201
14.0089 0.312009
14.0121 0.312008
14.0152 0.312007
14.0184 0.312006
14.0215 0.312005
14.0247 0.312005
14.0278 0.312004
14.031 0.312004
14.0341 0.312003
14.0373 0.312003
14.0404 0.312377
14.0436 0.312705
14.0467 0.312992
14.0499 0.313243
14.053 0.313588
14.0562 0.313889
14.0593 0.314028
14.0625 0.31415
14.0656 0.314256
14.0688 0.314349
14.0719 0.31443
14.0751 0.314626
14.0783 0.314673
14.0814 0.314714
14.0846 0.31475
14.0877 0.314781
14.0909 0.314808
14.094 0.314957
14.0972 0.315088
14.1003 0.315077
14.1035 0.315067
14.1066 0.315059
14.1098 0.315051
14.1129 0.315045
14.1161 0.315164
14.1192 0.315144
14.1224 0.315126
14.1255 0.31511
14.1287 0.315096
14.1318 0.315084
14.135 0.315074
14.1381 0.31519
14.1413 0.315166
14.1444 0.315145
14.1476 0.315127
14.1507 0.315111
14.1539 0.315097
14.1571 0.31521
14.1602 0.315184
14.1634 0.315161
14.1665 0.315141
14.1697 0.315123
14.1728 0.315108
14.176 0.315094
14.1791 0.315207
14.1823 0.315182
14.1854 0.315159
14.1886 0.315139
14.1917 0.315122
14.1949 0.315106
14.198 0.315218
14.2012 0.315316
14.2043 0.315276
14.2075 0.315242
14.2106 0.315212
14.2138 0.315185
14.2169 0.315162
14.2201 0.315267
14.2232 0.315233
14.2264 0.315204
14.2295 0.315179
14.2327 0.315156
14.2359 0.315512
14.239 0.315948
14.2422 0.316329
14.2453 0.316663
14.2485 0.31683
14.2516 0.316977
14.2548 0.317104
14.2579 0.317216
14.2611 0.317439
14.2642 0.317634
14.2674 0.31768
14.2705 0.31772
14.2737 0.317755
14.2768 0.317786
14.28 0.317812
14.2831 0.317961
14.2863 0.318091
14.2894 0.318079
14.2926 0.31807
14.2957 0.318061
14.2989 0.318053
14.302 0.318172
14.3052 0.318275
14.3083 0.318366
14.3115 0.31832
14.3147 0.31828
14.3178 0.318245
14.321 0.318214
14.3241 0.318313
14.3273 0.318399
14.3304 0.318349
14.3336 0.318305
14.3367 0.318267
14.3399 0.318234
14.343 0.318329
14.3462 0.318413
14.3493 0.318487
14.3525 0.318426
14.3556 0.318373
14.3588 0.318326
14.3619 0.318285
14.3651 0.318375
14.3682 0.318453
14.3714 0.318396
14.3745 0.318347
14.3777 0.318303
14.3808 0.318265
14.384 0.318232
14.3871 0.318328
14.3903 0.318412
14.3935 0.318361
14.3966 0.318316
14.3998 0.318276
14.4029 0.318242
14.4061 0.318336
14.4092 0.318419
14.4124 0.318367
14.4155 0.318321
14.4187 0.318281
14.4218 0.318246
14.425 0.318215
14.4281 0.318313
14.4313 0.318399
14.4344 0.318849
14.4376 0.319118
14.4407 0.319353
14.4439 0.319559
14.447 0.319864
14.4502 0.320131
14.4533 0.320365
14.4565 0.320569
14.4596 0.320623
14.4628 0.32067
14.4659 0.320711
14.4691 0.320872
14.4723 0.321013
14.4754 0.321137
14.4786 0.32112
14.4817 0.321105
14.4849 0.321092
14.488 0.321205
14.4912 0.321305
14.4943 0.321391
14.4975 0.321468
14.5006 0.321409
14.5038 0.321358
14.5069 0.321313
14.5101 0.321399
14.5132 0.321474
14.5164 0.32154
14.5195 0.321472
14.5227 0.321413
14.5258 0.321362
14.529 0.321316
14.5321 0.321402
14.5353 0.321477
14.5384 0.321542
14.5416 0.321474
14.5447 0.321415
14.5479 0.321363
14.5511 0.321443
14.5542 0.321512
14.5574 0.321573
14.5605 0.321502
14.5637 0.321439
14.5668 0.321384
14.57 0.321336
14.5731 0.321419
14.5763 0.321492
14.5794 0.321555
14.5826 0.321486
14.5857 0.321425
14.5889 0.321372
14.592 0.32145
14.5952 0.321519
14.5983 0.321579
14.6015 0.321632
14.6046 0.321553
14.6078 0.321484
14.6109 0.321423
14.6141 0.321495
14.6172 0.321558
14.6204 0.321614
14.6235 0.321537
14.6267 0.32147
14.6299 0.321411
14.633 0.321485
14.6362 0.321924
14.6393 0.322309
14.6425 0.322645
14.6456 0.322939
14.6488 0.323072
14.6519 0.323188
14.6551 0.323414
14.6582 0.323613
14.6614 0.323786
14.6645 0.323938
14.6677 0.323946
14.6708 0.323952
14.674 0.323958
14.6771 0.324089
14.6803 0.324202
14.6834 0.324302
14.6866 0.324389
14.6897 0.324341
14.6929 0.324298
14.696 0.324386
14.6992 0.324463
14.7023 0.32453
14.7055 0.324589
14.7087 0.32464
14.7118 0.32456
14.715 0.32449
14.7181 0.324554
14.7213 0.32461
14.7244 0.324658
14.7276 0.324701
14.7307 0.324613
14.7339 0.324537
14.737 0.324595
14.7402 0.324645
14.7433 0.32469
14.7465 0.324728
14.7496 0.324762
14.7528 0.324667
14.7559 0.324584
14.7591 0.324636
14.7622 0.324681
14.7654 0.324721
14.7685 0.324756
14.7717 0.324661
14.7748 0.324579
14.778 0.324506
14.7811 0.324568
14.7843 0.324622
14.7875 0.324669
14.7906 0.324711
14.7938 0.324622
14.7969 0.324544
14.8001 0.324601
14.8032 0.324651
14.8064 0.324695
14.8095 0.324733
14.8127 0.324641
14.8158 0.324561
14.819 0.324491
14.8221 0.324555
14.8253 0.32461
14.8284 0.324659
14.8316 0.324702
14.8347 0.324614
14.8379 0.324537
14.841 0.32497
14.8442 0.325349
14.8473 0.32568
14.8505 0.32597
14.8536 0.326224
14.8568 0.326446
14.8599 0.326515
14.8631 0.326701
14.8663 0.326863
14.8694 0.327005
14.8726 0.32713
14.8757 0.327238
14.8789 0.327209
14.882 0.327308
14.8852 0.327394
14.8883 0.32747
14.8915 0.327536
14.8946 0.327594
14.8978 0.327645
14.9009 0.327564
14.9041 0.327619
14.9072 0.327666
14.9104 0.327708
14.9135 0.327745
14.9167 0.327776
14.9198 0.327679
14.923 0.327594
14.9261 0.327645
14.9293 0.32769
14.9324 0.327728
14.9356 0.327762
14.9387 0.327792
14.9419 0.327693
14.9451 0.327731
14.9482 0.327765
14.9514 0.327794
14.9545 0.32782
14.9577 0.327843
14.9608 0.327737
14.964 0.327645
14.9671 0.327689
14.9703 0.327728
14.9734 0.327762
14.9766 0.327792
14.9797 0.327818
14.9829 0.327716
14.986 0.327751
14.9892 0.327782
14.9923 0.32781
14.9955 0.327833
14.9986 0.327854
15.0018 0.327872
15.0049 0.327763
15.0081 0.327793
15.0112 0.327819
15.0144 0.327841
15.0175 0.327861
15.0207 0.327879
15.0239 0.327769
15.027 0.327798
15.0302 0.327823
15.0333 0.327845
15.0365 0.327864
15.0396 0.327881
15.0428 0.327896
15.0459 0.328284
15.0491 0.328624
15.0522 0.328921
15.0554 0.329181
15.0585 0.329408
15.0617 0.329607
15.0648 0.329781
15.068 0.329809
15.0711 0.329957
15.0743 0.330088
15.0774 0.330202
15.0806 0.330302
15.0837 0.330389
15.0869 0.330465
15.09 0.330532
15.0932 0.330591
15.0963 0.330642
15.0995 0.330687
15.1027 0.330726
15.1058 0.33076
15.109 0.33079
15.1121 0.330816
15.1153 0.330839
15.1184 0.330859
15.1216 0.330877
15.1247 0.330892
15.1279 0.330906
15.131 0.330918
15.1342 0.330928
15.1373 0.330937
15.1405 0.330945
15.1436 0.330952
15.1468 0.330958
15.1499 0.330963
15.1531 0.330968
15.1562 0.330972
15.1594 0.330975
15.1625 0.330978
15.1657 0.330981
15.1688 0.330983
15.172 0.33086
15.1751 0.330878
15.1783 0.330893
15.1815 0.330907
15.1846 0.330918
15.1878 0.330928
15.1909 0.330937
15.1941 0.330945
15.1972 0.330952
15.2004 0.330958
15.2035 0.330963
15.2067 0.330968
15.2098 0.330972
15.213 0.33085
15.2161 0.330869
15.2193 0.330885
15.2224 0.3309
15.2256 0.330912
15.2287 0.330923
15.2319 0.330933
15.235 0.330941
15.2382 0.330949
15.2413 0.330955
15.2445 0.330961
15.2476 0.330966
15.2508 0.331345
15.2539 0.331677
15.2571 0.332092
15.2603 0.332331
15.2634 0.332539
15.2666 0.332722
15.2697 0.332882
15.2729 0.333021
15.276 0.333269
15.2792 0.33336
15.2823 0.33344
15.2855 0.33351
15.2886 0.333571
15.2918 0.333625
15.2949 0.333672
15.2981 0.333838
15.3012 0.333858
15.3044 0.333876
15.3075 0.333891
15.3107 0.333905
15.3138 0.333917
15.317 0.333927
15.3201 0.333936
15.3233 0.333944
15.3264 0.333951
15.3296 0.333957
15.3327 0.333963
15.3359 0.333967
15.3391 0.334096
15.3422 0.334084
15.3454 0.334074
15.3485 0.334065
15.3517 0.334057
15.3548 0.334049
15.358 0.334043
15.3611 0.334038
15.3643 0.334033
15.3674 0.334029
15.3706 0.334025
15.3737 0.334022
15.3769 0.334019
15.38 0.334142
15.3832 0.334124
15.3863 0.334109
15.3895 0.334095
15.3926 0.334083
15.3958 0.334073
15.3989 0.334064
15.4021 0.334181
15.4052 0.334158
15.4084 0.334138
15.4115 0.334121
15.4147 0.334106
15.4179 0.334093
15.421 0.334206
15.4242 0.33418
15.4273 0.334158
15.4305 0.334138
15.4336 0.334121
15.4368 0.334106
15.4399 0.334093
15.4431 0.334206
15.4462 0.33418
15.4494 0.334158
15.4525 0.334138
15.4557 0.334121
15.4588 0.334481
15.462 0.334796
15.4651 0.335196
15.4683 0.335422
15.4714 0.335619
15.4746 0.335792
15.4777 0.335943
15.4809 0.336075
15.484 0.336315
15.4872 0.336526
15.4903 0.336585
15.4935 0.336637
15.4967 0.336682
15.4998 0.336722
15.503 0.336757
15.5061 0.336912
15.5093 0.337048
15.5124 0.337042
15.5156 0.337037
15.5187 0.337032
15.5219 0.337028
15.525 0.33715
15.5282 0.337256
15.5313 0.337224
15.5345 0.337196
15.5376 0.337172
15.5408 0.33715
15.5439 0.337131
15.5471 0.33724
15.5502 0.337335
15.5534 0.337293
15.5565 0.337256
15.5597 0.337224
15.5628 0.337196
15.566 0.337172
15.5691 0.337275
15.5723 0.337241
15.5755 0.337211
15.5786 0.337184
15.5818 0.337161
15.5849 0.337141
15.5881 0.337249
15.5912 0.337342
15.5944 0.3373
15.5975 0.337262
15.6007 0.337229
15.6038 0.337201
15.607 0.337176
15.6101 0.337279
15.6133 0.337244
15.6164 0.337213
15.6196 0.337187
15.6227 0.337163
15.6259 0.337143
15.629 0.33725
15.6322 0.337344
15.6353 0.337301
15.6385 0.337263
15.6416 0.33723
15.6448 0.337202
15.6479 0.337176
15.6511 0.337279
15.6543 0.337369
15.6574 0.337323
15.6606 0.337283
15.6637 0.337247
15.6669 0.337217
16.1586 0.316564
16.1617 0.298369
16.1649 0.282448
16.168 0.268642
16.1712 0.256562
16.1743 0.245991
16.1775 0.236742
16.1822 0.2289
16.1854 0.222162
16.1885 0.216267
16.1917 0.211109
16.1948 0.206595
16.198 0.202521
16.2011 0.199081
16.2043 0.19607
16.2074 0.193437
16.2106 0.191132
16.2137 0.189116
16.2169 0.187226
16.22 0.185698
16.2232 0.184361
16.2263 0.183441
16.2295 0.18251
16.2326 0.181697
16.2358 0.180985
16.2389 0.180362
16.2421 0.179941
16.2453 0.179574
16.2484 0.179252
16.2516 0.178845
16.2547 0.17849
16.2579 0.178179
16.261 0.178031
16.2642 0.177902
16.2673 0.17779
16.2705 0.177691
16.2736 0.177479
16.2768 0.177295
16.2799 0.177133
16.2831 0.177116
16.2862 0.177102
16.2894 0.177089
16.2925 0.176953
16.2957 0.176834
16.2988 0.176729
16.302 0.176638
16.3051 0.176684
16.3083 0.176723
16.3114 0.176758
16.3146 0.176663
16.3177 0.17658
16.3209 0.176508
16.3241 0.176569
16.3272 0.176623
16.3304 0.17667
16.3335 0.176836
16.3367 0.176982
16.3398 0.177109
16.343 0.177595
16.3461 0.178146
16.3493 0.178503
16.3524 0.178815
16.3556 0.179088
16.3587 0.179327
16.3619 0.178911
16.365 0.178672
16.3682 0.178463
16.3713 0.17828
16.3745 0.17812
16.3776 0.177855
16.3808 0.177623
16.3839 0.17742
16.3871 0.177368
16.3902 0.177322
16.3934 0.177282
16.3965 0.177121
16.3997 0.177356
16.4029 0.177187
16.406 0.177163
16.4092 0.177143
16.4123 0.177125
16.4155 0.177109
16.4186 0.176971
16.4218 0.176849
16.4249 0.176743
16.4281 0.176775
16.4312 0.176803
16.4344 0.176828
16.4375 0.176724
16.4407 0.176634
16.4438 0.176555
16.447 0.176485
16.4501 0.17655
16.4533 0.176981
16.4564 0.177358
16.4596 0.177689
16.4627 0.177852
16.4659 0.177996
16.469 0.178246
16.4722 0.178466
16.4753 0.178657
16.4785 0.178825
16.4817 0.178972
16.4848 0.178976
16.488 0.178979
16.4911 0.179106
16.4943 0.179218
16.4974 0.179316
16.5006 0.179401
16.5037 0.179351
16.5069 0.179307
16.51 0.179394
16.5132 0.17947
16.5163 0.179536
16.5195 0.179594
16.5226 0.179645
16.5258 0.179564
16.5289 0.179494
16.5321 0.179557
16.5352 0.179612
16.5384 0.179661
16.5415 0.179703
16.5447 0.179615
16.5478 0.179538
16.551 0.179471
16.5541 0.179537
16.5573 0.179595
16.5605 0.179646
16.5636 0.17969
16.5668 0.180104
16.5699 0.180341
16.5731 0.180673
16.5762 0.180964
16.5794 0.181218
16.5825 0.181441
16.5857 0.181636
16.5888 0.181682
16.592 0.181721
16.5951 0.181881
16.5983 0.182021
16.6014 0.182143
16.6046 0.18225
16.6077 0.182344
16.6109 0.182301
16.614 0.182388
16.6172 0.182465
16.6203 0.182532
16.6235 0.18259
16.6266 0.182642
16.6298 0.182686
16.6329 0.182601
16.6361 0.18265
16.6393 0.182694
16.6424 0.182732
16.6456 0.182766
16.6487 0.182795
16.6519 0.182696
16.655 0.182734
16.6582 0.182767
16.6613 0.182796
16.6645 0.182822
16.6676 0.182844
16.6708 0.182863
16.6739 0.182756
16.6771 0.182786
16.6802 0.182813
16.6834 0.183211
16.6865 0.18356
16.6897 0.183865
16.6928 0.184132
16.696 0.18424
16.6991 0.18446
16.7023 0.184653
16.7054 0.184821
16.7086 0.184968
16.7117 0.185097
16.7149 0.18521
16.7181 0.185309
16.7212 0.185395
16.7244 0.185471
16.7275 0.185537
16.7307 0.185595
16.7338 0.185646
16.737 0.18569
16.7401 0.185729
16.7433 0.185763
16.7464 0.185792
16.7496 0.185818
16.7527 0.185841
16.7559 0.185861
16.759 0.185878
16.7622 0.185893
16.7653 0.185907
16.7685 0.185918
16.7716 0.185929
16.7748 0.185938
16.7779 0.185945
16.7811 0.185952
16.7842 0.185958
16.7874 0.185963
16.7905 0.185968
16.7937 0.185972
16.7969 0.185975
16.8 0.186479
16.8032 0.186794
16.8063 0.187069
16.8095 0.187311
16.8126 0.187522
16.8158 0.187707
16.8189 0.187868
16.8221 0.188135
16.8252 0.188243
16.8284 0.188338
16.8315 0.18842
16.8347 0.188493
16.8378 0.188556
16.841 0.188612
16.8441 0.18866
16.8473 0.188703
16.8504 0.18874
16.8536 0.188772
16.8567 0.188801
16.8599 0.188826
16.863 0.188973
16.8662 0.188976
16.8693 0.188979
16.8725 0.188982
16.8757 0.188984
16.8788 0.188986
16.882 0.188988
16.8851 0.189114
16.8883 0.1891
16.8914 0.189087
16.8946 0.189077
16.8977 0.189067
16.9009 0.189059
16.904 0.189176
16.9072 0.189154
16.9103 0.189135
16.9135 0.189118
16.9166 0.189103
16.9198 0.189465
16.9229 0.189782
16.9261 0.190184
16.9292 0.190536
16.9324 0.190719
16.9355 0.190879
16.9387 0.191019
16.9418 0.191142
16.945 0.191249
16.9481 0.191468
16.9513 0.191535
16.9545 0.191593
16.9576 0.191644
16.9608 0.191688
16.9639 0.191727
16.9671 0.191886
16.9702 0.192026
16.9734 0.192022
16.9765 0.19202
16.9797 0.192017
16.9828 0.192015
16.986 0.192013
16.9891 0.192136
16.9923 0.192119
16.9954 0.192104
16.9986 0.192091
17.0017 0.19208
17.0049 0.19207
17.008 0.192186
17.0112 0.192288
17.0143 0.192252
17.0175 0.19222
17.0206 0.192193
17.0238 0.192169
17.0269 0.192148
17.0301 0.192254
17.0333 0.192347
17.0364 0.192304
17.0396 0.192266
17.0427 0.192608
17.0459 0.192907
17.049 0.193293
17.0522 0.193632
17.0553 0.193928
17.0585 0.194062
17.0616 0.194179
17.0648 0.194282
17.0679 0.194371
17.0711 0.194575
17.0742 0.194753
17.0774 0.194909
17.0805 0.19492
17.0837 0.19493
17.0868 0.194939
17.09 0.194947
17.0931 0.195078
17.0963 0.195194
17.0994 0.195169
17.1026 0.195148
17.1057 0.19513
17.1089 0.195113
17.1121 0.195224
17.1152 0.195321
17.1184 0.195406
17.1215 0.195355
17.1247 0.195311
17.1278 0.195272
17.131 0.195238
17.1341 0.195333
17.1373 0.195417
17.1404 0.19549
17.1436 0.195428
17.1467 0.195375
17.1499 0.195328
17.153 0.195412
17.1562 0.195485
17.1593 0.19555
17.1625 0.195481
17.1656 0.195796
17.1688 0.196071
17.1719 0.196313
17.1751 0.196648
17.1782 0.196942
17.1814 0.1972
17.1845 0.197425
17.1877 0.197497
17.1909 0.197559
17.194 0.19774
17.1972 0.197897
17.2003 0.198035
17.2035 0.198156
17.2066 0.198136
17.2098 0.198119
17.2129 0.198104
17.2161 0.198216
17.2192 0.198314
17.2224 0.1984
17.2255 0.198475
17.2287 0.198416
17.2318 0.198364
17.235 0.198318
17.2381 0.198403
17.2413 0.198478
17.2444 0.198543
17.2476 0.198475
17.2507 0.198416
17.2539 0.198364
17.257 0.198443
17.2602 0.198513
17.2633 0.198574
17.2665 0.198627
17.2697 0.198549
17.2728 0.19848
17.276 0.19842
17.2791 0.198493
17.2823 0.198556
17.2854 0.198612
17.2886 0.19866
17.2917 0.199078
17.2949 0.199318
17.298 0.199653
17.3012 0.199947
17.3043 0.200203
17.3075 0.200428
17.3106 0.200624
17.3138 0.200671
17.3169 0.200712
17.3201 0.200873
17.3232 0.201014
17.3264 0.201137
17.3295 0.201245
17.3327 0.20134
17.3358 0.201297
17.339 0.20126
17.3421 0.201352
17.3453 0.201433
17.3485 0.201504
17.3516 0.201566
17.3548 0.201495
17.3579 0.201434
17.3611 0.201504
17.3642 0.201566
17.3674 0.20162
17.3705 0.201668
17.3737 0.201709
17.3768 0.201621
17.38 0.201543
17.3831 0.2016
17.3863 0.20165
17.3894 0.201694
17.3926 0.201732
17.3957 0.201641
17.3989 0.201561
17.402 0.201616
17.4052 0.201664
17.4083 0.201706
17.4115 0.201742
17.4146 0.201775
17.4178 0.202178
17.4209 0.202406
17.4241 0.20273
17.4273 0.203014
17.4304 0.203262
17.4336 0.203479
17.4367 0.203669
17.4399 0.203836
17.443 0.203981
17.4462 0.204109
17.4493 0.20422
17.4525 0.204317
17.4556 0.204403
17.4588 0.204477
17.4619 0.204418
17.4651 0.204491
17.4682 0.204554
17.4714 0.20461
17.4745 0.204659
17.4777 0.204701
17.4808 0.204739
17.484 0.204646
17.4871 0.204691
17.4903 0.204729
17.4934 0.204763
17.4966 0.204793
17.4997 0.204819
17.5029 0.204716
17.5061 0.204752
17.5092 0.204783
17.5124 0.20481
17.5155 0.204834
17.5187 0.204854
17.5218 0.204873
17.525 0.204764
17.5281 0.204793
17.5313 0.204819
17.5344 0.204842
17.5376 0.204861
17.5407 0.204879
17.5439 0.204894
17.547 0.205407
17.5502 0.205731
17.5533 0.206015
17.5565 0.206263
17.5596 0.20648
17.5628 0.20667
17.5659 0.206836
17.5691 0.206982
17.5722 0.207109
17.5754 0.20722
17.5785 0.207318
17.5817 0.207403
17.5849 0.207478
17.588 0.207668
17.5912 0.20771
17.5943 0.207746
17.5975 0.207778
17.6006 0.207805
17.6038 0.20783
17.6069 0.207851
17.6101 0.20787
17.6132 0.207886
17.6164 0.2079
17.6195 0.207913
17.6227 0.207924
17.6258 0.207933
17.629 0.207941
17.6321 0.207949
17.6353 0.207955
17.6384 0.207961
17.6416 0.207966
17.6447 0.20797
17.6479 0.207974
17.651 0.207977
17.6542 0.20798
17.6573 0.207982
17.6605 0.207985
17.6636 0.207987
17.6668 0.207988
17.67 0.20799
17.6731 0.207991
17.6763 0.208367
17.6794 0.208696
17.6826 0.208984
17.6857 0.209236
17.6889 0.209457
17.692 0.209775
17.6952 0.210053
17.6983 0.210171
17.7015 0.210275
17.7046 0.210365
17.7078 0.210445
17.7109 0.210514
17.7141 0.2107
17.7172 0.210737
17.7204 0.21077
17.7235 0.210799
17.7267 0.210824
17.7298 0.210846
17.733 0.210865
17.7361 0.211007
17.7393 0.211006
17.7424 0.211005
17.7456 0.211005
17.7488 0.211004
17.7519 0.211004
17.7551 0.211128
17.7582 0.211112
17.7614 0.211098
17.7645 0.211086
17.7677 0.211075
17.7708 0.211066
17.774 0.211058
17.7771 0.211175
17.7803 0.211153
17.7834 0.211134
17.7866 0.211117
17.7897 0.211103
17.7929 0.21109
17.796 0.211204
17.7992 0.211178
17.8023 0.211156
17.8055 0.211136
17.8086 0.211119
17.8118 0.211479
17.8149 0.211795
17.8181 0.212195
17.8212 0.212546
17.8244 0.212728
17.8276 0.212887
17.8307 0.213026
17.8339 0.213148
17.837 0.213379
17.8402 0.213582
17.8433 0.213759
17.8465 0.213789
17.8496 0.213816
17.8528 0.213839
17.8559 0.213859
17.8591 0.214001
17.8622 0.214126
17.8654 0.21411
17.8685 0.214097
17.8717 0.214085
17.8748 0.214074
17.878 0.214065
17.8811 0.214182
17.8843 0.214284
17.8874 0.214248
17.8906 0.214217
17.8937 0.21419
17.8969 0.214166
17.9 0.214271
17.9032 0.214362
17.9064 0.214317
17.9095 0.214277
17.9127 0.214242
17.9158 0.214212
17.919 0.214186
17.9221 0.214287
17.9253 0.214376
17.9284 0.214329
17.9316 0.214288
17.9347 0.214252
17.9379 0.214221
17.941 0.214318
17.9442 0.214778
17.9473 0.215181
17.9505 0.215533
17.9536 0.215717
17.9568 0.215877
17.9599 0.216017
17.9631 0.216265
17.9662 0.216482
17.9694 0.216672
17.9725 0.216713
17.9757 0.216749
17.9788 0.21678
17.982 0.216933
17.9852 0.217066
17.9883 0.217183
17.9915 0.217285
17.9946 0.217249
17.9978 0.217218
18.0009 0.217191
18.0041 0.217292
18.0072 0.217381
18.0104 0.217458
18.0135 0.217401
18.0167 0.217351
18.0198 0.217307
18.023 0.217268
18.0261 0.21736
18.0293 0.21744
18.0324 0.21751
18.0356 0.217446
18.0387 0.21739
18.0419 0.217342
18.045 0.217424
18.0482 0.217496
18.0513 0.217559
18.0545 0.217489
18.0576 0.217428
18.0608 0.217374
18.064 0.217328
18.0671 0.217412
18.0703 0.217485
18.0734 0.21755
18.0766 0.217481
18.0797 0.217421
18.0829 0.217743
18.086 0.21815
18.0892 0.218506
18.0923 0.218818
18.0955 0.219091
18.0986 0.21933
18.1018 0.219413
18.1049 0.219487
18.1081 0.219676
18.1112 0.219841
18.1144 0.219986
18.1175 0.220113
18.1207 0.220099
18.1238 0.220086
18.127 0.220076
18.1301 0.220191
18.1333 0.220292
18.1364 0.220381
18.1396 0.220458
18.1428 0.220401
18.1459 0.220351
18.1491 0.220432
18.1522 0.220503
18.1554 0.220565
18.1585 0.220619
18.1617 0.220542
18.1648 0.220474
18.168 0.220415
18.1711 0.220488
18.1743 0.220552
18.1774 0.220608
18.1806 0.220657
18.1837 0.220575
18.1869 0.220503
18.19 0.220565
18.1932 0.22062
18.1963 0.220667
18.1995 0.220709
18.2026 0.22062
18.2058 0.220543
18.2089 0.220475
18.2121 0.22054
18.2152 0.220598
18.2184 0.220648
18.2216 0.221067
18.2247 0.221434
18.2279 0.22163
18.231 0.221926
18.2342 0.222185
18.2373 0.222412
18.2405 0.22261
18.2436 0.222784
18.2468 0.222936
18.2499 0.222944
18.2531 0.223076
18.2562 0.223192
18.2594 0.223293
18.2625 0.223381
18.2657 0.223458
18.2688 0.223401
18.272 0.223351
18.2751 0.223432
18.2783 0.223503
18.2814 0.223565
18.2846 0.22362
18.2877 0.223667
18.2909 0.223584
18.294 0.223636
18.2972 0.223681
18.3004 0.223721
18.3035 0.223756
18.3067 0.223786
18.3098 0.223688
18.313 0.223602
18.3161 0.223652
18.3193 0.223695
18.3224 0.223733
18.3256 0.223767
18.3287 0.223796
18.3319 0.223696
18.335 0.223734
18.3382 0.223768
18.3413 0.223797
18.3445 0.223822
18.3476 0.223844
18.3508 0.223864
18.3539 0.223756
18.3571 0.223786
18.3602 0.223813
18.3634 0.224211
18.3665 0.22456
18.3697 0.224865
18.3728 0.225132
18.376 0.225365
18.3792 0.22557
18.3823 0.225748
18.3855 0.225905
18.3886 0.226042
18.3918 0.226162
18.3949 0.226266
18.3981 0.226358
18.4012 0.226438
18.4044 0.226509
18.4075 0.22657
18.4107 0.226624
18.4138 0.226671
18.417 0.226587
18.4201 0.226639
18.4233 0.226684
18.4264 0.226723
18.4296 0.226758
18.4327 0.226788
18.4359 0.226815
18.439 0.226838
18.4422 0.226858
18.4453 0.226876
18.4485 0.226891
18.4516 0.226905
18.4548 0.226917
18.458 0.226802
18.4611 0.226827
18.4643 0.226849
18.4674 0.226867
18.4706 0.226884
18.4737 0.226899
18.4769 0.226911
18.48 0.226922
18.4832 0.226932
18.4863 0.226941
18.4895 0.226948
18.4926 0.226954
18.4958 0.22696
18.4989 0.226965
18.5021 0.226969
18.5052 0.227348
18.5084 0.22768
18.5115 0.22797
18.5147 0.228224
18.5178 0.228446
18.521 0.22864
18.5241 0.22881
18.5273 0.228959
18.5304 0.229089
18.5336 0.229203
18.5368 0.229302
18.5399 0.22939
18.5431 0.229591
18.5462 0.229642
18.5494 0.229687
18.5525 0.229726
18.5557 0.22976
18.5588 0.22979
18.562 0.229816
18.5651 0.229839
18.5683 0.229859
18.5714 0.229877
18.5746 0.229892
18.5777 0.229906
18.5809 0.229918
18.584 0.230053
18.5872 0.230046
18.5903 0.23004
18.5935 0.230035
18.5966 0.230031
18.5998 0.230027
18.6029 0.230024
18.6061 0.230021
18.6092 0.230018
18.6124 0.230016
18.6156 0.230014
18.6187 0.230012
18.6219 0.230011
18.625 0.230134
18.6282 0.230118
18.6313 0.230103
18.6345 0.23009
18.6376 0.230079
18.6408 0.230069
18.6439 0.23006
18.6471 0.230178
18.6502 0.230656
18.6534 0.230949
18.6565 0.231205
18.6597 0.231429
18.6628 0.231626
18.666 0.231797
18.6691 0.232073
18.6723 0.232189
18.6754 0.23229
18.6786 0.232379
18.6817 0.232456
18.6849 0.232524
18.688 0.232709
18.6912 0.23287
18.6944 0.232886
18.6975 0.232901
18.7007 0.232913
18.7038 0.232924
18.707 0.232933
18.7101 0.233067
18.7133 0.233058
18.7164 0.233051
18.7196 0.233045
18.7227 0.233039
18.7259 0.233034
18.729 0.233155
18.7322 0.233261
18.7353 0.233228
18.7385 0.2332
18.7416 0.233175
18.7448 0.233153
18.7479 0.233134
18.7511 0.233242
18.7542 0.233337
18.7574 0.233295
18.7605 0.233258
18.7637 0.233226
18.7668 0.233197
18.77 0.233298
18.7732 0.233385
18.7763 0.233337
18.7795 0.233295
18.7826 0.233258
18.7858 0.233226
18.7889 0.233198
18.7921 0.233298
18.7952 0.233761
18.7984 0.234166
18.8015 0.234395
18.8047 0.234596
18.8078 0.234771
18.811 0.234925
18.8141 0.235184
18.8173 0.235411
18.8204 0.235485
18.8236 0.235549
18.8267 0.235606
18.8299 0.235655
18.833 0.235823
18.8362 0.23597
18.8393 0.236099
18.8425 0.236086
18.8456 0.236076
18.8488 0.236066
18.852 0.236058
18.8551 0.236176
18.8583 0.236279
18.8614 0.236244
18.8646 0.236213
18.8677 0.236187
18.8709 0.236163
18.874 0.236268
18.8772 0.236359
18.8803 0.23644
18.8835 0.236385
18.8866 0.236337
18.8898 0.236294
18.8929 0.236258
18.8961 0.23635
18.8992 0.236432
18.9024 0.236503
18.9055 0.23644
18.9087 0.236385
18.9118 0.236337
18.915 0.236295
18.9181 0.236383
18.9213 0.23646
18.9244 0.236402
18.9276 0.236352
18.9308 0.236308
18.9339 0.23627
18.9371 0.236361
18.9402 0.236441
18.9434 0.236886
18.9465 0.237275
18.9497 0.237491
18.9528 0.237679
18.956 0.237844
18.9591 0.238114
18.9623 0.23835
18.9654 0.238556
18.9686 0.238611
18.9717 0.23866
18.9749 0.238702
18.978 0.238865
18.9812 0.239007
18.9843 0.239131
18.9875 0.239239
18.9906 0.239209
18.9938 0.239183
18.9969 0.23916
19.0001 0.239265
19.0032 0.239357
19.0064 0.239438
19.0096 0.239383
19.0127 0.239335
19.0159 0.239293
19.019 0.239381
19.0222 0.239459
19.0253 0.239526
19.0285 0.239586
19.0316 0.239512
19.0348 0.239448
19.0379 0.239392
19.0411 0.239468
19.0442 0.239535
19.0474 0.239593
19.0505 0.239644
19.0537 0.239563
19.0568 0.239493
19.06 0.239431
19.0631 0.239502
19.0663 0.239565
19.0694 0.239619
19.0726 0.239542
19.0757 0.239474
19.0789 0.239415
19.082 0.239488
19.0852 0.239552
19.0884 0.239608
19.0915 0.239657
19.0947 0.240075
19.0978 0.240315
19.101 0.240526
19.1041 0.240835
19.1073 0.241106
19.1104 0.241343
19.1136 0.24155
19.1167 0.241606
19.1199 0.241655
19.123 0.241823
19.1262 0.24197
19.1293 0.242099
19.1325 0.242212
19.1356 0.24231
19.1388 0.242272
19.1419 0.242238
19.1451 0.242333
19.1482 0.242416
19.1514 0.242489
19.1545 0.242553
19.1577 0.242609
19.1608 0.242533
19.164 0.242591
19.1672 0.242642
19.1703 0.242687
19.1735 0.242726
19.1766 0.24276
19.1798 0.242665
19.1829 0.242582
19.1861 0.242634
19.1892 0.24268
19.1924 0.24272
19.1955 0.242755
19.1987 0.242786
19.2018 0.242687
19.205 0.242602
19.2081 0.242651
19.2113 0.242695
19.2144 0.242733
19.2176 0.242766
19.2207 0.242671
19.2239 0.242587
19.227 0.242638
19.2302 0.242684
19.2333 0.242723
19.2365 0.242758
19.2396 0.242788
19.2428 0.24269
19.246 0.242603
19.2491 0.243028
19.2523 0.243399
19.2554 0.243725
19.2586 0.244009
19.2617 0.244258
19.2649 0.244351
19.268 0.244557
19.2712 0.244737
19.2743 0.244895
19.2775 0.245033
19.2806 0.245154
19.2838 0.24526
19.2869 0.245227
19.2901 0.245324
19.2932 0.245408
19.2964 0.245482
19.2995 0.245547
19.3027 0.245604
19.3058 0.245653
19.309 0.245572
19.3121 0.245625
19.3153 0.245672
19.3184 0.245713
19.3216 0.245749
19.3248 0.24578
19.3279 0.245683
19.3311 0.245722
19.3342 0.245757
19.3374 0.245787
19.3405 0.245814
19.3437 0.245837
19.3468 0.245858
19.35 0.24575
19.3531 0.245782
19.3563 0.245809
19.3594 0.245833
19.3626 0.245854
19.3657 0.245872
19.3689 0.245763
19.372 0.245793
19.3752 0.245819
19.3783 0.245841
19.3815 0.245861
19.3846 0.245878
19.3878 0.245894
19.3909 0.245782
19.3941 0.245809
19.3972 0.245833
19.4004 0.245854
19.4036 0.246247
19.4067 0.246591
19.4099 0.246892
19.413 0.247156
19.4162 0.247386
19.4193 0.247588
19.4225 0.247765
19.4256 0.247919
19.4288 0.248054
19.4319 0.248172
19.4351 0.248276
19.4382 0.248366
19.4414 0.248446
19.4445 0.248515
19.4477 0.248575
19.4508 0.248629
19.454 0.248675
19.4571 0.248716
19.4603 0.248751
19.4634 0.248782
19.4666 0.248809
19.4697 0.248833
19.4729 0.248854
19.476 0.248872
19.4792 0.248888
19.4824 0.248902
19.4855 0.248914
19.4887 0.248925
19.4918 0.248935
19.495 0.248943
19.4981 0.24895
19.5013 0.248956
19.5044 0.248962
19.5076 0.248966
19.5107 0.248971
19.5139 0.248974
19.517 0.248978
19.5202 0.24898
19.5233 0.248983
19.5265 0.248985
19.5296 0.248987
19.5328 0.248988
19.5359 0.24899
19.5391 0.248991
19.5422 0.248992
19.5454 0.248993
19.5485 0.248994
19.5517 0.248995
19.5548 0.248995
19.558 0.249496
19.5612 0.249934
19.5643 0.250192
19.5675 0.250418
19.5706 0.250616
19.5738 0.250789
19.5769 0.25094
19.5801 0.251198
19.5832 0.251298
19.5864 0.251386
19.5895 0.251463
19.5927 0.25153
19.5958 0.251589
19.599 0.25164
19.6021 0.25181
19.6053 0.251834
19.6084 0.251855
19.6116 0.251873
19.6147 0.251889
19.6179 0.251903
19.621 0.25204
19.6242 0.252035
19.6273 0.25203
19.6305 0.252027
19.6336 0.252023
19.6368 0.25202
19.64 0.252018
19.6431 0.252141
19.6463 0.252123
19.6494 0.252108
19.6526 0.252094
19.6557 0.252082
19.6589 0.252072
19.662 0.252188
19.6652 0.252165
19.6683 0.252144
19.6715 0.252126
19.6746 0.25211
19.6778 0.252096
19.6809 0.252084
19.6841 0.252199
19.6872 0.252174
19.6904 0.252152
19.6935 0.252133
19.6967 0.252117
19.6998 0.252102
19.703 0.252089
19.7061 0.252203
19.7093 0.252178
19.7124 0.252155
19.7156 0.252511
19.7188 0.252822
19.7219 0.253094
19.7251 0.253458
19.7282 0.253775
19.7314 0.253928
19.7345 0.254062
19.7377 0.25418
19.7408 0.254282
19.744 0.254372
19.7471 0.254575
19.7503 0.254753
19.7534 0.254784
19.7566 0.254811
19.7597 0.254835
19.7629 0.254855
19.766 0.254999
19.7692 0.255124
19.7723 0.255108
19.7755 0.255095
19.7786 0.255083
19.7818 0.255073
19.7849 0.255063
19.7881 0.255181
19.7912 0.255283
19.7944 0.255248
19.7976 0.255217
19.8007 0.25519
19.8039 0.255166
19.807 0.25527
19.8102 0.255361
19.8133 0.255316
19.8165 0.255277
19.8196 0.255242
19.8228 0.255212
19.8259 0.255185
19.8291 0.255287
19.8322 0.255376
19.8354 0.255329
19.8385 0.255288
19.8417 0.255252
19.8448 0.255221
19.848 0.255193
19.8511 0.255294
19.8543 0.255382
19.8574 0.255334
19.8606 0.255293
19.8637 0.255256
19.8669 0.255224
19.87 0.255321
19.8732 0.255406
19.8764 0.255855
19.8795 0.256123
19.8827 0.256358
19.8858 0.256563
19.889 0.256743
19.8921 0.257025
19.8953 0.257272
19.8984 0.257488
19.9016 0.257552
19.9047 0.257608
19.9079 0.257657
19.911 0.257825
19.9142 0.257972
19.9173 0.2581
19.9205 0.258088
19.9236 0.258077
19.9268 0.258067
19.9299 0.258059
19.9331 0.258176
19.9362 0.258279
19.9394 0.258369
19.9425 0.258323
19.9457 0.258283
19.9488 0.258247
19.952 0.258342
19.9552 0.258424
19.9583 0.258496
19.9615 0.258559
19.9646 0.258489
19.9678 0.258428
19.9709 0.258374
19.9741 0.258453
19.9772 0.258521
19.9804 0.258581
19.9835 0.258508
19.9867 0.258445
19.9898 0.258389
19.993 0.258341
19.9961 0.258423
19.9993 0.258495
20.0024 0.258558
20.0056 0.258488
20.0087 0.258427
20.0119 0.258374
20.015 0.258452
20.0182 0.258521
20.0213 0.258581
20.0245 0.258508
20.0276 0.258445
20.0308 0.258389
20.034 0.25834
20.0371 0.258423
20.0403 0.25887
20.0434 0.259261
20.0466 0.259604
20.0497 0.259778
20.0529 0.259931
20.056 0.260189
20.0592 0.260416
20.0623 0.260614
20.0655 0.260787
20.0686 0.260814
20.0718 0.260837
20.0749 0.260857
20.0781 0.261
20.0812 0.261125
20.0844 0.261235
20.0875 0.26133
20.0907 0.261289
20.0938 0.261253
20.097 0.261221
