0.0 0
0.0905768 4294967295
0.18279 4294967295
0.276537 4294967295
0.368707 4294967295
0.371859 4294967295
0.460878 4294967295
0.46403 4294967295
0.467182 4294967295
0.470334 4294967295
0.473486 4294967295
0.554624 4294967295
0.557776 4294967295
0.560928 4294967295
0.56408 4294967295
0.567232 4294967295
0.570384 4294967295
0.573536 4294967295
0.576688 4294967295
0.57984 4294967295
0.582992 4294967295
0.586144 4294967295
0.646794 4294967295
0.649946 4294967295
0.653098 4294967295
0.65625 4294967295
0.659402 4294967295
0.662554 4294967295
0.665706 4294967295
0.668858 4294967295
0.67201 4294967295
0.675162 4294967295
0.678314 4294967295
0.681466 4294967295
0.684618 4294967295
0.68777 4294967295
0.690922 4294967295
0.694074 4294967295
0.697226 4294967295
0.700378 4294967295
0.70353 4294967295
0.706682 4294967295
0.709834 4294967295
0.712986 4294967295
0.716138 4294967295
0.71929 4294967295
0.722442 4294967295
0.740541 4294967295
0.743693 4294967295
0.746845 4294967295
0.749997 4294967295
0.753149 4294967295
0.756301 4294967295
0.759453 4294967295
0.762605 4294967295
0.765757 4294967295
0.768909 4294967295
0.772061 4294967295
0.775213 4294967295
0.778365 4294967295
0.781517 4294967295
0.784669 4294967295
0.787821 4294967295
0.790973 4294967295
0.794125 4294967295
0.797277 4294967295
0.800429 4294967295
0.803581 4294967295
0.806733 4294967295
0.809885 4294967295
0.813037 4294967295
0.816189 4294967295
0.819341 4294967295
0.822493 4294967295
0.825645 4294967295
0.828797 4294967295
0.831949 4294967295
0.835101 4294967295
0.838253 4294967295
0.841405 4294967295
0.844557 4294967295
0.847709 4294967295
0.850861 4294967295
0.854013 4294967295
0.857165 4294967295
0.860317 4294967295
0.863469 4294967295
0.866621 4294967295
0.869773 4294967295
0.872925 4294967295
0.876077 4294967295
0.879229 4294967295
0.882381 4294967295
0.885533 4294967295
0.888685 4294967295
0.891837 4294967295
0.894989 4294967295
0.898141 4294967295
0.901293 4294967295
0.904445 4294967295
0.907597 4294967295
0.910749 4294967295
0.913901 4294967295
0.917053 4294967295
0.920205 4294967295
0.923357 4294967295
0.926509 4294967295
0.929661 4294967295
0.932813 4294967295
0.935965 4294967295
0.939117 4294967295
0.942269 4294967295
0.945421 4294967295
0.948573 4294967295
0.951725 4294967295
0.954877 4294967295
0.958029 4294967295
0.961181 4294967295
0.964333 4294967295
0.967485 4294967295
0.970637 4294967295
0.973789 4294967295
0.976941 4294967295
0.980093 4294967295
0.983245 4294967295
0.986397 4294967295
0.989549 4294967295
0.992701 4294967295
0.995853 4294967295
0.999005 4294967295
1.00216 4294967295
1.00531 4294967295
1.00846 4294967295
1.01161 4294967295
1.01476 4294967295
1.01792 4294967295
1.02107 4294967295
1.02422 4294967295
1.02737 4294967295
1.03052 4294967295
1.03368 4294967295
1.03683 4294967295
1.03998 4294967295
1.04313 4294967295
1.04628 4294967295
1.04944 4294967295
1.05259 4294967295
1.05574 4294967295
1.05889 4294967295
1.06204 4294967295
1.0652 4294967295
1.06835 4294967295
1.0715 4294967295
1.07465 4294967295
1.0778 4294967295
1.08096 4294967295
1.08411 4294967295
1.08726 4294967295
1.09041 4294967295
1.09356 4294967295
1.09672 4294967295
1.09987 4294967295
1.10302 4294967295
1.10617 4294967295
1.10932 4294967295
1.11248 4294967295
1.11563 4294967295
1.11878 4294967295
1.12193 4294967295
1.12508 4294967295
1.12824 4294967295
1.13139 4294967295
1.13454 4294967295
1.13769 4294967295
1.14084 4294967295
1.144 4294967295
1.14715 4294967295
1.1503 4294967295
1.15345 4294967295
1.1566 4294967295
1.15976 4294967295
1.16291 4294967295
1.16606 4294967295
1.16921 4294967295
1.17236 4294967295
1.17552 4294967295
1.17867 4294967295
1.18182 4294967295
1.18497 4294967295
1.18812 4294967295
1.19128 4294967295
1.19443 4294967295
1.19758 4294967295
1.20073 4294967295
1.20388 4294967295
1.20704 4294967295
1.21184 81600
1.21184 81600
2.54914 40800
2.54914 40800
2.56969 40800
2.83446 40800
2.92675 40800
2.93147 40800
3.02061 40800
3.02849 40800
3.03164 40800
3.11289 40800
3.1192 40800
3.12235 40800
3.13181 40800
3.13338 40800
3.13969 40800
3.20991 40800
3.21148 40800
3.21936 40800
3.22409 40800
3.22882 40800
3.23355 40800
3.23827 40800
3.243 40800
3.24615 40800
3.24773 40800
3.25246 40800
3.25403 40800
3.25719 40800
3.26034 40800
3.30219 40800
3.30692 40800
3.3085 40800
3.31165 40800
3.3148 40800
3.31638 40800
3.3211 40800
3.32268 40800
3.32583 40800
3.32898 40800
3.33056 40800
3.33529 40800
3.33686 40800
3.34002 40800
3.34317 40800
3.34474 40800
3.34947 40800
3.35105 40800
3.3542 40800
3.35735 40800
3.35889 40800
3.35889 40800
4.35889 21080
4.35889 21080
4.54181 21080
4.63409 21080
4.63567 21080
4.63724 21080
4.72953 21080
4.7311 21080
4.73268 21080
4.92648 21080
4.92963 21080
4.93278 21080
4.93593 21080
4.93909 21080
4.94224 21080
4.94539 21080
4.94854 21080
4.95169 21080
5.02022 21080
5.02338 21080
5.02653 21080
5.02968 21080
5.03283 21080
5.03598 21080
5.03914 21080
5.04229 21080
5.04544 21080
5.0612 21080
5.12343 21080
5.15495 21080
5.18647 21080
5.21799 21080
5.24951 21080
5.28418 21080
5.3157 21080
5.35037 21080
5.38504 21080
5.41971 21080
5.45754 21080
5.49221 21080
5.53003 21080
5.56471 21080
5.60253 21080
5.64035 21080
5.67818 21080
5.71915 21080
5.75698 21080
5.79795 21080
5.83893 21080
5.87991 21080
5.92088 21080
5.96186 21080
6.00283 21080
6.04696 21080
6.09109 21080
6.13522 21080
6.17935 21080
6.22347 21080
6.2676 21080
6.31488 21080
6.35901 21080
6.40629 21080
6.45357 21080
6.50085 21080
6.54813 21080
6.59856 21080
6.64584 21080
6.69627 21080
6.7467 21080
6.79714 21080
6.84757 21080
6.90115 21080
6.95158 21080
7.00517 21080
7.05875 21080
7.11234 21080
7.16592 21080
7.2195 21080
7.27624 21080
7.32982 21080
7.38656 21080
7.4433 21080
7.50003 21080
7.55677 21080
7.6135 21080
7.67339 21080
7.73328 21080
7.79002 21080
7.8499 21080
7.90979 21080
7.97283 21080
8.03272 21080
8.09576 21080
8.1588 21080
8.21869 21080
8.28173 21080
8.34792 21080
8.41096 21080
8.47715 21080
8.54019 21080
8.60638 21080
8.67258 21080
8.73877 21080
8.80811 21080
8.8743 21080
8.94365 21080
9.00984 21080
9.07918 21080
9.14853 21080
9.22102 21080
9.29037 21080
9.35971 21080
9.43221 21080
9.5047 21080
9.5772 21080
9.6497 21080
9.72219 21080
9.79784 21080
9.87033 21080
9.94598 21080
10.0216 21080
10.0973 21080
10.1729 21080
10.2517 21080
10.3274 21080
10.4062 21080
10.485 21080
10.5638 21080
10.6426 21080
10.7214 21080
10.8033 21080
10.8821 21080
10.9641 21080
11.046 21080
11.128 21080
11.2099 21080
11.295 21080
11.377 21080
11.4621 21080
11.5472 21080
11.6323 21080
11.7174 21080
11.8025 21080
11.8908 21080
11.9759 21080
12.0641 21080
12.1524 21080
12.2406 21080
12.3289 21080
12.4203 21080
12.5086 21080
12.6 21080
12.6914 21080
12.7828 21080
12.8742 21080
12.9656 21080
13.0602 21080
13.1547 21080
13.2461 21080
13.3407 21080
13.4352 21080
13.533 21080
13.6275 21080
13.7252 21080
13.8198 21080
13.9175 21080
14.0152 21080
14.1129 21080
14.2138 21080
14.3115 21080
14.4124 21080
14.5132 21080
14.6109 21080
14.715 21080
14.8158 21080
14.9167 21080
15.0207 21080
15.1216 21080
15.2256 21080
15.3296 21080
15.4368 21080
15.5408 21080
15.6448 21080
15.6716 36720
15.6716 36720
16.1554 36720
16.1617 36720
16.22 36720
16.2736 36720
16.3304 36720
16.3839 36720
16.4407 36720
16.4974 36720
16.5541 36720
16.6109 36720
16.6708 36720
16.7275 36720
16.7874 36720
16.8473 36720
16.9072 36720
16.9671 36720
17.0269 36720
17.09 36720
17.1499 36720
17.2129 36720
17.276 36720
17.339 36720
17.402 36720
17.4651 36720
17.5313 36720
17.5975 36720
17.6605 36720
17.7267 36720
17.796 36720
17.8622 36720
17.9284 36720
17.9978 36720
18.0671 36720
18.1364 36720
18.2058 36720
18.2751 36720
18.3445 36720
18.417 36720
18.4863 36720
18.5588 36720
18.6313 36720
18.7038 36720
18.7795 36720
18.852 36720
18.9276 36720
19.0032 36720
19.0757 36720
19.1545 36720
19.2302 36720
19.3058 36720
19.3846 36720
19.4603 36720
19.5391 36720
19.6179 36720
19.6967 36720
19.7786 36720
19.8574 36720
19.9394 36720
20.0182 36720
