0.0 0
0.0400195 4294967295
0.08028 4294967295
0.120779 4294967295
0.161278 4294967295
0.201538 4294967295
0.202016 4294967295
0.242037 4294967295
0.242515 4294967295
0.242994 4294967295
0.282536 4294967295
0.283015 4294967295
0.283493 4294967295
0.283971 4294967295
0.322797 4294967295
0.323275 4294967295
0.323753 4294967295
0.324231 4294967295
0.324709 4294967295
0.325187 4294967295
0.363057 4294967295
0.363535 4294967295
0.364013 4294967295
0.364491 4294967295
0.364969 4294967295
0.365447 4294967295
0.365925 4294967295
0.366403 4294967295
0.366881 4294967295
0.403317 4294967295
0.403795 4294967295
0.404273 4294967295
0.404751 4294967295
0.405229 4294967295
0.405707 4294967295
0.406185 4294967295
0.406663 4294967295
0.407141 4294967295
0.407619 4294967295
0.408097 4294967295
0.408575 4294967295
0.409054 4294967295
0.409532 4294967295
0.443816 4294967295
0.444294 4294967295
0.444772 4294967295
0.44525 4294967295
0.445728 4294967295
0.446206 4294967295
0.446684 4294967295
0.447162 4294967295
0.44764 4294967295
0.448118 4294967295
0.448597 4294967295
0.449075 4294967295
0.449553 4294967295
0.450031 4294967295
0.450509 4294967295
0.450987 4294967295
0.451465 4294967295
0.451943 4294967295
0.452421 4294967295
0.452899 4294967295
0.453377 4294967295
0.484315 4294967295
0.484793 4294967295
0.485271 4294967295
0.485749 4294967295
0.486227 4294967295
0.486705 4294967295
0.487183 4294967295
0.487661 4294967295
0.488139 4294967295
0.488618 4294967295
0.489096 4294967295
0.489574 4294967295
0.490052 4294967295
0.49053 4294967295
0.491008 4294967295
0.491486 4294967295
0.491964 4294967295
0.492442 4294967295
0.49292 4294967295
0.493398 4294967295
0.493876 4294967295
0.494354 4294967295
0.494833 4294967295
0.495311 4294967295
0.495789 4294967295
0.496267 4294967295
0.496745 4294967295
0.497223 4294967295
0.497701 4294967295
0.498179 4294967295
0.498657 4294967295
0.524575 4294967295
0.525053 4294967295
0.525531 4294967295
0.526009 4294967295
0.526487 4294967295
0.526965 4294967295
0.527443 4294967295
0.527921 4294967295
0.5284 4294967295
0.528878 4294967295
0.529356 4294967295
0.529834 4294967295
0.530312 4294967295
0.53079 4294967295
0.531268 4294967295
0.531746 4294967295
0.532224 4294967295
0.532702 4294967295
0.53318 4294967295
0.533658 4294967295
0.534136 4294967295
0.534615 4294967295
0.535093 4294967295
0.535571 4294967295
0.536049 4294967295
0.536527 4294967295
0.537005 4294967295
0.537483 4294967295
0.537961 4294967295
0.538439 4294967295
0.538917 4294967295
0.539395 4294967295
0.539873 4294967295
0.540351 4294967295
0.54083 4294967295
0.541308 4294967295
0.541786 4294967295
0.542264 4294967295
0.542742 4294967295
0.54322 4294967295
0.543698 4294967295
0.544176 4294967295
0.544654 4294967295
0.545132 4294967295
0.54561 4294967295
0.546088 4294967295
0.546566 4294967295
0.565074 4294967295
0.565552 4294967295
0.56603 4294967295
0.566508 4294967295
0.566986 4294967295
0.567464 4294967295
0.567942 4294967295
0.568421 4294967295
0.568899 4294967295
0.569377 4294967295
0.569855 4294967295
0.570333 4294967295
0.570811 4294967295
0.571289 4294967295
0.571767 4294967295
0.572245 4294967295
0.572723 4294967295
0.573201 4294967295
0.573679 4294967295
0.574157 4294967295
0.574636 4294967295
0.575114 4294967295
0.575592 4294967295
0.57607 4294967295
0.576548 4294967295
0.577026 4294967295
0.577504 4294967295
0.577982 4294967295
0.57846 4294967295
0.578938 4294967295
0.579416 4294967295
0.579894 4294967295
0.580373 4294967295
0.580851 4294967295
0.581329 4294967295
0.581807 4294967295
0.582285 4294967295
0.582763 4294967295
0.583241 4294967295
0.583719 4294967295
0.584197 4294967295
0.584675 4294967295
0.585153 4294967295
0.585631 4294967295
0.586109 4294967295
0.586588 4294967295
0.587066 4294967295
0.587544 4294967295
0.588022 4294967295
0.5885 4294967295
0.588978 4294967295
0.589456 4294967295
0.589934 4294967295
0.590412 4294967295
0.59089 4294967295
0.591368 4294967295
0.591846 4294967295
0.592324 4294967295
0.592803 4294967295
0.593281 4294967295
0.593759 4294967295
0.594237 4294967295
0.594715 4294967295
0.595193 4294967295
0.595671 4294967295
0.596149 4294967295
0.596627 4294967295
0.597105 4294967295
0.597583 4294967295
0.598061 4294967295
0.605334 4294967295
0.605812 4294967295
0.60629 4294967295
0.606768 4294967295
0.607246 4294967295
0.607724 4294967295
0.608203 4294967295
0.608681 4294967295
0.609159 4294967295
0.609637 4294967295
0.610115 4294967295
0.610593 4294967295
0.611071 4294967295
0.611549 4294967295
0.612027 4294967295
0.612505 4294967295
0.612983 4294967295
0.613461 4294967295
0.613939 4294967295
0.614418 4294967295
0.614896 4294967295
0.615374 4294967295
0.615852 4294967295
0.61633 4294967295
0.616808 4294967295
0.617286 4294967295
0.617764 4294967295
0.618242 4294967295
0.61872 4294967295
0.619198 4294967295
0.619676 4294967295
0.620154 4294967295
0.620633 4294967295
0.621111 4294967295
0.621589 4294967295
0.622067 4294967295
0.622545 4294967295
0.623023 4294967295
0.623501 4294967295
0.623979 4294967295
0.624457 4294967295
0.624935 4294967295
0.625413 4294967295
0.625891 4294967295
0.62637 4294967295
0.626848 4294967295
0.627326 4294967295
0.627804 4294967295
0.628282 4294967295
0.62876 4294967295
0.629238 4294967295
0.629716 4294967295
0.630194 4294967295
0.630672 4294967295
0.63115 4294967295
0.631628 4294967295
0.632106 4294967295
0.632585 4294967295
0.633063 4294967295
0.633541 4294967295
0.634019 4294967295
0.634497 4294967295
0.634975 4294967295
0.635453 4294967295
0.635931 4294967295
0.636409 4294967295
0.636887 4294967295
0.637365 4294967295
0.637843 4294967295
0.638321 4294967295
0.6388 4294967295
0.639278 4294967295
0.639756 4294967295
0.640234 4294967295
0.640712 4294967295
0.64119 4294967295
0.641668 4294967295
0.642146 4294967295
0.642624 4294967295
0.643102 4294967295
0.64358 4294967295
0.644058 4294967295
0.644536 4294967295
0.645015 4294967295
0.645493 4294967295
0.645971 4294967295
0.646449 4294967295
0.646927 4294967295
0.647405 4294967295
0.647883 4294967295
0.648361 4294967295
0.648839 4294967295
0.649317 4294967295
0.649795 4294967295
0.650273 4294967295
0.650751 4294967295
0.65123 4294967295
0.651708 4294967295
0.652186 4294967295
0.652664 4294967295
0.653142 4294967295
0.65362 4294967295
0.654098 4294967295
0.654576 4294967295
0.655054 4294967295
0.655532 4294967295
0.65601 4294967295
0.656488 4294967295
0.656966 4294967295
0.657445 4294967295
0.657923 4294967295
0.658401 4294967295
0.658879 4294967295
0.659357 4294967295
0.659835 4294967295
0.660313 4294967295
0.660791 4294967295
0.661269 4294967295
0.661747 4294967295
0.662225 4294967295
0.662703 4294967295
0.663182 4294967295
0.66366 4294967295
0.664138 4294967295
0.664616 4294967295
0.665094 4294967295
0.665572 4294967295
0.66605 4294967295
0.666528 4294967295
0.667006 4294967295
0.667484 4294967295
0.667962 4294967295
0.66844 4294967295
0.668918 4294967295
0.669397 4294967295
0.669875 4294967295
0.670353 4294967295
0.670831 4294967295
0.671309 4294967295
0.671787 4294967295
0.672265 4294967295
0.672743 4294967295
0.673221 4294967295
0.673699 4294967295
0.674177 4294967295
0.674655 4294967295
0.675133 4294967295
0.675612 4294967295
0.67609 4294967295
0.676568 4294967295
0.677046 4294967295
0.677524 4294967295
0.678002 4294967295
0.67848 4294967295
0.678958 4294967295
0.679436 4294967295
0.679914 4294967295
0.680392 4294967295
0.68087 4294967295
0.681348 4294967295
0.681827 4294967295
0.682305 4294967295
0.682783 4294967295
0.683261 4294967295
0.683739 4294967295
0.684217 4294967295
0.684695 4294967295
0.685173 4294967295
0.685651 4294967295
0.686129 4294967295
0.686607 4294967295
0.687085 4294967295
0.687563 4294967295
0.688042 4294967295
0.68852 4294967295
0.688998 4294967295
0.689476 4294967295
0.689954 4294967295
0.690432 4294967295
0.69091 4294967295
0.691388 4294967295
0.691866 4294967295
0.692344 4294967295
0.692822 4294967295
0.6933 4294967295
0.693779 4294967295
0.694257 4294967295
0.694735 4294967295
0.695213 4294967295
0.695691 4294967295
0.696169 4294967295
0.696647 4294967295
0.697125 4294967295
0.697603 4294967295
0.698081 4294967295
0.698559 4294967295
0.699037 4294967295
0.699515 4294967295
0.699994 4294967295
0.700472 4294967295
0.70095 4294967295
0.701428 4294967295
0.701906 4294967295
0.702384 4294967295
0.702862 4294967295
0.70334 4294967295
0.703818 4294967295
0.704538 480960
0.704538 480960
0.848441 384480
0.848441 384480
1.8788 306720
1.8788 306720
1.88134 306720
1.92161 306720
1.92184 306720
1.96187 306720
1.96211 306720
1.96235 306720
1.96259 306720
2.00213 306720
2.00237 306720
2.00285 306720
2.00309 306720
2.00333 306720
2.00357 306720
2.00381 306720
2.0424 306720
2.04264 306720
2.04288 306720
2.04311 306720
2.04335 306720
2.04359 306720
2.04383 306720
2.04407 306720
2.04431 306720
2.04455 306720
2.04479 306720
2.04503 306720
2.04527 306720
2.0455 306720
2.08266 306720
2.0829 306720
2.08314 306720
2.08338 306720
2.08362 306720
2.08386 306720
2.0841 306720
2.08433 306720
2.08457 306720
2.08481 306720
2.08505 306720
2.08529 306720
2.08553 306720
2.08577 306720
2.08601 306720
2.08625 306720
2.08649 306720
2.08673 306720
2.08696 306720
2.08744 306720
2.08768 306720
2.08792 306720
2.08816 306720
2.0884 306720
2.08864 306720
2.08888 306720
2.08912 306720
2.08935 306720
2.12293 306720
2.12316 306720
2.1234 306720
2.12364 306720
2.12388 306720
2.12412 306720
2.12436 306720
2.1246 306720
2.12484 306720
2.12508 306720
2.12555 306720
2.12579 306720
2.12603 306720
2.12627 306720
2.12651 306720
2.12675 306720
2.12699 306720
2.12723 306720
2.12747 306720
2.12771 306720
2.12795 306720
2.12818 306720
2.17418 306720
2.17466 306720
2.17514 306720
2.17562 306720
2.17609 306720
2.17657 306720
2.17705 306720
2.17753 306720
2.17801 306720
2.17848 306720
2.17896 306720
2.17944 306720
2.17992 306720
2.1804 306720
2.18087 306720
2.18135 306720
2.18183 306720
2.18231 306720
2.18279 306720
2.18326 306720
2.18374 306720
2.18422 306720
2.1847 306720
2.18518 306720
2.18566 306720
2.18613 306720
2.18661 306720
2.18709 306720
2.18757 306720
2.18805 306720
2.18852 306720
2.189 306720
2.18948 306720
2.18996 306720
2.19044 306720
2.19091 306720
2.19139 306720
2.19187 306720
2.19235 306720
2.21444 306720
2.21492 306720
2.2154 306720
2.21588 306720
2.21635 306720
2.21683 306720
2.21731 306720
2.21779 306720
2.21827 306720
2.21874 306720
2.21922 306720
2.2197 306720
2.22018 306720
2.22066 306720
2.22113 306720
2.22161 306720
2.22209 306720
2.22257 306720
2.22305 306720
2.22352 306720
2.224 306720
2.22448 306720
2.22496 306720
2.22544 306720
2.22592 306720
2.22639 306720
2.22687 306720
2.22735 306720
2.22783 306720
2.22831 306720
2.22878 306720
2.22926 306720
2.22974 306720
2.23022 306720
2.2307 306720
2.23117 306720
2.23165 306720
2.23213 306720
2.23261 306720
2.23309 306720
2.23356 306720
2.23404 306720
2.23452 306720
2.235 306720
2.23548 306720
2.23595 306720
2.23643 306720
2.23691 306720
2.23739 306720
2.23787 306720
2.23835 306720
2.23882 306720
2.2393 306720
2.23978 306720
2.24026 306720
2.24074 306720
2.24121 306720
2.24169 306720
2.24217 306720
2.25494 306720
2.25542 306720
2.2559 306720
2.25637 306720
2.25685 306720
2.25733 306720
2.25781 306720
2.25829 306720
2.25877 306720
2.25924 306720
2.25972 306720
2.2602 306720
2.26068 306720
2.26116 306720
2.26163 306720
2.26211 306720
2.26259 306720
2.26307 306720
2.26355 306720
2.26402 306720
2.2645 306720
2.26498 306720
2.26546 306720
2.26594 306720
2.26641 306720
2.26689 306720
2.26737 306720
2.26785 306720
2.26833 306720
2.2688 306720
2.26928 306720
2.26976 306720
2.27024 306720
2.27072 306720
2.2712 306720
2.27167 306720
2.29653 306720
2.32235 306720
2.34817 306720
2.3802 306720
2.41223 306720
2.44426 306720
2.47629 306720
2.50832 306720
2.54035 306720
2.57238 306720
2.60442 306720
2.63645 306720
2.69047 306720
2.72202 306720
2.75405 306720
2.80903 306720
2.84106 306720
2.8731 306720
2.92855 306720
2.96106 306720
3.017 306720
3.04903 306720
3.10544 306720
3.13747 306720
3.19436 306720
3.25173 306720
3.28424 306720
3.34209 306720
3.39994 306720
3.45826 306720
3.51659 306720
3.5491 306720
3.6079 306720
3.66718 306720
3.72646 306720
3.78622 306720
3.84598 306720
3.90622 306720
3.96646 306720
4.03004 306720
4.09411 306720
4.1902 306720
4.25426 306720
4.35036 306720
4.44645 306720
4.54207 306720
4.63816 306720
4.76628 306720
4.89441 306720
5.05409 306720
5.21424 306720
5.40643 306720
5.6622 306720
6.01407 306720
8.73433 306720
9.0862 306720
9.31042 306720
9.53416 306720
9.69431 306720
9.82244 306720
9.95008 306720
10.0782 306720
10.1743 306720
10.3024 306720
10.398 306720
10.465 306720
10.5321 321120
10.5321 321120
10.5986 321120
10.6311 321120
10.6631 321120
10.6952 321120
10.7272 321120
10.7592 321120
10.7913 321120
10.8233 321120
10.8553 321120
10.8874 321120
10.9194 321120
10.9758 321120
11.0083 321120
11.0403 321120
11.0724 321120
11.1044 321120
11.1618 321120
11.1943 321120
11.2263 321120
11.2846 321120
11.3171 321120
11.3492 321120
11.408 321120
11.44 321120
11.4993 321120
11.5313 321120
11.5911 321120
11.6231 321120
11.6834 321120
11.7441 321120
11.7761 321120
11.8373 321120
11.8985 321120
11.9602 321120
12.0218 321120
12.084 321120
12.1461 321120
12.2088 321120
12.2714 321120
12.3345 321120
12.3976 321120
12.4612 321120
12.5248 321120
12.5888 321120
12.6534 321120
12.7495 321120
12.8451 321120
12.9412 321120
13.0373 321120
13.1654 321120
13.293 321120
13.4532 321120
13.6134 321120
13.8051 321120
14.0613 321120
14.4132 321120
14.4804 321120
14.5468 321120
14.5793 321120
14.6113 321120
14.6434 321120
14.6754 321120
14.7074 321120
14.7395 321120
14.771 321120
14.8031 321120
14.8351 321120
14.8671 321120
14.9235 321120
14.956 321120
14.9881 321120
15.0201 321120
15.0521 321120
15.1095 321120
15.1411 321120
15.1731 321120
15.2314 321120
15.2634 321120
15.2955 321120
15.3543 321120
15.3863 321120
15.4456 321120
15.4781 321120
15.5379 321120
15.5981 321120
15.6301 321120
15.6908 321120
15.7234 321120
15.7845 321120
15.8457 321120
15.9074 321120
15.9691 321120
16.0312 321120
16.0934 321120
16.156 321120
16.2186 321120
16.2817 321120
16.3449 321120
16.4084 321120
16.472 321120
16.5361 321120
16.6001 321120
16.6962 321120
16.7923 321120
16.8884 321120
16.984 321120
17.1122 321120
17.2403 321120
17.4005 321120
17.5601 321120
17.7523 321120
18.0081 321120
18.3604 321120
18.4276 321120
18.4941 321120
18.5261 321120
18.5581 321120
18.5901 321120
18.6222 321120
18.6542 321120
18.6862 321120
18.7183 321120
18.7503 321120
18.7823 321120
18.8144 321120
18.8708 321120
18.9033 321120
18.9353 321120
18.9674 321120
18.9994 321120
19.0568 321120
19.0893 321120
19.1213 321120
19.1796 321120
19.2121 321120
19.2442 321120
19.303 321120
19.3355 321120
19.3948 321120
19.4273 321120
19.487 321120
19.5191 321120
19.5793 321120
19.64 321120
19.672 321120
19.7332 321120
19.7944 321120
19.8561 321120
19.9178 321120
19.9799 321120
20.0421 321120
20.1047 321120
20.1673 321120
20.2304 321120
20.2935 321120
20.3571 321120
20.4207 321120
20.4848 321120
20.5493 321120
20.6454 321120
20.741 321120
20.8371 321120
20.9332 321120
21.0613 321120
21.1895 321120
21.3491 321120
21.5093 321120
21.701 321120
21.9573 321120
22.3091 321120
22.3763 321120
22.4427 321120
22.4752 321120
22.5073 321120
22.5393 321120
22.5713 321120
22.6034 321120
22.6354 321120
22.6674 321120
22.6995 321120
22.731 321120
22.7631 321120
22.8195 321120
22.851 321120
22.8831 321120
22.9151 321120
22.9471 321120
23.0045 321120
23.036 321120
23.0681 321120
23.1264 321120
23.1584 321120
23.2172 321120
23.2493 321120
23.2813 321120
23.3406 321120
23.3731 321120
23.4328 321120
23.4931 321120
23.5251 321120
23.5858 321120
23.6465 321120
23.679 321120
23.7402 321120
23.8019 321120
23.8636 321120
23.9257 321120
23.9879 321120
24.0505 321120
24.1131 321120
24.1763 321120
24.2394 321120
24.3029 321120
24.3665 321120
24.4306 321120
24.4951 321120
24.5912 321120
24.6873 321120
24.7834 321120
24.879 321120
25.0072 321120
25.1353 321120
25.2954 321120
25.4551 321120
25.6473 321120
25.9031 321120
26.2554 321120
26.3226 321120
26.389 321120
26.4211 321120
26.4531 321120
26.4851 321120
26.5172 321120
26.5492 321120
26.5812 321120
26.6133 321120
26.6453 321120
26.6773 321120
26.7093 321120
26.7658 321120
26.7983 321120
26.8303 321120
26.8623 321120
26.8944 321120
26.9517 321120
26.9842 321120
27.0163 321120
27.0746 321120
27.1071 321120
27.1391 321120
27.1979 321120
27.2305 321120
27.2897 321120
27.3222 321120
27.382 321120
27.414 321120
27.4743 321120
27.535 321120
27.567 321120
27.6282 321120
27.6894 321120
27.7511 321120
27.8128 321120
27.8749 321120
27.9371 321120
27.9997 321120
28.0623 321120
28.1254 321120
28.1885 321120
