0.0 0
0.220094 1440
0.220094 1440
0.441376 2880
0.663822 4320
0.886268 5760
1.08746 7200
1.10871 8640
1.30871 10080
1.32996 11520
1.33236 12960
1.53116 14400
1.55122 15840
1.55361 17280
1.556 18720
1.75241 20160
1.7548 21600
1.77366 23040
1.77605 24480
1.77844 25920
1.78083 27360
1.97366 28800
1.97605 30240
1.97844 31680
1.99491 33120
1.9973 34560
1.99969 36000
2.00208 37440
2.00447 38880
2.00686 40320
2.19491 41760
2.1973 43200
2.19969 44640
2.20208 46080
2.20447 47520
2.21736 48960
2.21975 50400
2.22214 51840
2.22453 53280
2.22692 54720
2.22931 56160
2.2317 57600
2.23409 59040
2.23648 60480
2.41736 61920
2.41975 63360
2.42214 64800
2.42453 66240
2.42692 67680
2.42931 69120
2.4317 70560
2.43861 72000
2.441 73440
2.44339 74880
2.44578 76320
2.44817 77760
2.45056 79200
2.45295 80640
2.45534 82080
2.45773 83520
2.46012 84960
2.46251 86400
2.4649 87840
2.46729 89280
2.46968 90720
2.6398 92160
2.64219 93600
2.64459 95040
2.64698 96480
2.64937 97920
2.65176 99360
2.65415 100800
2.65654 102240
2.65893 103680
2.66132 105120
2.66371 106560
2.6661 108000
2.66849 109440
2.67088 110880
2.67327 112320
2.67566 113760
2.67805 115200
2.68044 116640
2.68283 118080
2.68522 119520
2.68761 120960
2.69 122400
2.69239 123840
2.69478 125280
2.69717 126720
2.69956 128160
2.70195 129600
2.70435 131040
2.70674 132480
2.70913 133920
2.71152 135360
2.86106 136800
2.86345 138240
2.86584 139680
2.86823 141120
2.87062 142560
2.87301 144000
2.8754 145440
2.87779 146880
2.88018 148320
2.88257 149760
2.88496 151200
2.88735 152640
2.88974 154080
2.89213 155520
2.89452 156960
2.89691 158400
2.8993 159840
2.90169 161280
2.90408 162720
2.90647 164160
2.90886 165600
2.91125 167040
2.91364 168480
2.91603 169920
2.91842 171360
2.92082 172800
2.92321 174240
2.9256 175680
2.92799 177120
2.93038 178560
2.93277 180000
2.93516 181440
2.93755 182880
2.93994 184320
2.94233 185760
2.94472 187200
2.94711 188640
2.9495 190080
2.95189 191520
2.95428 192960
2.95667 194400
2.95906 195840
2.96145 197280
2.96384 198720
2.96623 200160
2.96862 201600
2.97101 203040
3.0835 204480
3.08589 205920
3.08828 207360
3.09067 208800
3.09306 210240
3.09545 211680
3.09784 213120
3.10023 214560
3.10262 216000
3.10501 217440
3.10741 218880
3.1098 220320
3.11219 221760
3.11458 223200
3.11697 224640
3.11936 226080
3.12175 227520
3.12414 228960
3.12653 230400
3.12892 231840
3.13131 233280
3.1337 234720
3.13609 236160
3.13848 237600
3.14087 239040
3.14326 240480
3.14565 241920
3.14804 243360
3.15043 244800
3.15282 246240
3.15521 247680
3.1576 249120
3.15999 250560
3.16238 252000
3.16477 253440
3.16717 254880
3.16956 256320
3.17195 257760
3.17434 259200
3.17673 260640
3.17912 262080
3.18151 263520
3.1839 264960
3.18629 266400
3.18868 267840
3.19107 269280
3.19346 270720
3.19585 272160
3.19824 273600
3.20063 275040
3.20302 276480
3.20541 277920
3.2078 279360
3.21019 280800
3.21258 282240
3.21497 283680
3.21736 285120
3.21975 286560
3.22214 288000
3.22453 289440
3.22693 290880
3.22932 292320
3.23171 293760
3.2341 295200
3.23649 296640
3.23888 298080
3.24127 299520
3.24366 300960
3.24605 302400
3.24844 303840
3.30475 305280
3.30714 306720
3.30953 308160
3.31192 309600
3.31431 311040
3.3167 312480
3.31909 313920
3.32148 315360
3.32388 316800
3.32627 318240
3.32866 319680
3.33105 321120
3.33344 322560
3.33583 324000
3.33822 325440
3.34061 326880
3.343 328320
3.34539 329760
3.34778 331200
3.35017 332640
3.35256 334080
3.35495 335520
3.35734 336960
3.35973 338400
3.36212 339840
3.36451 341280
3.3669 342720
3.36929 344160
3.37168 345600
3.37407 347040
3.37646 348480
3.37885 349920
3.38124 351360
3.38364 352800
3.38603 354240
3.38842 355680
3.39081 357120
3.3932 358560
3.39559 360000
3.39798 361440
3.40037 362880
3.40276 364320
3.40515 365760
3.40754 367200
3.40993 368640
3.41232 370080
3.41471 371520
3.4171 372960
3.41949 374400
3.42188 375840
3.42427 377280
3.42666 378720
3.42905 380160
3.43144 381600
3.43383 383040
3.43622 384480
3.43861 385920
3.441 387360
3.4434 388800
3.44579 390240
3.44818 391680
3.45057 393120
3.45296 394560
3.45535 396000
3.45774 397440
3.46013 398880
3.46252 400320
3.46491 401760
3.4673 403200
3.46969 404640
3.47208 406080
3.47447 407520
3.47686 408960
3.47925 410400
3.48164 411840
3.48403 413280
3.48642 414720
3.48881 416160
3.4912 417600
3.49359 419040
3.49598 420480
3.49837 421920
3.50076 423360
3.50316 424800
3.50555 426240
3.50794 427680
3.51033 429120
3.51272 430560
3.51511 432000
3.5175 433440
3.51989 434880
3.52228 436320
3.52467 437760
3.52706 439200
3.52945 440640
3.53184 442080
3.53423 443520
3.53662 444960
3.53901 446400
3.5414 447840
3.54379 449280
3.54618 450720
3.54857 452160
3.55096 453600
3.55335 455040
3.55574 456480
3.55813 457920
3.56052 459360
3.56291 460800
3.56531 462240
3.5677 463680
3.57009 465120
3.57248 466560
3.57487 468000
3.57726 469440
3.57965 470880
3.58204 472320
3.58443 473760
3.58682 475200
3.58921 476640
3.5916 478080
3.59399 479520
3.59638 480960
3.59877 482400
3.60116 483840
3.60355 485280
3.60594 486720
3.60833 488160
3.61072 489600
3.61311 491040
3.6155 492480
3.61789 493920
3.62028 495360
3.62267 496800
3.62507 498240
3.62746 499680
3.62985 501120
3.63224 502560
3.63463 504000
3.63702 505440
3.63941 506880
3.6418 508320
3.64419 509760
3.64658 511200
3.64897 512640
3.65136 514080
3.65375 515520
3.65614 516960
3.65853 518400
3.66092 519840
3.66331 521280
3.6657 522720
3.66809 524160
3.67048 525600
3.67287 527040
3.67526 528480
3.67765 529920
3.68004 531360
3.68243 532800
3.68483 534240
3.68722 535680
3.68961 537120
3.692 538560
3.69439 540000
3.69678 541440
3.69917 542880
3.70156 544320
3.70395 545760
3.70634 547200
3.70873 548640
3.71112 550080
3.71351 551520
3.7159 552960
3.71829 554400
3.72068 555840
3.72307 557280
3.72546 558720
3.72785 560160
3.73024 561600
3.73263 563040
3.73502 564480
3.73741 565920
3.7398 567360
3.74219 568800
3.74459 570240
3.74698 571680
3.74937 573120
3.75176 574560
3.75415 576000
3.75654 577440
3.75893 578880
3.76132 580320
3.76371 581760
3.7661 583200
3.76849 584640
3.77088 586080
3.77327 587520
3.77566 588960
3.77805 590400
3.78044 591840
3.78283 593280
3.78522 594720
3.78761 596160
3.79 597600
3.79239 599040
3.79478 600480
3.79717 601920
3.79956 603360
3.80195 604800
3.80435 606240
3.80674 607680
3.80913 609120
3.81152 610560
3.81391 612000
3.8163 613440
3.81869 614880
3.82108 616320
3.82347 617760
3.82586 619200
3.82825 620640
3.83064 622080
3.83303 623520
3.83542 624960
3.83781 626400
3.8402 627840
3.84259 629280
3.84498 630720
3.84737 632160
3.84976 633600
3.85215 635040
3.85454 636480
3.85693 637920
3.85933 639360
3.86292 639360
3.86292 511488
4.62666 512928
4.63025 512928
4.63025 410112
5.78562 410112
5.78562 1440
5.90313 2880
6.1244 4320
6.12559 5760
6.34566 7200
6.34686 8640
6.34805 10080
6.34925 11520
6.56693 12960
6.56812 14400
6.56932 15840
6.57051 17280
6.57171 18720
6.5729 20160
6.5741 21600
6.57529 23040
6.78819 24480
6.78938 25920
6.79058 27360
6.79177 28800
6.79297 30240
6.79536 31680
6.79656 33120
6.79775 34560
6.79895 36000
6.80014 37440
6.80134 38880
6.80253 40320
6.80373 41760
6.80492 43200
6.80612 44640
7.00945 46080
7.01065 47520
7.01184 48960
7.01304 50400
7.01423 51840
7.01543 53280
7.01662 54720
7.01782 56160
7.01901 57600
7.02021 59040
7.0214 60480
7.0226 61920
7.02379 63360
7.02499 64800
7.02617 66240
7.26536 67680
7.26775 69120
7.27014 70560
7.27254 72000
7.27493 73440
7.27732 74880
7.27971 76320
7.2821 77760
7.28449 79200
7.28688 80640
7.28927 82080
7.29166 83520
7.29405 84960
7.29644 86400
7.29883 87840
7.30122 89280
7.30361 90720
7.306 92160
7.30839 93600
7.31078 95040
7.31317 96480
7.31556 97920
7.31795 99360
7.48781 100800
7.4902 102240
7.49259 103680
7.49498 105120
7.49737 106560
7.49976 108000
7.50215 109440
7.50454 110880
7.50693 112320
7.50932 113760
7.51171 115200
7.5141 116640
7.51649 118080
7.51889 119520
7.52128 120960
7.52367 122400
7.52606 123840
7.52845 125280
7.53084 126720
7.53323 128160
7.53562 129600
7.53801 131040
7.5404 132480
7.54279 133920
7.54518 135360
7.54757 136800
7.54996 138240
7.55235 139680
7.55474 141120
7.55713 142560
7.55952 144000
7.56191 145440
7.5643 146880
7.56669 148320
7.70906 149760
7.71145 151200
7.71384 152640
7.71623 154080
7.71862 155520
7.72101 156960
7.7234 158400
7.72579 159840
7.72818 161280
7.73057 162720
7.73296 164160
7.73536 165600
7.73775 167040
7.74014 168480
7.74253 169920
7.74492 171360
7.74731 172800
7.7497 174240
7.75209 175680
7.75448 177120
7.75687 178560
7.75926 180000
7.76165 181440
7.76404 182880
7.76643 184320
7.76882 185760
7.77121 187200
7.7736 188640
7.77599 190080
7.77838 191520
7.78077 192960
7.78316 194400
7.78555 195840
7.78794 197280
7.79033 198720
7.79272 200160
7.79512 201600
7.79751 203040
7.7999 204480
7.80229 205920
7.80468 207360
7.80707 208800
7.80946 210240
7.81185 211680
7.81424 213120
7.81663 214560
7.81902 216000
7.82141 217440
7.8238 218880
7.82619 220320
7.82858 221760
7.93031 223200
7.9327 224640
7.93509 226080
7.93748 227520
7.93987 228960
7.94226 230400
7.94465 231840
7.94704 233280
7.94943 234720
7.95183 236160
7.95422 237600
7.95661 239040
7.959 240480
7.96139 241920
7.96378 243360
7.96617 244800
7.96856 246240
7.97095 247680
7.97334 249120
7.97573 250560
7.97812 252000
7.98051 253440
7.9829 254880
7.98529 256320
7.98768 257760
7.99007 259200
7.99246 260640
7.99485 262080
7.99724 263520
7.99963 264960
8.00202 266400
8.00441 267840
8.0068 269280
8.00919 270720
8.01159 272160
8.01398 273600
8.01637 275040
8.01876 276480
8.02115 277920
8.02354 279360
8.02593 280800
8.02832 282240
8.03071 283680
8.0331 285120
8.03549 286560
8.03788 288000
8.04027 289440
8.04266 290880
8.04505 292320
8.04744 293760
8.04983 295200
8.05222 296640
8.05461 298080
8.057 299520
8.05939 300960
8.06178 302400
8.06417 303840
8.06656 305280
8.06895 306720
8.07135 308160
8.07374 309600
8.07613 311040
8.07852 312480
8.08091 313920
8.0833 315360
8.08569 316800
8.08808 318240
8.09047 319680
8.09286 321120
8.09525 322560
8.09764 324000
8.10003 325440
8.10242 326880
8.10481 328320
8.16232 329760
8.18383 331200
8.20535 332640
8.22686 334080
8.24837 335520
8.27228 336960
8.29618 338400
8.32009 339840
8.34399 341280
8.37028 342720
8.39658 344160
8.42287 345600
8.44917 347040
8.48024 348480
8.51132 349920
8.54239 351360
8.57347 352800
8.60693 354240
8.6404 355680
8.67386 357120
8.70733 358560
8.74558 360000
8.78382 361440
8.82207 362880
8.86032 364320
8.90573 365760
8.95115 367200
8.99657 368640
9.04199 370080
9.09457 371520
9.14716 372960
9.19975 374400
9.25234 375840
9.31688 377280
9.38142 378720
9.44596 380160
9.5105 381600
9.59178 383040
9.67305 384480
9.75432 385920
9.8356 387360
9.94317 388800
10.0531 390240
10.1631 391680
10.273 393120
10.438 394560
10.6029 396000
10.7679 397440
10.9352 398880
11.3511 400320
11.767 401760
12.1854 403200
12.6061 404640
13.0268 406080
13.4499 407520
13.873 408960
14.2985 410400
14.7264 411840
15.1542 413280
15.5845 414720
15.8451 416160
16.053 417600
16.2275 419040
16.3781 420480
16.5096 421920
16.6267 423360
16.7343 424800
16.8323 426240
16.9231 427680
17.0068 429120
17.0833 430560
17.155 432000
17.1897 432000
17.1897 345600
17.8327 347040
17.8566 348480
17.8781 349920
17.8996 351360
17.9211 352800
17.945 354240
17.9689 355680
17.9928 357120
18.0191 358560
18.0454 360000
18.0717 361440
18.098 362880
18.1243 364320
18.153 365760
18.1817 367200
18.2104 368640
18.239 370080
18.2701 371520
18.3012 372960
18.3323 374400
18.3657 375840
18.4016 377280
18.4374 378720
18.4733 380160
18.5092 381600
18.5498 383040
18.5904 384480
18.6311 385920
18.6717 387360
18.7195 388800
18.7673 390240
18.8151 391680
18.8629 393120
18.9179 394560
18.9729 396000
19.0279 397440
19.0852 398880
19.1522 400320
19.2191 401760
19.286 403200
19.3554 404640
19.4414 406080
19.5275 407520
19.6135 408960
19.6996 410400
19.8143 411840
19.9291 413280
20.0438 414720
20.1609 416160
20.3354 417600
20.5099 419040
20.6844 420480
20.8613 421920
21.3011 423360
21.741 424800
22.1832 426240
22.5406 426240
22.5406 340992
23.174 342432
23.5302 343872
23.8864 345312
24.2449 346752
24.4624 348192
24.6369 349632
24.7828 351072
24.9094 352512
25.0194 353952
25.1174 355392
25.2059 356832
25.2871 358272
25.3636 359712
25.4329 361152
25.4975 362592
25.5596 364032
25.617 365472
25.672 366912
25.7246 368352
25.7748 369792
25.8226 371232
25.868 372672
25.911 374112
25.9517 375552
25.9923 376992
26.0305 378432
26.0688 379872
26.1046 381312
26.1405 382752
26.174 384192
26.2074 385632
26.2385 387072
26.2696 388512
26.3007 389952
26.3293 391392
26.358 392832
26.3867 394272
26.4154 395712
26.4417 397152
26.468 398592
26.4943 400032
26.5206 401472
26.5445 402912
26.5684 404352
26.5923 405792
26.6162 407232
26.6401 408672
26.664 410112
26.6855 411552
26.707 412992
26.7285 414432
26.7501 415872
26.774 417312
26.7979 418752
26.8218 420192
26.8457 421632
26.8696 423072
26.8935 424512
26.9174 425952
26.9413 427392
26.9652 428832
26.9891 430272
27.013 431712
27.0369 433152
27.0608 434592
27.0847 436032
27.1086 437472
27.1325 438912
27.1564 440352
27.1803 441792
27.2042 443232
27.2281 444672
27.252 446112
27.2759 447552
27.2987 447552
27.2987 357120
27.9584 358560
27.9799 360000
28.0014 361440
28.0253 362880
28.0492 364320
28.0731 365760
28.097 367200
28.1233 368640
28.1496 370080
28.1759 371520
28.2022 372960
28.2309 374400
28.2596 375840
28.2859 377280
28.3122 378720
28.3409 380160
28.3719 381600
28.403 383040
28.4341 384480
28.4676 385920
28.501 387360
28.5345 388800
28.568 390240
28.6062 391680
28.6444 393120
28.6827 394560
28.7209 396000
28.764 397440
28.807 398880
28.85 400320
28.893 401760
28.9409 403200
28.9911 404640
29.0413 406080
29.0914 407520
29.1488 408960
29.2062 410400
29.2636 411840
29.3209 413280
29.3902 414720
29.4596 416160
29.5289 417600
29.6006 419040
29.689 420480
29.7775 421920
29.8659 423360
29.9544 424800
30.0739 426240
30.1934 427680
30.3129 429120
30.4313 429120
30.4313 343296
31.0719 344736
31.4328 346176
31.7938 347616
32.1547 349056
32.3723 350496
32.5468 351936
32.695 353376
32.8217 354816
32.934 356256
33.0344 357696
33.1252 359136
33.2065 360576
33.283 362016
33.3523 363456
33.4193 364896
33.4814 366336
33.5388 367776
33.5938 369216
33.6464 370656
33.6966 372096
33.7444 373536
33.7898 374976
33.8328 376416
33.8758 377856
33.9165 379296
33.9547 380736
33.993 382176
34.0288 383616
34.0647 385056
34.0981 386496
34.1316 387936
34.1651 389376
34.1961 390816
34.2272 392256
34.2583 393696
34.287 395136
34.3157 396576
34.3443 398016
34.3706 399456
34.3969 400896
34.4232 402336
34.4495 403776
34.4758 405216
34.4997 406656
34.5236 408096
34.5475 409536
34.5714 410976
34.5953 412416
34.6169 413856
34.6384 415296
34.6623 416736
34.6862 418176
34.7101 419616
34.734 421056
34.7579 422496
34.7818 423936
34.8057 425376
34.8296 426816
34.8535 428256
34.8774 429696
34.9013 431136
34.9252 432576
34.9491 434016
34.973 435456
34.9969 436896
35.0208 438336
35.0447 439776
35.0686 441216
35.0925 442656
35.1164 444096
35.1404 445536
35.1643 446976
35.187 446976
35.187 357120
35.8467 358560
35.8682 360000
35.8897 361440
35.9136 362880
35.9375 364320
35.9615 365760
35.9854 367200
36.0117 368640
36.0379 370080
36.0642 371520
36.0905 372960
36.1192 374400
36.1479 375840
36.1742 377280
36.2005 378720
36.2292 380160
36.2603 381600
36.2913 383040
36.3224 384480
36.3559 385920
36.3893 387360
36.4228 388800
36.4563 390240
36.4945 391680
36.5328 393120
36.571 394560
36.6093 396000
36.6523 397440
36.6953 398880
36.7383 400320
36.7814 401760
36.8292 403200
36.8794 404640
36.9296 406080
36.9798 407520
37.0371 408960
37.0945 410400
37.1519 411840
37.2092 413280
37.2786 414720
37.3479 416160
37.4172 417600
37.4889 419040
37.5774 420480
37.6658 421920
37.7543 423360
37.8427 424800
37.9622 426240
38.0817 427680
38.2013 429120
38.3196 429120
38.3196 343296
38.9602 344736
39.3212 346176
39.6821 347616
40.0431 349056
40.2606 350496
40.4351 351936
40.5833 353376
40.71 354816
40.8223 356256
40.9227 357696
41.0136 359136
41.0948 360576
41.1713 362016
41.2406 363456
41.3076 364896
41.3697 366336
41.4271 367776
41.4821 369216
41.5347 370656
41.5849 372096
41.6327 373536
41.6781 374976
41.7211 376416
41.7641 377856
41.8048 379296
41.843 380736
41.8813 382176
41.9171 383616
41.953 385056
41.9865 386496
42.0199 387936
42.0534 389376
42.0845 390816
42.1155 392256
42.1466 393696
42.1753 395136
42.204 396576
42.2327 398016
42.259 399456
42.2853 400896
42.3115 402336
42.3378 403776
42.3641 405216
42.388 406656
42.4119 408096
42.4358 409536
42.4597 410976
42.4837 412416
42.5052 413856
42.5267 415296
42.5506 416736
42.5745 418176
42.5984 419616
42.6223 421056
42.6462 422496
42.6701 423936
42.694 425376
42.7179 426816
42.7418 428256
42.7657 429696
42.7896 431136
42.8135 432576
42.8374 434016
42.8613 435456
42.8852 436896
42.9091 438336
42.933 439776
42.957 441216
42.9809 442656
43.0048 444096
43.0287 445536
43.0526 446976
43.0753 446976
43.0753 357120
43.735 358560
43.7565 360000
43.7781 361440
43.802 362880
43.8259 364320
43.8498 365760
43.8737 367200
43.9 368640
43.9263 370080
43.9526 371520
43.9788 372960
44.0075 374400
44.0362 375840
44.0625 377280
44.0888 378720
44.1175 380160
44.1486 381600
44.1796 383040
44.2107 384480
44.2442 385920
44.2776 387360
44.3111 388800
44.3446 390240
44.3828 391680
44.4211 393120
44.4593 394560
44.4976 396000
44.5406 397440
44.5836 398880
44.6266 400320
44.6697 401760
44.7175 403200
44.7677 404640
44.8179 406080
44.8681 407520
44.9254 408960
44.9828 410400
45.0402 411840
45.0976 413280
45.1669 414720
45.2362 416160
45.3055 417600
45.3772 419040
45.4657 420480
45.5541 421920
45.6426 423360
45.731 424800
45.8505 426240
45.97 427680
46.0896 429120
46.2079 429120
46.2079 343296
46.8485 344736
47.2095 346176
47.5704 347616
47.9314 349056
48.1489 350496
48.3234 351936
48.4716 353376
48.5983 354816
48.7106 356256
48.811 357696
48.9019 359136
48.9831 360576
49.0596 362016
49.129 363456
49.1959 364896
49.258 366336
49.3154 367776
49.3704 369216
49.423 370656
49.4732 372096
49.521 373536
49.5664 374976
49.6094 376416
49.6525 377856
49.6931 379296
49.7313 380736
49.7696 382176
49.8054 383616
49.8413 385056
49.8748 386496
49.9082 387936
49.9417 389376
49.9728 390816
50.0038 392256
50.0349 393696
50.0636 395136
50.0923 396576
50.121 398016
50.1473 399456
50.1736 400896
50.1999 402336
50.2262 403776
50.2524 405216
50.2764 406656
50.3003 408096
50.3242 409536
50.3481 410976
50.372 412416
50.3935 413856
50.415 415296
50.4389 416736
50.4628 418176
50.4867 419616
50.5106 421056
50.5345 422496
50.5584 423936
50.5823 425376
50.6062 426816
50.6301 428256
50.654 429696
50.6779 431136
50.7018 432576
50.7257 434016
50.7496 435456
50.7736 436896
50.7975 438336
50.8214 439776
50.8453 441216
50.8692 442656
50.8931 444096
50.917 445536
50.9409 446976
50.9636 446976
50.9636 357120
51.6233 358560
51.6449 360000
51.6664 361440
51.6903 362880
51.7142 364320
51.7381 365760
51.762 367200
51.7883 368640
51.8146 370080
51.8409 371520
51.8672 372960
51.8958 374400
51.9245 375840
51.9508 377280
51.9771 378720
52.0058 380160
52.0369 381600
52.068 383040
52.099 384480
52.1325 385920
52.166 387360
52.1994 388800
52.2329 390240
52.2711 391680
52.3094 393120
52.3476 394560
52.3859 396000
52.4289 397440
52.4719 398880
52.515 400320
52.558 401760
52.6058 403200
52.656 404640
52.7062 406080
52.7564 407520
52.8138 408960
52.8711 410400
52.9285 411840
52.9859 413280
53.0552 414720
53.1245 416160
53.1938 417600
53.2655 419040
53.354 420480
53.4424 421920
53.5309 423360
53.6193 424800
53.7388 426240
53.8584 427680
53.9779 429120
54.0962 429120
54.0962 343296
54.7368 344736
55.0978 346176
55.4587 347616
55.8197 349056
56.0372 350496
56.2117 351936
56.3599 353376
56.4866 354816
56.599 356256
56.6994 357696
56.7902 359136
56.8715 360576
56.948 362016
57.0173 363456
57.0842 364896
57.1464 366336
57.2037 367776
57.2587 369216
57.3113 370656
57.3615 372096
57.4093 373536
57.4547 374976
57.4977 376416
57.5408 377856
57.5814 379296
57.6197 380736
57.6579 382176
57.6938 383616
57.7296 385056
57.7631 386496
57.7965 387936
57.83 389376
57.8611 390816
57.8922 392256
57.9232 393696
57.9519 395136
57.9806 396576
58.0093 398016
58.0356 399456
58.0619 400896
58.0882 402336
58.1145 403776
58.1408 405216
58.1647 406656
58.1886 408096
58.2125 409536
58.2364 410976
58.2603 412416
58.2818 413856
58.3033 415296
58.3272 416736
58.3511 418176
58.375 419616
58.3989 421056
58.4228 422496
58.4467 423936
58.4706 425376
58.4945 426816
58.5184 428256
58.5423 429696
58.5663 431136
58.5902 432576
58.6141 434016
58.638 435456
58.6619 436896
58.6858 438336
58.7097 439776
58.7336 441216
58.7575 442656
58.7814 444096
58.8053 445536
58.8292 446976
58.8519 446976
58.8519 357120
59.5117 358560
59.5332 360000
59.5547 361440
59.5786 362880
59.6025 364320
59.6264 365760
59.6503 367200
59.6766 368640
59.7029 370080
59.7292 371520
59.7555 372960
59.7842 374400
59.8128 375840
59.8391 377280
59.8654 378720
59.8941 380160
59.9252 381600
59.9563 383040
59.9873 384480
60.0208 385920
60.0543 387360
60.0877 388800
60.1212 390240
60.1595 391680
60.1977 393120
60.2359 394560
60.2742 396000
60.3172 397440
60.3602 398880
60.4033 400320
60.4463 401760
60.4941 403200
60.5443 404640
60.5945 406080
60.6447 407520
60.7021 408960
60.7594 410400
60.8168 411840
60.8742 413280
60.9435 414720
61.0128 416160
61.0821 417600
61.1539 419040
61.2423 420480
61.3307 421920
61.4192 423360
61.5076 424800
61.6272 426240
61.7467 427680
61.8662 429120
61.9845 429120
61.9845 343296
62.6251 344736
62.9861 346176
63.347 347616
63.708 349056
63.9255 350496
64.1 351936
64.2482 353376
64.3749 354816
64.4873 356256
64.5877 357696
64.6785 359136
64.7598 360576
64.8363 362016
64.9056 363456
64.9725 364896
65.0347 366336
65.092 367776
65.147 369216
65.1996 370656
65.2498 372096
65.2976 373536
65.343 374976
65.3861 376416
65.4291 377856
65.4697 379296
65.508 380736
65.5462 382176
65.5821 383616
65.6179 385056
65.6514 386496
65.6849 387936
65.7183 389376
65.7494 390816
65.7805 392256
65.8115 393696
65.8402 395136
65.8689 396576
65.8976 398016
65.9239 399456
65.9502 400896
65.9765 402336
66.0028 403776
66.0291 405216
66.053 406656
66.0769 408096
66.1008 409536
66.1247 410976
66.1486 412416
66.1701 413856
66.1916 415296
66.2155 416736
66.2394 418176
66.2633 419616
66.2872 421056
66.3111 422496
66.335 423936
66.3589 425376
66.3829 426816
66.4068 428256
66.4307 429696
66.4546 431136
66.4785 432576
66.5024 434016
66.5263 435456
66.5502 436896
66.5741 438336
66.598 439776
66.6219 441216
66.6458 442656
66.6697 444096
66.6936 445536
66.7175 446976
66.7402 446976
66.7402 357120
67.4 358560
67.4215 360000
67.443 361440
67.4669 362880
67.4908 364320
67.5147 365760
67.5386 367200
67.5649 368640
67.5912 370080
67.6175 371520
67.6438 372960
67.6725 374400
67.7012 375840
67.7275 377280
67.7537 378720
67.7824 380160
67.8135 381600
67.8446 383040
67.8757 384480
67.9091 385920
67.9426 387360
67.9761 388800
68.0095 390240
68.0478 391680
68.086 393120
68.1243 394560
68.1625 396000
68.2055 397440
68.2486 398880
68.2916 400320
68.3346 401760
68.3824 403200
68.4326 404640
68.4828 406080
68.533 407520
68.5904 408960
68.6478 410400
68.7051 411840
68.7625 413280
68.8318 414720
68.9011 416160
68.9705 417600
69.0422 419040
69.1306 420480
69.2191 421920
69.3075 423360
69.3959 424800
69.5155 426240
69.635 427680
69.7545 429120
69.8728 429120
69.8728 343296
70.5135 344736
70.8744 346176
71.2354 347616
71.5963 349056
71.8138 350496
71.9883 351936
72.1365 353376
72.2632 354816
72.3756 356256
72.476 357696
72.5668 359136
72.6481 360576
72.7246 362016
72.7939 363456
72.8608 364896
72.923 366336
72.9804 367776
73.0353 369216
73.0879 370656
73.1381 372096
73.1859 373536
73.2313 374976
73.2744 376416
73.3174 377856
73.358 379296
73.3963 380736
73.4345 382176
73.4704 383616
73.5062 385056
73.5397 386496
73.5732 387936
73.6066 389376
73.6377 390816
73.6688 392256
73.6999 393696
73.7285 395136
73.7572 396576
73.7859 398016
73.8122 399456
73.8385 400896
73.8648 402336
73.8911 403776
73.9174 405216
73.9413 406656
73.9652 408096
73.9891 409536
74.013 410976
74.0369 412416
74.0584 413856
74.0799 415296
74.1038 416736
74.1277 418176
74.1516 419616
74.1756 421056
74.1995 422496
74.2234 423936
74.2473 425376
74.2712 426816
74.2951 428256
74.319 429696
74.3429 431136
74.3668 432576
74.3907 434016
74.4146 435456
74.4385 436896
74.4624 438336
74.4863 439776
74.5102 441216
74.5341 442656
74.558 444096
74.5819 445536
74.6058 446976
74.6285 446976
74.6285 357120
75.2883 358560
75.3098 360000
75.3313 361440
75.3552 362880
75.3791 364320
75.403 365760
75.4269 367200
75.4532 368640
75.4795 370080
75.5058 371520
75.5321 372960
75.5608 374400
75.5895 375840
75.6158 377280
75.6421 378720
75.6707 380160
75.7018 381600
75.7329 383040
75.764 384480
75.7974 385920
75.8309 387360
75.8644 388800
75.8978 390240
75.9361 391680
75.9743 393120
76.0126 394560
76.0508 396000
76.0938 397440
76.1369 398880
76.1799 400320
76.2229 401760
76.2707 403200
76.3209 404640
76.3711 406080
76.4213 407520
76.4787 408960
76.5361 410400
76.5934 411840
76.6508 413280
76.7201 414720
76.7895 416160
76.8588 417600
76.9305 419040
77.0189 420480
77.1074 421920
77.1958 423360
77.2843 424800
77.4038 426240
77.5233 427680
77.6428 429120
77.7612 429120
77.7612 343296
78.4018 344736
78.7627 346176
79.1237 347616
79.4846 349056
79.7022 350496
79.8766 351936
80.0249 353376
80.1515 354816
80.2639 356256
80.3643 357696
80.4551 359136
80.5364 360576
80.6129 362016
80.6822 363456
80.7491 364896
80.8113 366336
80.8687 367776
80.9236 369216
80.9762 370656
81.0264 372096
81.0742 373536
81.1197 374976
81.1627 376416
81.2057 377856
81.2463 379296
81.2846 380736
81.3228 382176
81.3587 383616
81.3946 385056
81.428 386496
81.4615 387936
81.4949 389376
81.526 390816
81.5571 392256
81.5882 393696
81.6169 395136
81.6455 396576
81.6742 398016
81.7005 399456
81.7268 400896
81.7531 402336
81.7794 403776
81.8057 405216
81.8296 406656
81.8535 408096
81.8774 409536
81.9013 410976
81.9252 412416
81.9467 413856
81.9682 415296
81.9922 416736
82.0161 418176
82.04 419616
82.0639 421056
82.0878 422496
82.1117 423936
82.1356 425376
82.1595 426816
82.1834 428256
82.2073 429696
82.2312 431136
82.2551 432576
82.279 434016
82.3029 435456
82.3268 436896
82.3507 438336
82.3746 439776
82.3985 441216
82.4224 442656
82.4463 444096
82.4702 445536
82.4941 446976
82.5169 446976
82.5169 357120
83.1766 358560
83.1981 360000
83.2196 361440
83.2435 362880
83.2674 364320
83.2913 365760
83.3152 367200
83.3415 368640
83.3678 370080
83.3941 371520
83.4204 372960
83.4491 374400
83.4778 375840
83.5041 377280
83.5304 378720
83.5591 380160
83.5901 381600
83.6212 383040
83.6523 384480
83.6857 385920
83.7192 387360
83.7527 388800
83.7861 390240
83.8244 391680
83.8626 393120
83.9009 394560
83.9391 396000
83.9822 397440
84.0252 398880
84.0682 400320
84.1112 401760
84.159 403200
84.2092 404640
84.2594 406080
84.3096 407520
84.367 408960
84.4244 410400
84.4818 411840
84.5391 413280
84.6084 414720
84.6778 416160
84.7471 417600
84.8188 419040
84.9072 420480
84.9957 421920
85.0841 423360
85.1726 424800
85.2921 426240
85.4116 427680
85.5311 429120
85.6495 429120
85.6495 343296
86.2901 344736
86.651 346176
87.012 347616
87.3729 349056
87.5905 350496
87.765 351936
87.9132 353376
88.0399 354816
88.1522 356256
88.2526 357696
88.3434 359136
88.4247 360576
88.5012 362016
88.5705 363456
88.6375 364896
88.6996 366336
88.757 367776
88.812 369216
88.8645 370656
88.9147 372096
88.9626 373536
89.008 374976
89.051 376416
89.094 377856
89.1347 379296
89.1729 380736
89.2112 382176
89.247 383616
89.2829 385056
89.3163 386496
89.3498 387936
89.3833 389376
89.4143 390816
89.4454 392256
89.4765 393696
89.5052 395136
89.5339 396576
89.5625 398016
89.5888 399456
89.6151 400896
89.6414 402336
89.6677 403776
89.694 405216
89.7179 406656
89.7418 408096
89.7657 409536
89.7896 410976
89.8135 412416
89.835 413856
89.8566 415296
89.8805 416736
89.9044 418176
89.9283 419616
89.9522 421056
89.9761 422496
90 423936
90.0239 425376
90.0478 426816
90.0717 428256
90.0956 429696
90.1195 431136
90.1434 432576
90.1673 434016
90.1912 435456
90.2151 436896
90.239 438336
90.2629 439776
90.2868 441216
90.3107 442656
90.3346 444096
90.3585 445536
90.3824 446976
90.4052 446976
90.4052 357120
91.0649 358560
91.0864 360000
91.1079 361440
91.1318 362880
91.1557 364320
91.1796 365760
91.2036 367200
91.2298 368640
91.2561 370080
91.2824 371520
91.3087 372960
91.3374 374400
91.3661 375840
91.3924 377280
91.4187 378720
91.4474 380160
91.4784 381600
91.5095 383040
91.5406 384480
91.5741 385920
91.6075 387360
91.641 388800
91.6745 390240
91.7127 391680
91.751 393120
91.7892 394560
91.8274 396000
91.8705 397440
91.9135 398880
91.9565 400320
91.9996 401760
92.0474 403200
92.0976 404640
92.1478 406080
92.198 407520
92.2553 408960
92.3127 410400
92.3701 411840
92.4274 413280
92.4968 414720
92.5661 416160
92.6354 417600
92.7071 419040
92.7956 420480
92.884 421920
92.9724 423360
93.0609 424800
93.1804 426240
93.2999 427680
93.4194 429120
93.5378 429120
93.5378 343296
94.1784 344736
94.5394 346176
94.9003 347616
95.2613 349056
95.4788 350496
95.6533 351936
95.8015 353376
95.9282 354816
96.0405 356256
96.1409 357696
96.2318 359136
96.313 360576
96.3895 362016
96.4588 363456
96.5258 364896
96.5879 366336
96.6453 367776
96.7003 369216
96.7529 370656
96.8031 372096
96.8509 373536
96.8963 374976
96.9393 376416
96.9823 377856
97.023 379296
97.0612 380736
97.0995 382176
97.1353 383616
97.1712 385056
97.2046 386496
97.2381 387936
97.2716 389376
97.3027 390816
97.3337 392256
97.3648 393696
97.3935 395136
97.4222 396576
97.4509 398016
97.4772 399456
97.5034 400896
97.5297 402336
97.556 403776
97.5823 405216
97.6062 406656
97.6301 408096
97.654 409536
97.6779 410976
97.7018 412416
97.7234 413856
97.7449 415296
97.7688 416736
97.7927 418176
97.8166 419616
97.8405 421056
97.8644 422496
97.8883 423936
97.9122 425376
97.9361 426816
97.96 428256
97.9839 429696
98.0078 431136
98.0317 432576
98.0556 434016
98.0795 435456
98.1034 436896
98.1273 438336
98.1512 439776
98.1751 441216
98.1991 442656
98.223 444096
98.2469 445536
98.2708 446976
98.2935 446976
98.2935 357120
98.9532 358560
98.9747 360000
98.9962 361440
99.0202 362880
99.0441 364320
99.068 365760
99.0919 367200
99.1182 368640
99.1445 370080
99.1707 371520
99.197 372960
99.2257 374400
99.2544 375840
99.2807 377280
99.307 378720
99.3357 380160
99.3668 381600
99.3978 383040
99.4289 384480
99.4624 385920
99.4958 387360
99.5293 388800
99.5628 390240
99.601 391680
99.6393 393120
99.6775 394560
99.7158 396000
99.7588 397440
99.8018 398880
99.8448 400320
99.8879 401760
99.9357 403200
99.9859 404640
100.036 406080
100.086 407520
