0.0 0
0.0301987 1440
0.0301987 1440
0.0628553 2940
0.1068 5940
0.147266 8940
0.158564 11940
0.1885 14940
0.19445 17940
0.197898 20940
0.200288 23940
0.222535 26940
0.225091 29940
0.228535 32940
0.232343 35940
0.234733 38940
0.237124 41940
0.239514 44940
0.241905 47940
0.256405 50940
0.258796 53940
0.261186 56940
0.263576 59940
0.265967 62940
0.268357 65940
0.270748 68940
0.273138 71940
0.275528 74940
0.277919 77940
0.280309 80940
0.2827 83940
0.28509 86940
0.28748 89940
0.289871 92940
0.292261 91097
0.294652 94097
0.297042 97097
0.299432 100097
0.301823 103097
0.304213 106097
0.306604 109097
0.308994 112097
0.311384 109689
0.313775 112689
0.316165 109689
0.318556 112689
0.320946 109689
0.323336 112689
0.325727 109689
0.328117 112689
0.330508 109689
0.332898 112689
0.335288 109689
0.337679 112689
0.340069 109689
0.34246 112689
0.34485 109689
0.34724 112689
0.349631 109689
0.352021 112689
0.354412 109689
0.356802 112689
0.359192 109689
0.361583 112689
0.363973 109689
0.366364 112689
0.368754 109689
0.371144 112689
0.373535 109689
0.375925 112689
0.378316 109689
0.380706 112689
0.383096 109689
0.385487 112689
0.387877 109689
0.390268 112689
0.392658 109689
0.395048 112689
0.397439 109689
0.399829 112689
0.40222 109689
0.40461 112689
0.407 109689
0.409391 112689
0.411781 109689
0.414172 112689
0.416562 109689
0.418952 112689
0.421343 109689
0.423733 112689
0.426124 109689
0.428514 112689
0.430904 109689
0.433295 112689
0.435685 109689
0.438076 112689
0.440466 109689
0.442856 112689
0.445247 109689
0.447637 112689
0.450027 110167
0.452418 113167
0.454808 110167
0.460741 113167
0.463131 110167
0.468781 113167
0.477258 110167
0.485624 113167
0.496381 76240
0.502954 79240
0.510126 76240
0.520285 79240
0.528651 76240
0.537018 79240
0.547177 76240
0.553774 79240
0.556762 76240
0.55975 79240
0.56453 76240
0.567518 79240
0.570506 76240
0.574092 79240
0.578275 76240
0.583056 79240
0.587837 76240
0.591444 79240
0.596203 76240
0.600984 79240
0.605167 76240
0.608753 79240
0.612936 76240
0.617717 79240
0.622497 76240
0.626105 79240
0.630864 76240
0.635645 79240
0.638035 76240
0.642816 79240
0.645228 76240
0.648216 79240
0.651204 76240
0.653594 79240
0.655985 76240
0.660168 79240
0.663156 76240
0.665546 79240
0.668534 76240
0.673315 79240
0.676901 76240
0.686462 79240
0.691841 76240
0.699609 79240
0.706183 76240
0.71278 79240
0.718756 76240
0.725927 79240
0.728915 76240
0.737281 79240
0.74266 76240
0.752221 79240
0.757002 76240
0.765368 79240
0.768954 76240
0.77732 79240
0.780906 76240
0.783894 79240
0.786882 76240
0.78987 79240
0.793456 76240
0.801224 79240
0.80481 76240
0.807798 79240
0.810786 76240
0.815567 79240
0.819152 76240
0.833495 79240
0.838275 76240
0.853215 79240
0.856227 76240
0.871188 79240
0.874176 76240
0.889116 79240
0.892104 76240
0.904654 79240
0.910032 76240
0.926765 79240
0.931546 76240
0.945291 79240
0.948876 76240
0.962621 79240
0.967402 76240
0.971585 79240
0.974573 76240
0.977561 79240
0.981146 76240
0.992501 79240
0.997282 76240
1.00206 79240
1.00505 76240
1.00983 79240
1.01282 76240
1.03553 79240
1.04031 76240
1.06184 79240
1.06483 76240
1.08694 79240
1.09053 76240
1.11085 79240
1.11384 76240
1.13296 79240
1.13654 76240
1.16403 79240
1.16881 76240
1.18973 79240
1.19332 76240
1.21363 79240
1.21841 76240
1.2232 79240
1.22678 76240
1.23096 79240
1.23395 76240
1.24949 79240
1.25427 76240
1.26084 79240
1.26443 76240
1.26921 79240
1.2722 76240
1.30507 79240
1.30985 76240
1.34272 79240
1.3463 76240
1.37917 79240
1.38216 76240
1.41024 79240
1.41323 76240
1.44192 79240
1.4461 76240
1.48494 79240
1.49092 76240
1.52259 79240
1.52737 76240
1.55666 79240
1.56144 76240
1.56801 79240
1.571 76240
1.57578 79240
1.57877 76240
1.59968 79240
1.60446 76240
1.61462 79240
1.61761 76240
1.62239 79240
1.62538 76240
1.67319 79240
1.67677 76240
1.72757 79240
1.73056 76240
1.77657 79240
1.78016 76240
1.8184 79240
1.82139 76240
1.86502 79240
1.8704 76240
1.92657 79240
1.93135 76240
1.98095 79240
1.98513 76240
2.02816 79240
2.03294 76240
2.04131 79240
2.0443 76240
2.05027 79240
2.05386 76240
2.08135 79240
2.08434 76240
2.10167 79240
2.10465 76240
2.10943 79240
2.11242 76240
2.18174 79240
2.18473 76240
2.25943 79240
2.26242 76240
2.32756 79240
2.33055 76240
2.38553 79240
2.38851 76240
2.45425 79240
2.45903 76240
2.54508 79240
2.54807 76240
2.62397 79240
2.62875 76240
2.6897 79240
2.69269 76240
2.70584 79240
2.70883 76240
2.71719 79240
2.72018 76240
2.75903 79240
2.76201 76240
2.78472 79240
2.78831 76240
2.79428 79240
2.79727 76240
2.89827 79240
2.90125 76240
3.00822 79240
3.01181 76240
3.10743 79240
3.11041 76240
3.18691 79240
3.18989 76240
3.29208 79240
3.29507 76240
3.42654 79240
3.42953 76240
3.54188 79240
3.54666 76240
3.63391 74116
3.6375 77116
3.65423 74116
3.65722 77116
3.66738 74116
3.67036 77116
3.72534 74116
3.73012 77116
3.76 74116
3.76299 77116
3.76956 74116
3.77255 77116
3.92195 74116
3.92554 77116
4.08271 74116
4.08749 77116
4.22673 74116
4.22972 77116
4.33848 74116
4.34206 77116
4.49804 74116
4.50222 77116
4.69704 74116
4.70062 77116
4.86556 74116
4.87034 77116
5.00361 47955
5.00659 50955
5.02751 47955
5.0305 50955
5.04365 47955
5.04723 50955
5.12731 47955
5.13508 50955
5.17452 47955
5.17811 50955
5.18408 47955
5.18767 50955
5.38946 47955
5.39503 50955
5.39742 47955
5.58925 50955
5.59403 47955
5.76136 50955
5.76435 47955
5.89762 50955
5.90001 47955
6.09781 50955
6.10199 47955
6.34402 50955
6.3482 47955
6.55378 50955
6.55796 47955
6.90457 50955
6.91055 47955
6.91712 50955
7.17588 47955
7.37827 49455
7.44838 47955
7.45376 50955
7.67308 47955
7.68025 50955
7.85057 47955
7.85595 50955
8.12307 47955
8.12845 50955
8.45295 47955
8.46131 50955
8.70812 47955
8.7129 50955
9.15752 47955
9.16469 50955
9.18262 47955
9.19098 50955
9.74316 47955
9.86149 50955
9.86687 47955
10.0711 23977
10.0856 26977
10.091 25340
10.2511 28340
10.2559 31340
10.5194 34340
10.5236 37340
10.8445 40340
10.8499 43340
11.0979 46340
11.1027 49340
11.6824 52340
11.6883 55340
11.7248 58340
11.7326 61340
12.5148 64340
12.5208 67340
13.281 70340
13.2857 73340
13.4887 74840
13.6162 77840
13.6246 80840
13.6329 83840
13.6413 86840
13.8455 88340
13.8875 91340
13.8947 94340
13.9031 97340
13.9102 100340
14.5801 103340
14.5897 106340
14.5981 109340
14.6058 112340
14.6447 115340
14.6542 118340
14.662 121340
14.6734 124340
15.5536 127340
15.5614 130340
15.5674 133340
15.5745 136340
16.4787 139340
16.4847 142340
16.4919 145340
16.4978 148340
16.698 151340
16.8367 154340
16.8438 157340
16.8486 160340
16.8564 163340
16.8636 166340
16.8701 169340
16.8779 172340
16.8845 175340
17.0829 178340
17.1253 181340
17.1301 184340
17.1361 187340
17.142 190340
17.1474 193340
17.1534 196340
17.16 199340
17.1659 202340
17.3695 203840
17.9368 206840
17.9428 209840
17.9488 212840
17.9578 215840
17.9649 218840
17.9721 221840
17.9811 224840
17.9894 227840
18.0193 230840
18.0265 233840
18.0343 236840
18.0426 239840
18.0486 242840
18.0588 245840
18.0671 248840
18.0731 251840
18.2779 253340
18.8643 256340
18.8727 259340
18.8816 262340
18.8906 265340
18.9008 268340
18.9109 271340
18.9211 274340
18.9324 277340
19.9914 280340
20.0021 283340
20.0117 286340
20.0225 289340
20.0338 292340
20.0446 295340
20.0553 298340
20.0649 301340
20.2227 304340
20.2334 307340
20.3792 310340
20.39 313340
20.4031 316340
20.4151 319340
20.427 322340
20.4366 325340
20.4474 328340
20.4587 331340
20.4695 334340
20.4808 337340
20.491 340340
20.5023 343340
20.5131 346340
20.5227 349340
20.5334 352340
20.5466 355340
20.6559 358340
20.6655 361340
20.6995 364340
20.7091 367340
20.7181 370340
20.7276 373340
20.7366 376340
20.7462 379340
20.7593 382340
20.7701 385340
20.7808 388340
20.7904 391340
20.8035 394340
20.8161 397340
20.8268 400340
20.8376 403340
20.8483 406340
20.8597 409340
20.8705 412340
20.978 415340
21.6443 418340
21.6563 421340
21.6671 424340
21.6784 427340
21.6898 430340
21.7005 433340
21.7137 436340
21.7256 439340
21.7382 442340
21.7501 445340
21.7621 448340
21.7728 451340
21.7848 454340
21.7967 457340
21.8087 460340
21.8218 463340
21.8338 466340
21.8475 469340
21.8631 472340
21.8756 475340
21.89 478340
21.9031 481340
21.9163 484340
21.9294 487340
21.9437 490340
21.9581 493340
21.9748 496340
21.9951 499340
22.0131 502340
22.0298 505340
22.0465 508340
22.0633 511340
22.1153 514340
22.3248 515840
22.7093 518840
22.7188 521840
22.7284 524840
22.7386 527840
22.7481 530840
22.7589 533840
22.7696 536840
22.7852 539840
22.7977 542840
22.8079 545840
22.821 548840
22.8318 551840
22.8425 554840
22.8557 554735
22.8688 557735
22.8796 554735
23.085 556235
23.9887 554735
24.0019 557735
24.0162 554735
24.0306 557735
24.0431 554735
24.0569 557735
24.0718 554735
24.0891 557735
24.1023 554735
24.1178 557735
24.131 554735
24.1465 557735
24.1596 554735
24.1758 557735
24.1913 554735
24.2092 557735
24.2421 560735
24.2541 563735
24.2696 566735
24.2827 569735
24.4214 572735
24.4345 575735
24.4519 578735
24.4674 581735
24.4841 584735
24.508 587735
24.5236 590735
24.5355 593735
24.5511 596735
24.5642 599735
24.5774 602735
24.5905 605735
24.6049 608735
24.6192 611735
24.6323 614735
24.6473 617735
24.6616 620735
24.6784 623735
24.6957 626735
24.7106 629735
24.7327 632735
24.7465 635735
24.7602 638735
24.7746 641735
24.7883 644735
24.8015 647735
24.8134 650735
24.8266 653735
24.8415 656735
24.8547 659735
24.869 662735
24.8827 665735
24.8959 668735
24.9096 671735
24.9228 674735
24.9359 677735
24.9515 680735
24.964 683735
24.9795 686735
24.9951 689735
25.013 692735
25.028 695735
25.0465 698735
25.062 701735
25.0788 704735
25.0955 707735
25.111 710735
25.1289 713735
25.1523 716735
25.1738 719735
25.1995 722735
25.2222 725735
25.2407 728735
25.2634 731735
25.2807 734735
25.2981 737735
25.316 740735
25.3297 743735
25.3483 746735
25.3626 749735
25.3787 752735
25.3943 755735
25.4092 758735
25.4272 761735
25.4445 764735
25.46 767735
25.4768 770735
25.4917 773735
25.5084 776735
25.5234 779735
25.5407 782735
25.5574 785735
25.5712 788735
25.5879 791735
25.91 794735
25.9244 797735
25.9399 800735
25.9536 803735
25.9698 806735
25.9805 809735
25.9925 812735
26.0044 815735
26.2092 817235
27.1815 818735
28.094 820235
28.8819 823235
28.8992 826235
28.9213 829235
28.9416 832235
28.9619 835235
28.9853 838235
29.0133 841235
29.0426 844235
29.0641 847235
29.0809 850235
29.0988 853235
29.1173 856235
29.1341 859235
29.1514 862235
29.1693 865235
29.1914 868235
29.2117 871235
29.2315 874235
29.2578 877235
29.2793 880235
29.2984 883235
29.3163 886235
29.3331 889235
29.351 892235
29.3683 895235
29.3892 898235
29.4066 901235
29.4245 904235
29.4436 907235
29.4609 910235
29.4807 913235
29.498 916235
29.5177 919235
29.5386 922235
29.5589 925235
29.5799 928235
29.5996 931235
29.6211 934235
29.6396 937235
29.6599 940235
29.6809 943235
29.7083 946235
29.7323 949235
29.7609 952235
29.7884 955235
29.8171 958235
29.8512 961235
29.8733 964235
29.8966 967235
29.9127 970235
29.9301 973235
29.9444 976235
29.9599 979235
29.9767 982235
29.9934 985235
30.0077 988235
30.0233 991235
30.0388 994235
30.0585 997235
30.0741 1000235
30.0926 1003235
30.1069 1006235
30.1225 1009235
30.1386 1012235
30.1542 1015235
30.1685 840868
30.1852 843868
30.2032 840868
30.2205 843868
30.236 840868
30.2528 843868
30.2671 840868
30.2838 843868
30.2982 840868
30.3149 843868
30.3305 840868
30.3472 843868
30.3615 840868
30.3771 843868
30.3992 840868
30.4183 843868
30.4326 840868
30.45 843868
30.4631 840868
30.4787 843868
30.4918 840868
30.5073 843868
30.5217 840868
30.5378 843868
30.5528 840868
30.5689 843868
30.5874 840868
30.6042 843868
30.6233 840868
30.6406 843868
30.6591 840868
30.6765 843868
30.6938 840868
30.7123 843868
30.7308 840868
30.7488 843868
30.7691 840868
30.7876 843868
30.8067 840868
30.8259 843868
30.8462 840868
30.8659 843868
30.885 840868
30.9041 843868
30.9239 840868
30.943 843868
30.9633 840868
30.9848 843868
31.0069 840868
31.0314 843868
31.0547 840868
31.0751 843868
31.0978 840868
31.1181 843868
31.1396 840868
31.1617 843868
31.1844 840868
31.2071 843868
31.2304 840868
31.2561 843868
31.28 840868
31.3027 843868
31.3255 840868
31.3482 843868
31.3751 840868
31.3954 843868
31.4205 840868
31.4456 843868
31.4731 840868
31.4982 843868
31.5268 840868
31.5555 843868
31.5854 840868
31.6117 843868
31.6398 840868
31.6667 843868
31.6876 840868
31.7097 843868
31.7282 840868
31.7474 843868
31.7653 840868
31.7844 843868
31.8023 840868
31.8203 843868
31.8382 840868
31.8573 843868
31.8812 840868
31.9051 843868
31.9242 840868
31.9464 843868
31.9643 840868
31.9858 843868
32.0073 840868
32.027 843868
32.0456 840868
32.0653 843868
32.0832 840868
32.1035 843868
32.1238 840868
32.143 843868
32.1621 840868
32.183 843868
32.2063 840868
32.2254 843868
32.2493 840868
32.2703 843868
32.2894 840868
32.3085 843868
32.3276 840868
32.3485 843868
32.373 840868
32.3928 843868
32.4113 840868
32.4304 843868
32.4495 840868
32.4728 843868
32.4961 840868
32.5201 843868
32.538 840868
32.5571 843868
32.5756 840868
32.5959 843868
32.6163 840868
32.6384 843868
32.6575 840868
32.6778 843868
32.6975 840868
32.7179 843868
32.737 840868
32.7609 843868
32.7812 840868
32.8039 843868
32.8272 840868
32.8499 843868
32.8714 840868
32.8947 843868
32.9157 840868
32.9372 843868
32.9605 840868
32.9808 843868
33.0071 840868
33.0346 843868
33.0627 843247
33.0896 846247
33.1093 849247
33.1278 852247
33.1511 855247
33.172 858247
33.1965 861247
33.2157 864247
33.2348 867247
33.2533 870247
33.2754 873247
33.2939 876247
33.3178 879247
33.3382 882247
33.3585 885247
33.3884 888247
33.4147 891247
33.4416 894247
33.4595 897247
33.4798 900247
33.5007 903247
33.5186 906247
33.5396 909247
33.5623 912247
33.5874 915247
33.6065 918247
33.6256 921247
33.6441 521773
33.6662 524773
33.6872 527773
33.7057 527645
33.7308 530645
33.7589 533645
33.778 532426
33.7959 535426
33.8192 538426
33.8396 538378
33.8635 541378
33.8868 544378
33.9095 543545
33.9316 546545
33.9668 549545
33.9854 547335
34.0069 550335
34.0278 547335
34.0481 550335
34.0672 548759
34.0864 551759
34.1085 548759
34.13 551759
34.1545 549599
34.179 552599
34.2059 549599
34.2405 552599
34.268 549599
34.2854 552599
34.3033 549599
34.3212 552599
34.3403 549599
34.3613 552599
34.3804 549599
34.4013 552599
34.4204 549599
34.4419 552599
34.4676 549599
34.5005 552599
34.5178 549599
34.5358 552599
34.5531 549599
34.5716 552599
34.5937 549599
34.6116 552599
34.6314 549599
34.6487 552599
34.669 549599
34.6863 552599
34.7067 549599
34.7252 552599
34.7455 549599
34.764 552599
34.7844 549599
34.8029 552599
34.8244 549599
34.8435 552599
34.8638 549599
34.8824 552599
34.9027 549599
34.923 552599
34.9481 549599
34.9738 552599
34.9995 549599
35.0246 552599
35.0539 549599
35.0784 552599
35.1059 549599
35.131 552599
35.1614 549599
35.1907 552599
35.2278 549599
35.2612 552599
35.2857 549599
35.3013 552599
35.318 549599
35.3359 552599
35.3533 549599
35.3688 552599
35.3855 549599
35.4011 552599
35.4262 549599
35.4417 552599
35.4608 549599
35.4764 552599
35.4931 549599
35.511 552599
35.5278 549599
35.5469 552599
35.5762 549599
35.6001 552599
35.6228 549599
35.6455 552599
35.6682 549599
35.6927 552599
35.713 549599
35.7393 552599
35.7698 549599
35.7949 552599
35.817 549599
35.8397 552599
35.86 549599
35.8827 552599
35.9055 549599
35.93 552599
35.9545 549599
35.9796 552599
36.0041 549599
36.028 552599
36.0531 549599
36.0782 552599
36.1033 549599
36.1313 552599
36.1552 549599
36.1815 552599
36.209 549599
36.2365 552599
36.261 549599
36.2873 552599
36.3124 549599
36.3429 552599
36.3728 549599
36.4038 552599
36.4301 549599
36.4564 552599
36.4851 549599
36.5114 552599
36.5419 549599
36.5694 552599
36.5993 549599
36.6291 552599
36.6614 549599
36.6877 552599
36.7134 549599
36.7391 552599
36.7672 549599
36.7941 552599
36.8192 549599
36.8449 552599
36.8724 549599
36.8975 552599
36.9214 549599
36.9507 552599
36.9793 549599
37.0032 552599
37.0307 549599
37.0558 552599
37.0839 549599
37.1108 552599
37.1395 549599
37.164 552599
37.1879 549599
37.2142 552599
37.2381 549599
37.262 552599
37.2895 549599
37.3212 552599
37.3493 549599
37.3767 552599
37.403 549599
37.4305 552599
37.4568 549599
37.4819 552599
37.5058 549599
37.5321 552599
37.5572 555599
37.5829 558599
37.6068 561599
37.6343 564599
37.6642 567599
37.6929 570599
37.7245 573599
37.7496 576599
37.7747 579599
37.8022 582599
37.8315 585599
37.859 588599
37.8865 591599
37.9104 594599
37.9397 597599
37.9714 600599
38.0024 603599
38.0275 606599
38.0514 609599
38.0771 612599
38.1034 615599
38.1339 618599
38.1578 621599
38.1829 624599
38.2122 627599
38.2397 630599
38.2702 633599
38.3012 636599
38.3329 639599
38.3616 642599
38.3962 645599
38.4261 648599
38.4542 651599
38.4835 654599
38.5116 657599
38.5427 660599
38.5797 663599
38.609 666599
38.6365 669599
38.6699 672599
38.6968 675599
38.7243 678599
38.7524 681599
38.7853 684599
38.8092 687599
38.8337 690599
38.8594 693599
38.8845 696599
38.9126 699599
38.9389 702599
38.9652 705599
39.001 708599
39.0405 711599
39.0697 714599
39.0972 717599
39.1199 720599
39.1426 723599
39.1665 726599
39.1857 729599
39.2084 732599
39.2347 735599
39.2574 738599
39.2801 741599
39.4926 743099
40.9448 744599
42.3922 746099
43.6467 749099
43.6671 752099
43.6886 755099
43.7107 758099
43.7352 761099
43.7603 764099
43.7872 767099
43.8159 770099
43.8374 773099
43.8601 776099
43.8828 779099
43.9007 782099
43.9258 785099
43.9485 788099
43.97 791099
43.994 794099
44.0179 797099
44.0394 800099
44.0585 803099
44.077 806099
44.1093 809099
44.1338 812099
44.1571 815099
44.1816 818099
44.2133 821099
44.239 824099
44.2581 827099
44.276 830099
44.2951 833099
44.3137 836099
44.3316 839099
44.3537 842099
44.3776 845099
44.4039 848099
44.4302 851099
44.4523 854099
44.4744 857099
44.4995 860099
44.5276 863099
44.5599 866099
44.5898 869099
44.6119 872099
44.6376 875099
44.6704 878099
44.6955 881099
44.717 884099
44.7404 887099
44.7655 890099
44.7888 893099
44.8133 896099
44.8348 899099
44.8593 902099
44.8892 905099
44.9196 908099
44.9549 911099
44.9925 914099
45.0242 917099
45.0541 920099
45.0756 923099
45.0971 926099
45.1186 929099
45.139 932099
45.1593 935099
45.182 938099
45.2047 941099
45.2268 944099
45.2495 947099
45.2746 950099
45.2967 953099
45.3146 956099
45.3338 959099
45.3541 962099
45.3756 965099
45.4031 968099
45.4366 971099
45.4617 974099
45.485 977099
45.5095 980099
45.5358 983099
45.5591 986099
45.5824 989099
45.6081 992099
45.635 995099
45.6607 998099
45.6899 1001099
45.7264 1004099
45.7628 1007099
45.7885 1010099
45.8077 1013099
45.828 1016099
45.8483 1019099
45.8716 1022099
45.8937 1025099
45.9176 1028099
45.9439 1031099
45.9666 1034099
45.9893 1037099
46.0156 1040099
46.0425 1043099
46.0688 1046099
46.0933 1049099
46.1196 1052099
46.1375 1055099
46.1543 1058099
46.1722 1061099
46.1907 1064099
46.211 1067099
46.2302 1070099
46.2529 1073099
46.2744 1076099
46.2983 1079099
46.3276 1082099
46.3598 1085099
46.3921 1088099
46.4142 1091099
46.4387 1094099
46.4656 1097099
46.4919 1100099
46.5146 1103099
46.5421 1106099
46.5648 1109099
46.5857 1112099
46.6049 1115099
46.624 1118099
46.6431 759535
46.6622 762535
46.6814 759535
46.7035 762535
46.7268 759535
46.7507 762535
46.7734 759535
46.7973 762535
46.8224 759535
46.8457 762535
46.8708 759535
46.8923 762535
46.9162 759535
46.9425 762535
46.9664 759535
46.9903 762535
47.0166 759535
47.0405 762535
47.0644 759535
47.0877 762535
47.1116 759535
47.1343 762535
47.157 759535
47.1792 762535
47.2019 759535
47.2234 762535
47.2503 759535
47.2736 762535
47.2951 759535
47.3172 762535
47.3465 759535
47.3692 762535
47.3901 759535
47.411 762535
47.4331 759535
47.4541 762535
47.4803 759535
47.5114 762535
47.5329 759535
47.5544 762535
47.576 759535
47.5975 762535
47.6202 759535
47.6405 762535
47.668 759535
47.6973 762535
47.7266 759535
47.7493 762535
47.7708 759535
47.7905 762535
47.812 759535
47.8341 762535
47.8568 759535
47.8807 762535
47.9023 759535
47.9238 762535
47.9465 759535
47.968 762535
47.9895 759535
48.0122 762535
48.0337 759535
48.0588 762535
48.0809 759535
48.1048 762535
48.1264 759535
48.1514 762535
48.1736 759535
48.1957 762535
48.2178 759535
48.2399 762535
48.2614 759535
48.2883 762535
48.3122 759535
48.3379 762535
48.363 759535
48.3875 762535
48.4114 759535
48.4341 762535
48.4556 759535
48.4783 762535
48.4999 759535
48.5285 762535
48.553 759535
48.5757 762535
48.5996 759535
48.6242 762535
48.6487 759535
48.6726 762535
48.6953 759535
48.718 762535
48.7407 759535
48.7634 762535
48.7861 759535
48.8088 762535
48.8315 759535
48.8548 762535
48.8775 759535
48.899 762535
48.9218 759535
48.9445 762535
48.9684 759535
48.9887 762535
49.0138 759535
49.0365 762535
49.061 759535
49.0837 762535
49.1052 759535
49.1291 762535
49.147 759535
49.171 762535
49.1955 759535
49.2182 762535
49.2409 759535
49.2624 762535
49.2851 759535
49.3066 762535
49.3305 759535
49.3496 762535
49.3688 759535
49.3939 762535
49.4261 759535
49.4524 762535
49.4745 759535
49.499 762535
49.5271 759535
49.554 762535
49.5767 759535
49.5994 762535
49.6221 759535
49.646 762535
49.6699 759535
49.6927 762535
49.716 759535
49.7399 762535
49.7668 759535
50.0482 762535
50.0703 759535
50.0913 762535
50.1134 759535
50.1379 762535
50.1606 759535
50.1809 762535
50.2084 759535
50.2347 762535
50.2562 759535
50.2777 762535
50.298 759535
50.3219 762535
50.3434 759535
50.365 762535
50.3853 759535
50.4068 762535
50.4283 759535
50.4486 762535
50.4677 759535
50.4905 762535
50.512 759535
50.5299 762535
50.5478 759535
50.5669 762535
50.5873 759535
50.6118 762535
50.6404 759535
50.665 762535
50.6841 759535
50.7032 762535
50.7223 759535
50.7438 762535
50.7677 759535
50.7898 762535
50.8126 759535
50.8377 762535
50.8592 759535
50.8801 762535
50.904 759535
50.9255 762535
50.9458 759535
50.9685 762535
50.9877 759535
51.0056 762535
51.0235 759535
51.0438 762535
51.0665 759535
51.0964 762535
51.1191 759535
51.1406 762535
51.161 759535
51.1843 762535
51.2028 759535
51.2201 762535
51.2375 759535
51.256 762535
51.2787 759535
51.299 762535
51.3205 759535
51.3432 762535
51.3659 759535
51.3898 762535
51.4161 759535
51.4424 762535
51.4675 759535
51.489 762535
51.5106 759535
51.5321 762535
51.5536 759535
51.5751 762535
51.5972 759535
51.6181 762535
51.639 759535
51.6606 762535
51.6821 759535
51.7 762535
51.7191 759535
51.7382 762535
51.7609 759535
51.7825 762535
51.8064 759535
51.8327 762535
51.8572 759535
51.8763 762535
51.893 759535
51.9109 762535
51.9301 759535
51.948 762535
51.9653 759535
51.9839 762535
52.003 759535
52.0233 762535
52.0412 765535
52.0615 768535
52.0854 771535
52.1088 774535
52.1315 777535
52.1554 780535
52.184 783535
52.2151 786535
52.2462 789535
52.2677 792535
52.288 795535
52.3095 798535
52.3317 801535
52.3538 804535
52.3753 807535
52.3968 810535
52.4183 813535
52.441 816535
52.4625 819535
52.4846 822535
52.5062 825535
52.5277 828535
52.548 831535
52.5659 834535
52.585 837535
52.6054 840535
52.6257 843535
52.646 846535
52.6675 849535
52.6896 852535
52.7129 855535
52.738 858535
52.7631 861535
52.7852 864535
52.8079 867535
52.8295 870535
52.851 873535
52.8713 876535
52.8916 879535
52.9155 882535
52.937 885535
52.9573 888535
52.98 891535
53.0016 894535
53.0219 897535
53.041 900535
53.0619 903535
55.1055 905035
56.9545 906535
58.5969 874558
58.6184 877558
58.6387 874558
58.6626 877558
58.6817 874558
58.7009 877558
58.7212 874558
58.7427 877558
58.7642 874558
58.7857 877558
58.8078 874558
58.8288 877558
58.8515 874031
58.8754 872960
58.8975 872058
58.9202 871286
58.9405 870628
58.9632 870035
58.9847 869552
59.005 869111
59.0266 868725
59.0481 868370
59.0696 868077
59.0911 867803
59.1126 867581
59.1329 867369
59.1532 867165
59.1736 866970
59.1939 866781
59.2154 866581
59.2369 866423
59.2608 866268
59.2835 866184
59.305 866129
59.3289 866099
59.3517 866089
59.3732 869089
59.3977 866089
59.4204 869089
59.4443 866089
59.4682 869089
59.4921 866089
59.5148 869089
59.5387 866089
59.5614 869089
59.5847 866089
59.6068 869089
59.6295 866089
59.6516 869089
59.6738 866089
59.6965 869089
59.7192 866089
59.7419 869089
59.7646 866089
59.7873 869089
59.81 866089
59.8315 869089
59.8542 866089
59.8769 869089
59.8996 866089
59.9236 869089
59.9451 866089
59.9678 869089
59.9893 866089
60.012 869089
60.0347 866089
60.0592 869089
60.0813 866089
60.1028 869089
60.1255 866089
60.1482 869089
60.1698 866089
60.1925 869089
60.2164 866089
60.2403 869089
60.2618 866089
60.2869 869089
60.3084 866089
60.3311 869089
60.3526 866089
60.3759 869089
60.3974 866089
60.4214 869089
60.4441 866089
60.4656 869089
60.4883 866089
60.5098 869089
60.5325 866089
60.5552 869089
60.5779 866089
60.6006 869089
60.6233 866089
60.646 869089
60.6688 866089
60.6915 869089
60.7142 866089
60.7369 869089
60.7596 866089
60.7817 869089
60.8044 866089
60.8277 869089
60.851 866089
60.8743 869089
60.8982 866089
60.9221 869089
60.9437 866089
60.9664 869089
60.9891 866089
61.0118 869089
61.0345 866089
61.0572 869089
61.0799 866089
61.1014 869089
61.1259 866089
61.1486 869089
61.1713 866089
61.1935 869089
61.2162 866089
61.2389 869089
61.261 866089
61.2837 869089
61.307 866089
61.3297 869089
61.3524 866089
61.3751 869089
61.3978 866089
61.4205 869089
61.4432 866089
61.466 869089
61.4887 866089
61.5114 869089
61.5329 866089
61.5568 869089
61.5795 866089
61.6016 869089
61.6243 866089
61.6464 869089
61.6691 866089
61.6907 869089
61.7134 866089
61.7373 869089
61.76 866089
61.7827 869089
61.8054 866089
61.8281 869089
61.8496 866089
61.8723 869089
61.8938 866089
61.9154 869089
61.9393 866089
61.9655 869089
61.9871 866089
62.0098 869089
62.0325 866089
62.0528 869089
62.0755 866089
62.1006 869089
62.1233 866089
62.146 869089
62.1687 866089
62.1914 869089
62.2141 866089
62.2369 869089
62.2608 866089
62.2799 869089
62.3014 866089
62.3241 869089
62.348 866089
62.3719 869089
62.3946 866089
62.4173 869089
62.44 866089
62.4628 869089
62.4855 866089
62.5058 869089
62.5273 866089
62.5476 869089
62.5715 866089
62.5978 869089
62.6217 866089
62.6444 869089
62.6671 866089
62.6863 869089
62.7066 866089
62.7281 869089
62.752 866089
62.7753 869089
62.8028 866089
62.8255 869089
62.8488 866089
62.8703 869089
62.893 866089
62.9157 869089
62.9384 866089
62.9611 869089
62.9839 866089
63.0066 869089
63.0281 866089
63.0508 869089
63.0747 866089
63.095 869089
63.1165 866089
63.138 869089
63.1601 866089
63.1835 869089
63.2074 866089
63.2319 869089
63.2528 866089
63.2743 869089
63.2958 866089
63.3185 869089
63.3412 866089
63.3639 869089
63.3866 866089
63.4082 869089
63.4309 866089
63.4548 869089
63.4787 866089
63.505 869089
63.5277 866089
63.5492 869089
63.5695 866089
63.591 869089
63.6137 866089
63.6364 869089
63.6627 866089
63.6842 869089
63.7081 866089
63.7309 869089
63.7536 866089
63.7727 869089
63.793 866089
63.8157 869089
63.8384 866089
63.8599 869089
63.8832 866089
63.9048 869089
63.9275 872089
63.9502 875089
63.9741 878089
64.001 881089
64.0255 884089
64.0494 887089
64.0721 890089
64.0948 893089
64.1175 896089
64.139 899089
64.1629 902089
64.1856 905089
64.2095 908089
64.231 911089
64.2526 914089
64.2729 917089
64.2944 920089
64.3171 923089
64.3392 926089
64.3619 929089
64.3858 932089
64.4127 935089
64.4342 938089
64.4545 941089
64.4761 944089
64.4964 947089
64.5167 950089
64.537 953089
64.5585 956089
64.58 959089
64.6028 962089
64.6243 965089
64.647 968089
64.6697 971089
64.6924 974089
64.7169 977089
64.7408 980089
64.7647 983089
64.7898 986089
64.8209 989089
64.8418 992089
64.8633 995089
64.8872 998089
64.9111 1001089
64.9338 1004089
64.9565 1007089
64.9792 1010089
65.0019 1013089
65.0235 1016089
65.2348 1017589
67.3479 1019089
69.4401 1020589
71.3508 871095
71.3735 874095
71.3963 871095
71.4226 874095
71.4465 871095
71.4692 874095
71.4931 871095
71.5146 874095
71.5385 871095
71.56 874095
71.5827 871095
71.6042 874095
71.6269 871095
71.6496 870974
71.6712 870002
71.6927 869170
71.7142 868424
71.7381 867789
71.7596 867269
71.7811 866813
71.8038 866415
71.8265 866084
71.8492 865829
71.8719 865625
71.8947 865463
71.9186 865339
71.9413 865284
71.9646 865253
71.9885 868253
72.0112 865253
72.0339 868253
72.0578 865253
72.0817 868253
72.1032 865253
72.1247 868253
72.1486 865253
72.1713 868253
72.1947 865253
72.2174 868253
72.2401 865253
72.2628 868253
72.2855 865253
72.3082 868253
72.3309 865253
72.3524 868253
72.3751 865253
72.399 868253
72.4217 865253
72.4433 868253
72.466 865253
72.4887 868253
72.5114 865253
72.5341 868253
72.5592 865253
72.5807 868253
72.6034 865253
72.6261 868253
72.6476 865253
72.6703 868253
72.6925 865253
72.7152 868253
72.7385 865253
72.7612 868253
72.7845 865253
72.8072 868253
72.8299 865253
72.8526 868253
72.8741 865253
72.8968 868253
72.9195 865253
72.9422 868253
72.965 865253
72.9877 868253
73.0104 865253
73.0319 868253
73.0546 865253
73.0773 868253
73.1 865253
73.1227 868253
73.1454 865253
73.1681 868253
73.192 865253
73.2136 868253
73.2363 865253
73.259 868253
73.2817 865253
73.3044 868253
73.3271 865253
73.351 868253
73.3737 865253
73.3964 868253
73.4191 865253
73.4418 868253
73.4645 865253
73.4873 868253
73.5094 865253
73.5321 868253
73.5548 865253
73.5775 868253
73.5996 865253
73.6223 868253
73.6456 865253
73.6683 868253
73.691 865253
73.7149 868253
73.7365 865253
73.7592 868253
73.7819 865253
73.8046 868253
73.8273 865253
73.85 868253
73.8727 865253
73.8954 868253
73.9181 865253
73.9402 868253
73.9629 865253
73.9851 868253
74.0078 865253
74.0317 868253
74.0544 865253
74.0759 868253
74.0998 865253
74.1213 868253
74.144 865253
74.1667 868253
74.1906 865253
74.2121 868253
74.236 865253
74.2576 868253
74.2803 865253
74.3024 868253
74.3245 865253
74.3472 868253
74.3705 865253
74.3926 868253
74.4153 865253
74.438 868253
74.4619 865253
74.4846 868253
74.5062 865253
74.5289 868253
74.5516 865253
74.5731 868253
74.597 865253
74.6197 868253
74.6424 865253
74.6651 868253
74.689 865253
74.7105 868253
74.7333 865253
74.756 868253
74.7787 865253
74.8002 868253
74.8241 865253
74.8468 868253
74.8707 865253
74.8934 868253
74.9149 865253
74.9376 868253
74.9603 865253
74.983 868253
75.0058 865253
75.0273 868253
75.05 865253
75.0727 868253
75.0948 865253
75.1187 868253
75.1414 865253
75.1653 868253
75.1856 865253
75.2071 868253
75.2299 865253
75.2526 868253
75.2753 865253
75.2992 868253
75.3231 865253
75.3458 868253
75.3685 865253
75.3912 868253
75.4139 865253
75.4366 868253
75.4593 865253
75.482 868253
75.5059 865253
75.5263 868253
75.549 865253
75.5729 868253
75.5944 865253
75.6159 868253
75.6374 865253
75.6601 868253
75.6828 865253
75.7055 868253
75.7306 865253
75.7534 868253
75.7749 865253
75.7976 868253
75.8203 865253
75.843 868253
75.8645 865253
75.8872 868253
75.9099 865253
75.9326 868253
75.9553 865253
75.978 868253
76.0031 865253
76.0259 868253
76.0474 865253
76.0701 868253
76.0916 865253
76.1143 868253
76.137 865253
76.1597 868253
76.1848 865253
76.2087 868253
76.2302 865253
76.2529 868253
76.2745 871253
76.296 874253
76.3181 877253
76.3408 880253
76.3629 883253
76.3844 886253
76.4071 889253
76.4298 892253
76.4525 895253
76.4753 898253
76.4992 901253
76.5243 904253
76.547 907253
76.5697 910253
76.5924 913253
76.6151 916253
76.6378 919253
76.6605 922253
76.6826 925253
76.7053 928253
76.728 931253
76.7501 934253
76.7717 937253
76.795 940253
76.8165 943253
76.8392 946253
76.8631 949253
76.8858 952253
76.9085 955253
76.9324 958253
76.9539 961253
76.9754 964253
76.9982 967253
77.0197 970253
77.0412 973253
77.0639 976253
77.0854 979253
77.1081 982253
77.1296 985253
77.1523 988253
77.175 991253
77.1977 994253
77.2205 997253
77.2444 1000253
77.2671 1003253
77.291 1006253
77.3161 1009253
77.3412 1012253
77.3639 1015253
77.3854 1018253
77.4093 1021253
77.4308 1024253
77.4535 1027253
77.4762 1030253
77.4989 1033253
77.5211 1036253
77.5438 1039253
77.5671 1042253
77.5886 1045253
77.6113 1048253
77.6328 1051253
77.6555 1054253
77.6776 1057253
77.7009 1060253
77.7236 1063253
77.7463 1066253
77.7679 1069253
77.9804 1070753
80.0875 1072253
82.1791 1073753
84.0922 867602
84.115 870602
84.1377 867602
84.1592 870602
84.1819 867602
84.2052 870602
84.2279 867602
84.2494 870602
84.2721 867602
84.2942 870602
84.3169 867602
84.3391 870602
84.3618 867602
84.3845 870602
84.4072 867602
84.4311 870602
84.4538 867602
84.4765 870602
84.4992 867332
84.5219 866939
84.5446 866596
84.5685 866330
84.5912 866133
84.614 865996
84.6367 865894
84.6582 865822
84.6815 865777
84.7048 865755
84.7275 868755
84.7496 865755
84.7723 868755
84.795 865755
84.8177 868755
84.8404 865755
84.862 868755
84.8859 865755
84.9086 868755
84.9313 865755
84.9528 868755
84.9755 865755
84.9982 868755
85.0209 865755
85.0436 868755
85.0675 865755
85.0902 868755
85.1129 865755
85.1357 868755
85.1584 865755
85.1799 868755
85.2038 865755
85.2265 868755
85.2492 865755
85.2719 868755
85.2946 865755
85.3161 868755
85.34 865755
85.3615 868755
85.3843 865755
85.407 868755
85.4297 865755
85.4524 868755
85.4745 865755
85.4978 868755
85.5199 865755
85.542 868755
85.5647 865755
85.5874 868755
85.6102 865755
85.6329 868755
85.6556 865755
85.6783 868755
85.701 865755
85.7237 868755
85.7464 865755
85.7691 868755
85.7918 865755
85.8145 868755
85.8384 865755
85.8599 868755
85.8833 865755
85.906 868755
85.9281 865755
85.9508 868755
85.9735 865755
85.9962 868755
86.0189 865755
86.0416 868755
86.0643 865755
86.087 868755
86.1097 865755
86.1325 868755
86.1552 865755
86.1779 868755
86.2006 865755
86.2233 868755
86.2454 865755
86.2675 868755
86.2908 865755
86.3141 868755
86.3362 865755
86.3589 868755
86.3817 865755
86.4044 868755
86.4271 865755
86.4498 868755
86.4725 865755
86.4952 868755
86.5179 865755
86.5406 868755
86.5633 865755
86.586 868755
86.6087 865755
86.6314 868755
86.6536 865755
86.6763 868755
86.6996 865755
86.7211 868755
86.745 865755
86.7665 868755
86.7892 865755
86.8119 868755
86.8334 865755
86.8561 868755
86.88 865755
86.9028 868755
86.9267 865755
86.9482 868755
86.9709 865755
86.9936 868755
87.0163 865755
87.039 868755
87.0617 865755
87.0832 868755
87.1071 865755
87.1286 868755
87.1514 865755
87.1753 868755
87.198 865755
87.2207 868755
87.2422 865755
87.2661 868755
87.2888 865755
87.3103 868755
87.3342 865755
87.3557 868755
87.3796 865755
87.4023 868755
87.4251 865755
87.4466 868755
87.4693 865755
87.492 868755
87.5147 865755
87.5362 868755
87.5589 865755
87.5816 868755
87.6043 865755
87.6282 868755
87.6515 865755
87.6749 868755
87.6964 865755
87.7191 868755
87.7418 865755
87.7633 868755
87.786 865755
87.8099 868755
87.8338 865755
87.8553 868755
87.8786 865755
87.9007 868755
87.9235 865755
87.9462 868755
87.9689 865755
87.9916 868755
88.0143 865755
88.037 868755
88.0585 865755
88.0824 868755
88.1039 865755
88.1266 868755
88.1493 865755
88.1709 868755
88.1948 865755
88.2175 868755
88.2408 865755
88.2635 868755
88.2862 865755
88.3083 868755
88.331 865755
88.3537 868755
88.3764 865755
88.3991 868755
88.4207 865755
88.4434 868755
88.4661 865755
88.49 868755
88.5127 871755
88.5354 874755
88.5581 877755
88.5796 880755
88.6023 883755
88.625 886755
88.6471 889755
88.6705 892755
88.6938 895755
88.7159 898755
88.7374 901755
88.7613 904755
88.7828 907755
88.8055 910755
88.8282 913755
88.8509 916755
88.8736 919755
88.8952 922755
88.9179 925755
88.9406 928755
88.9633 931755
88.9872 934755
89.0099 937755
89.0338 940755
89.0559 943755
89.0786 946755
89.1019 949755
89.124 952755
89.1467 955755
89.1695 958755
89.1922 961755
89.2149 964755
89.2376 967755
89.2603 970755
89.283 973755
89.3057 976755
89.3272 979755
89.3499 982755
89.3738 985755
89.3965 988755
89.4192 991755
89.442 994755
89.4647 997755
89.4862 1000755
89.5077 1003755
89.5304 1006755
89.5519 1009755
89.5758 1012755
89.5973 1015755
89.62 1018755
89.6427 1021755
89.6655 1024755
89.687 1027755
89.7103 1030755
89.7342 1033755
89.7569 1036755
89.7796 1039755
89.8023 1042755
89.8268 1045755
89.8501 1048755
89.8728 1051755
89.8943 1054755
89.9182 1057755
89.9398 1060755
89.9637 1063755
89.9864 1066755
90.0091 1069755
90.0318 1072755
90.0545 1075755
90.0772 1078755
90.0999 1081755
90.1226 1084755
90.1453 1087755
90.168 1090755
90.1907 1093755
90.2123 1096755
90.235 1099755
90.2577 1102755
90.2798 1105755
90.3019 1108755
90.3246 1111755
90.3473 1114755
90.3712 1117755
90.3939 1120755
90.4166 1123755
90.4393 1126755
90.4621 1129755
90.4848 1132755
90.5075 1135755
90.529 1138755
92.8254 1140255
94.7289 1143255
94.7516 1146255
94.7719 1149255
94.7946 1152255
94.8162 1155255
94.8365 1158255
94.8592 1161255
94.8807 1164255
94.9022 1167255
94.9237 1170255
94.9452 1173255
94.9662 1176255
94.9883 1179255
95.0098 1182255
95.0301 1185255
95.0516 1188255
95.0731 1191255
95.0958 1194255
95.1162 1197255
95.1389 1200255
95.1616 1203255
95.1819 1206255
95.2034 1209255
95.2249 1212255
95.2464 1215255
95.2679 1218255
95.2895 1221255
95.311 1224255
95.3319 1227255
95.3534 1230255
95.3749 1233255
95.3958 1236255
95.4173 1239255
95.4401 1242255
95.4616 1245255
95.4831 1248255
95.5046 1251255
95.5261 1254255
95.5488 1257255
95.5691 1260255
95.5918 1263255
95.6122 1266255
95.6337 1269255
95.6552 1272255
95.6767 1275255
95.6976 1278255
95.7191 1281255
95.7412 1284255
95.7634 1287255
95.7837 1290255
95.8064 1293255
95.8279 1296255
95.8494 1299255
95.8709 1302255
95.8924 1305255
95.9128 1308255
95.9343 1311255
95.957 1314255
95.9785 1317255
96 1320255
96.0215 1323255
96.0442 1326255
96.0645 1329255
96.0861 1332255
96.1076 1335255
96.1297 1338255
96.1512 1341255
96.1727 1344255
96.1942 1347255
96.2157 1350255
96.2373 1353255
96.2588 1356255
96.2803 1359255
96.303 1362255
96.3245 1365255
96.346 1368255
96.3663 1371255
96.389 1374255
96.4094 1377255
96.4321 1380255
96.453 1383255
96.4739 1386255
96.4966 1389255
96.5169 1392255
96.5396 1395255
96.5612 1398255
96.5815 1401255
96.603 1404255
96.6245 1407255
96.646 1410255
96.6675 1413255
96.689 1416255
96.7106 1419255
96.7333 1422255
96.7548 1425255
96.7775 1428255
96.8002 1431255
96.8217 1434255
96.8444 1437255
96.8683 1440255
96.891 1443255
96.9125 1446255
96.9352 1449255
96.958 1452255
96.9819 1455255
97.0046 1458255
97.0273 1461255
97.0488 1464255
97.0715 1467255
97.0942 1470255
97.1181 1473255
97.1396 1476255
97.1635 1479255
97.1862 1482255
97.2089 1485255
97.2311 1488255
97.2544 1491255
97.2771 1494255
97.2992 1497255
97.3219 1500255
97.3458 1503255
97.3673 1506255
97.39 1509255
97.4127 1512255
97.4354 1515255
97.4581 1518255
97.4809 1521255
97.5036 1524255
97.5263 1527255
97.549 1530255
97.5717 1533255
97.5944 1536255
97.6171 1539255
97.6392 1542255
97.6619 1545255
97.6846 1548255
97.7067 1551255
97.7295 1554255
97.7522 1557255
97.7749 1560255
97.7976 1563255
97.8203 1566255
97.843 1569255
97.8657 1568861
97.8884 1571861
97.9111 1568861
97.9338 1571861
97.9565 1568861
97.9793 1571861
98.0032 1568861
98.0253 1571861
98.048 1568861
98.0707 1571861
98.0934 1568861
98.1155 1571861
98.1382 1568861
98.1609 1571861
98.1836 1568861
98.2063 1571861
98.2291 1568861
98.2518 1571861
98.2745 1568861
98.2972 1571861
98.3199 1568861
98.3426 1571861
98.3653 1568861
98.388 1571861
98.4107 1568861
98.4334 1571861
98.4561 1568861
98.4782 1571861
98.5004 1568861
98.5231 1571861
98.5446 1568861
98.5697 1571861
98.5912 1568861
98.6139 1571861
98.6366 1568861
98.6593 1571861
98.682 1568861
98.7047 1571861
98.7274 1568861
98.7502 1571861
98.7729 1568861
98.7956 1571861
98.8183 1568861
98.841 1571861
98.8637 1568861
98.8864 1571861
98.9091 1568861
98.9318 1571861
98.9539 1568861
98.9766 1571861
98.9994 1568861
99.0221 1571861
99.0448 1568861
99.0675 1571861
99.0902 1568861
99.1129 1571861
99.1356 1568861
99.1583 1571861
99.181 1568861
99.2037 1571861
99.2264 1568861
99.2486 1571861
99.2713 1568861
99.2934 1571861
99.3161 1568861
99.3388 1571861
99.3603 1568861
99.3842 1571861
99.4069 1568861
99.4296 1571861
99.4523 1568861
99.475 1571861
99.4978 1568861
99.5205 1571861
99.5432 1568861
99.5659 1571861
99.5886 1568861
99.6113 1571861
99.634 1568861
99.6567 1571861
99.6794 1568861
99.7033 1571861
99.726 1568861
99.7475 1571861
99.7703 1568861
99.793 1571861
99.8157 1568861
99.8384 1571861
99.8623 1568861
99.8838 1571861
99.9065 1568861
99.9292 1571861
99.9519 1568861
99.9746 1571861
99.9979 1568861
100.019 1571861
100.042 1568861
100.065 1571861
100.087 1568861
100.11 1571861
100.132 1568861
100.156 1571861
100.178 1568861
100.201 1571861
100.223 1568861
100.247 1571861
100.269 1568861
100.291 1571861
100.315 1568861
100.338 1571861
100.359 1568861
100.382 1571861
100.404 1568861
100.427 1571861
100.451 1568861
100.473 1571861
100.496 1568861
100.518 1571861
100.541 1568861
100.564 1571861
100.587 1568861
100.609 1571861
100.632 1568861
100.654 1571861
100.676 1568861
100.699 1571861
100.723 1568861
100.746 1571861
100.767 1568861
100.79 794096
100.814 797096
100.835 794096
100.858 797096
100.881 794096
100.904 797096
100.927 794096
100.949 797096
100.972 794096
100.995 797096
101.017 794096
101.039 797096
101.062 794096
101.084 797096
101.108 796802
101.131 799802
101.154 802802
101.175 801917
101.199 804917
101.223 802037
101.246 805037
101.27 802038
101.294 805038
101.317 802088
101.34 805088
101.364 802163
101.388 805163
101.412 802163
101.436 805163
101.46 802163
101.482 805163
101.506 802163
101.53 805163
101.554 802163
101.577 805163
101.601 802163
101.625 805163
101.649 802163
101.671 805163
101.694 802163
101.718 805163
101.742 802163
101.764 805163
101.788 802163
101.812 805163
101.836 802163
101.86 805163
101.883 802163
101.907 805163
101.931 802163
101.954 805163
101.977 802163
102.001 805163
102.025 802163
102.048 805163
102.072 802163
102.096 805163
102.119 802163
102.143 805163
102.167 802163
102.189 805163
102.213 802163
102.237 805163
102.26 802163
102.284 805163
102.308 802163
102.332 805163
102.354 802163
102.379 805163
102.403 802163
102.427 805163
102.45 802163
102.473 805163
102.497 802163
102.521 805163
102.543 802163
102.568 805163
102.59 802163
102.614 805163
102.638 802163
102.662 805163
102.685 802163
102.709 805163
102.733 802163
102.756 805163
102.78 802163
102.804 805163
102.826 802163
102.85 805163
102.874 802163
102.898 805163
102.921 802163
102.946 805163
102.969 802163
102.993 805163
103.016 802163
103.039 805163
103.063 802163
103.087 805163
103.11 802163
103.134 805163
103.157 802163
103.181 805163
103.204 802163
103.228 805163
103.252 802163
103.276 805163
103.3 802163
103.323 805163
103.346 802163
103.37 805163
103.395 802163
103.418 805163
103.441 802163
103.464 805163
103.489 802163
103.512 805163
103.536 802163
103.559 805163
103.583 802163
103.607 805163
103.631 802163
103.655 805163
103.677 802163
103.701 805163
103.725 802163
103.748 805163
103.772 802163
103.796 805163
103.82 802163
103.842 805163
103.866 802163
103.89 805163
103.914 802163
103.938 805163
103.961 802163
103.985 805163
104.008 802163
104.032 805163
104.055 802163
104.079 805163
104.103 802163
104.127 805163
104.151 802163
104.175 805163
104.198 802163
104.222 805163
104.246 802163
104.268 805163
104.292 802163
104.316 805163
104.34 802163
104.364 805163
104.387 802163
104.411 805163
104.435 802163
104.458 805163
104.482 802163
104.505 805163
104.529 802163
104.553 805163
104.577 802163
104.601 805163
104.623 802163
104.648 805163
104.671 802163
104.695 805163
104.719 802163
104.742 805163
104.766 802163
104.789 805163
104.813 802163
104.837 805163
104.86 802163
104.884 805163
104.908 802163
104.931 805163
104.955 802163
104.978 805163
105.002 802163
105.026 805163
105.049 802163
105.073 805163
105.097 802163
105.121 805163
105.144 802163
105.168 805163
105.191 802163
105.215 805163
105.239 802163
105.262 805163
105.285 802163
105.309 805163
105.333 802163
105.357 805163
105.38 802163
105.404 805163
105.428 802163
105.452 805163
105.474 802163
105.498 805163
105.522 802163
105.545 805163
105.569 802163
105.593 805163
105.617 802163
105.64 805163
105.665 802163
105.688 805163
105.712 802163
105.735 805163
105.758 802163
105.782 805163
105.806 802163
105.83 805163
105.854 802163
105.878 805163
105.9 802163
105.924 805163
105.948 802163
105.972 805163
105.996 802163
106.019 805163
106.043 802163
106.067 805163
106.09 802163
106.114 805163
106.137 802163
106.162 805163
106.185 802163
106.209 805163
106.233 802163
106.255 805163
106.281 802163
106.303 805163
106.327 802163
106.35 805163
106.375 802163
106.398 805163
106.422 802163
106.445 805163
106.469 802163
106.492 805163
106.516 802163
106.539 805163
106.564 802163
106.586 805163
106.61 802163
106.634 805163
106.658 802163
106.681 805163
106.705 802163
106.729 805163
106.753 802163
106.775 805163
106.799 802163
106.823 805163
106.847 802163
106.871 805163
106.894 802163
106.918 805163
106.941 802163
106.965 805163
106.989 802163
107.013 805163
107.036 808163
107.06 811163
107.084 814163
107.108 817163
107.13 820163
107.154 823163
107.177 826163
107.202 829163
107.413 830663
109.535 832163
111.659 833663
113.607 830280
113.633 827442
113.657 822592
113.681 818348
113.705 814651
113.729 811432
113.754 808600
113.779 806170
113.804 804059
113.829 802245
113.854 800674
113.878 799331
113.905 798157
113.928 797177
113.952 796304
113.978 795572
114.001 794964
114.027 794432
114.052 794015
114.075 793667
114.1 793345
114.126 793096
114.15 792927
114.175 792779
114.2 792682
114.224 792596
114.249 792554
114.273 792533
114.298 792531
114.324 795531
114.347 792531
114.373 795531
114.398 792531
114.422 795531
114.447 792531
114.47 795531
114.496 792531
114.521 795531
114.545 792531
114.571 795531
114.596 792531
114.618 795531
114.643 792531
114.668 795531
114.693 792531
114.717 795531
114.741 792531
114.766 795531
114.791 792531
114.815 795531
114.84 792531
114.865 795531
114.889 792531
114.913 795531
114.939 792531
114.964 795531
114.989 792531
115.013 795531
115.037 792531
115.062 795531
115.087 792531
115.112 795531
115.136 792531
115.161 795531
115.187 792531
115.21 795531
115.236 792531
115.259 795531
115.285 792531
115.31 795531
115.334 792531
115.358 795531
115.383 792531
115.408 795531
115.432 792531
115.456 795531
115.481 792531
115.506 795531
115.531 792531
115.556 795531
115.58 792531
115.604 795531
115.631 792531
115.654 795531
115.678 792531
115.703 795531
115.727 792531
115.752 795531
115.778 792531
115.801 795531
115.827 792531
115.85 795531
115.874 792531
115.899 795531
115.925 792531
115.948 795531
115.975 792531
115.999 795531
116.024 792531
116.049 795531
116.075 792531
116.098 795531
116.124 792531
116.149 795531
116.173 792531
116.198 795531
116.223 792531
116.247 795531
116.272 792531
116.296 795531
116.321 792531
116.346 795531
116.37 792531
116.395 795531
116.42 792531
116.444 795531
116.469 792531
116.493 795531
116.518 792531
116.542 795531
116.567 792531
116.592 795531
116.617 792531
116.641 795531
116.666 792531
116.691 795531
116.714 792531
116.739 795531
116.764 792531
116.789 795531
116.814 792531
116.838 795531
116.863 792531
116.887 795531
116.912 792531
116.937 795531
116.961 792531
116.988 795531
117.01 792531
117.035 795531
117.061 792531
117.086 795531
117.111 792531
117.135 795531
117.159 792531
117.184 795531
117.208 792531
117.234 795531
117.259 792531
117.282 795531
117.307 792531
117.332 795531
117.356 792531
117.381 795531
117.406 792531
117.43 795531
117.455 792531
117.48 795531
117.505 792531
117.529 795531
117.553 792531
117.578 795531
117.603 792531
117.627 795531
117.652 792531
117.677 795531
117.701 792531
117.726 795531
117.75 792531
117.775 795531
117.8 792531
117.824 795531
117.849 792531
117.873 795531
117.9 792531
117.922 795531
117.947 792531
117.973 795531
117.996 792531
118.022 795531
118.047 792531
118.071 795531
118.096 792531
118.121 795531
118.145 792531
118.17 795531
118.194 792531
118.219 795531
118.244 792531
118.268 795531
118.293 792531
118.318 795531
118.343 792531
118.368 795531
118.391 792531
118.417 795531
118.442 792531
118.465 795531
118.491 792531
118.515 795531
118.539 792531
118.565 795531
118.589 792531
118.613 795531
118.638 792531
118.662 795531
118.687 792531
118.712 795531
118.736 792531
118.762 795531
118.786 792531
118.812 795531
118.834 792531
118.86 795531
118.884 792531
118.91 795531
118.933 792531
118.959 795531
118.984 792531
119.009 795531
119.033 792531
119.058 795531
119.082 792531
119.107 795531
119.131 792531
119.156 795531
119.181 792531
119.205 795531
119.23 792531
119.255 795531
119.279 792531
119.304 795531
119.329 792531
119.354 795531
119.379 792531
119.403 795531
119.427 792531
119.452 795531
119.477 792531
119.501 795531
119.526 792531
119.55 795531
119.576 792531
119.6 795531
119.625 792531
119.649 795531
119.674 798531
119.698 801531
119.722 804531
119.747 807531
119.772 810531
119.798 813531
119.821 816531
119.847 819531
119.872 822531
119.896 825531
119.921 828531
119.946 831531
119.97 834531
119.994 837531
120.019 840531
122.421 842031
124.522 843531
126.452 800786
126.476 803786
126.501 800786
126.527 803786
126.551 800786
126.576 803786
126.599 800786
126.625 803786
126.65 800786
126.675 803786
126.699 799450
126.724 798260
126.748 797235
126.773 796355
126.797 795617
126.822 794971
126.847 794438
126.871 794004
126.896 793625
126.922 793325
126.946 793095
126.971 792909
126.996 792763
127.02 792652
127.045 792570
127.069 792532
127.093 792497
127.118 792484
127.142 795484
127.167 792484
127.192 795484
127.216 792484
127.241 795484
127.266 792484
127.29 795484
127.315 792484
127.339 795484
127.364 792484
127.389 795484
127.415 792484
127.44 795484
127.464 792484
127.487 795484
127.513 792484
127.538 795484
127.563 792484
127.588 795484
127.612 792484
127.637 795484
127.662 792484
127.686 795484
127.711 792484
127.736 795484
127.76 792484
127.785 795484
127.809 792484
127.834 795484
127.859 792484
127.883 795484
127.907 792484
127.932 795484
127.956 792484
127.981 795484
128.007 792484
128.031 795484
128.056 792484
128.08 795484
128.105 792484
128.131 795484
128.154 792484
128.18 795484
128.205 792484
128.227 795484
128.252 792484
128.276 795484
128.301 792484
128.327 795484
128.352 792484
128.376 795484
128.399 792484
128.424 795484
128.45 792484
128.475 795484
128.498 792484
128.523 795484
128.548 792484
128.573 795484
128.598 792484
128.622 795484
128.647 792484
128.673 795484
128.696 792484
128.722 795484
128.747 792484
128.771 795484
128.796 792484
128.82 795484
128.846 792484
128.87 795484
128.895 792484
128.919 795484
128.944 792484
128.968 795484
128.993 792484
129.017 795484
129.041 792484
129.066 795484
129.092 792484
129.117 795484
129.141 792484
129.165 795484
129.19 792484
129.215 795484
129.238 792484
129.263 795484
129.289 792484
129.314 795484
129.338 792484
129.362 795484
129.387 792484
129.412 795484
129.436 792484
129.461 795484
129.486 792484
129.51 795484
129.535 792484
129.56 795484
129.584 792484
129.61 795484
129.633 792484
129.659 795484
129.684 792484
129.708 795484
129.733 792484
129.758 795484
129.782 792484
129.807 795484
129.831 792484
129.856 795484
129.881 792484
129.905 795484
129.93 792484
129.955 795484
129.979 792484
130.004 795484
130.029 792484
130.053 795484
130.078 792484
130.103 795484
130.127 792484
130.152 795484
130.176 792484
130.201 795484
130.226 792484
130.25 795484
130.275 792484
130.3 795484
130.324 792484
130.349 795484
130.374 792484
130.398 795484
130.424 792484
130.447 795484
130.473 792484
130.498 795484
130.522 792484
130.547 795484
130.572 792484
130.596 795484
130.62 792484
130.645 795484
130.67 792484
130.694 795484
130.719 792484
130.743 795484
130.768 792484
130.793 795484
130.817 792484
130.842 795484
130.867 792484
130.891 795484
130.916 792484
130.941 795484
130.965 792484
130.99 795484
131.015 792484
131.039 795484
131.064 792484
131.087 795484
131.113 792484
131.138 795484
131.162 792484
131.187 795484
131.212 792484
131.236 795484
131.26 792484
131.286 795484
131.309 792484
131.334 795484
131.359 792484
131.384 795484
131.408 792484
131.433 795484
131.457 792484
131.482 795484
131.508 792484
131.531 795484
131.555 792484
131.58 795484
131.606 792484
131.631 795484
131.656 792484
131.68 795484
131.705 792484
131.729 795484
131.754 792484
131.779 795484
131.802 792484
131.828 795484
131.854 792484
131.877 795484
131.903 792484
131.927 795484
131.952 792484
131.977 795484
132.001 798484
132.026 801484
132.051 804484
132.075 807484
132.1 810484
132.125 813484
132.148 816484
132.173 819484
132.198 822484
132.223 825484
132.248 828484
132.272 831484
132.297 834484
132.322 837484
132.345 840484
132.37 843484
132.396 846484
132.42 849484
132.445 852484
132.469 855484
132.494 858484
132.519 861484
132.543 864484
132.568 867484
132.593 870484
132.617 873484
132.642 876484
132.667 879484
132.691 882484
132.716 885484
132.741 888484
132.765 891484
132.791 894484
132.814 897484
132.84 900484
132.863 903484
135.187 904984
137.289 906484
139.215 797874
139.24 800874
139.264 797874
139.289 800874
139.314 797874
139.338 800874
139.363 797874
139.388 800874
139.412 797874
139.437 800874
139.462 797874
139.486 800874
139.511 797354
139.536 796475
139.56 795722
139.584 795079
139.608 794533
139.633 794071
139.658 793683
139.681 793376
139.706 793075
139.731 792860
139.756 792688
139.781 792569
139.806 792482
139.83 792422
139.855 792385
139.881 795385
139.906 792385
139.931 795385
139.955 792385
139.98 795385
140.005 792385
140.029 795385
140.054 792385
140.078 795385
140.103 792385
140.128 795385
140.152 792385
140.177 795385
140.202 792385
140.226 795385
140.251 792385
140.276 795385
140.3 792385
140.325 795385
140.35 792385
140.374 795385
140.399 792385
140.422 795385
140.448 792385
140.473 795385
140.497 792385
140.522 795385
140.547 792385
140.571 795385
140.596 792385
140.621 795385
140.645 792385
140.671 795385
140.694 792385
140.72 795385
140.745 792385
140.769 795385
140.794 792385
140.819 795385
140.843 792385
140.868 795385
140.891 792385
140.916 795385
140.942 792385
140.966 795385
140.991 792385
141.016 795385
141.04 792385
141.065 795385
141.089 792385
141.113 795385
141.138 792385
141.163 795385
141.187 792385
141.212 795385
141.236 792385
141.261 795385
141.286 792385
141.31 795385
141.335 792385
141.36 795385
141.384 792385
141.409 795385
141.433 792385
141.458 795385
141.483 792385
141.507 795385
141.532 792385
141.557 795385
141.581 792385
141.606 795385
141.631 792385
141.655 795385
141.68 792385
141.704 795385
141.729 792385
141.755 795385
141.778 792385
141.804 795385
141.829 792385
141.853 795385
141.878 792385
141.903 795385
141.927 792385
141.952 795385
141.976 792385
142.001 795385
142.026 792385
142.05 795385
142.075 792385
142.101 795385
142.124 792385
142.15 795385
142.174 792385
142.199 795385
142.224 792385
142.248 795385
142.273 792385
142.298 795385
142.322 792385
142.347 795385
142.372 792385
142.396 795385
142.421 792385
142.445 795385
142.47 792385
142.495 795385
142.519 792385
142.544 795385
142.569 792385
142.593 795385
142.618 792385
142.643 795385
142.667 792385
142.692 795385
142.717 792385
142.741 795385
142.766 792385
142.79 795385
142.815 792385
142.84 795385
142.864 792385
142.889 795385
142.914 792385
142.938 795385
142.964 792385
142.987 795385
143.013 792385
143.038 795385
143.062 792385
143.087 795385
143.112 792385
143.136 795385
143.161 792385
143.185 795385
143.21 792385
143.235 795385
143.259 792385
143.284 795385
143.309 792385
143.333 795385
143.358 792385
143.383 795385
143.407 792385
143.431 795385
143.456 792385
143.481 795385
143.505 792385
143.53 795385
143.555 792385
143.579 795385
143.604 792385
143.629 795385
143.653 792385
143.678 795385
143.702 792385
143.727 795385
143.752 792385
143.776 795385
143.801 792385
143.826 795385
143.85 792385
143.875 795385
143.899 792385
143.924 795385
143.95 792385
143.973 795385
143.999 792385
144.024 795385
144.048 792385
144.073 795385
144.097 792385
144.122 795385
144.147 792385
144.171 795385
144.196 792385
144.221 795385
144.245 792385
144.27 795385
144.295 798385
144.319 801385
144.344 804385
144.368 807385
144.393 810385
144.418 813385
144.442 816385
144.467 819385
144.492 822385
144.516 825385
144.541 828385
144.565 831385
144.59 834385
144.614 837385
144.639 840385
144.664 843385
144.688 846385
144.713 849385
144.738 852385
144.763 855385
144.788 858385
144.812 861385
144.837 864385
144.862 867385
144.886 870385
144.911 873385
144.936 876385
144.96 879385
144.985 882385
145.01 885385
145.034 888385
145.059 891385
145.083 894385
145.108 897385
145.133 900385
145.157 903385
145.182 906385
145.208 909385
145.231 912385
145.257 915385
145.281 918385
145.306 921385
145.331 924385
145.355 927385
145.38 930385
145.405 933385
145.429 936385
145.454 939385
145.479 942385
145.503 945385
145.528 948385
145.552 951385
145.577 954385
145.602 957385
145.625 960385
147.941 961885
150.044 963385
151.969 794972
151.993 797972
152.018 794972
152.043 797972
152.067 794972
152.092 797972
152.117 794972
152.141 797972
152.166 794972
152.19 797972
152.215 794972
152.24 797972
152.264 794972
152.289 797972
152.314 794972
152.338 797972
152.363 794545
152.388 794098
152.412 793739
152.437 793424
152.462 793182
152.486 792970
152.51 792816
152.534 792682
152.559 792581
152.584 792508
152.608 792477
152.633 792450
152.658 795450
152.683 792450
152.708 795450
152.733 792450
152.758 795450
152.783 792450
152.807 795450
152.832 792450
152.857 795450
152.881 792450
152.906 795450
152.931 792450
152.955 795450
152.98 792450
153.004 795450
153.029 792450
153.054 795450
153.078 792450
153.103 795450
153.128 792450
153.152 795450
153.177 792450
153.202 795450
153.226 792450
153.251 795450
153.276 792450
153.3 795450
153.325 792450
153.349 795450
153.374 792450
153.399 795450
153.423 792450
153.448 795450
153.473 792450
153.497 795450
153.522 792450
153.546 795450
153.571 792450
153.597 795450
153.621 792450
153.646 795450
153.671 792450
153.695 795450
153.72 792450
153.744 795450
153.769 792450
153.794 795450
153.818 792450
153.843 795450
153.868 792450
153.892 795450
153.917 792450
153.941 795450
153.966 792450
153.99 795450
154.015 792450
154.04 795450
154.064 792450
154.089 795450
154.113 792450
154.138 795450
154.163 792450
154.188 795450
154.212 792450
154.237 795450
154.261 792450
154.286 795450
154.311 792450
154.336 795450
154.36 792450
154.385 795450
154.411 792450
154.433 795450
154.458 792450
154.483 795450
154.509 792450
154.532 795450
154.557 792450
154.581 795450
154.607 792450
154.632 795450
154.656 792450
154.682 795450
154.705 792450
154.73 795450
154.755 792450
154.78 795450
154.804 792450
154.829 795450
154.854 792450
154.878 795450
154.903 792450
154.927 795450
154.953 792450
154.977 795450
155.001 792450
155.026 795450
155.051 792450
155.075 795450
155.1 792450
155.125 795450
155.149 792450
155.174 795450
155.199 792450
155.223 795450
155.247 792450
155.273 795450
155.297 792450
155.322 795450
155.346 792450
155.371 795450
155.397 792450
155.422 795450
155.446 792450
155.47 795450
155.495 792450
155.52 795450
155.544 792450
155.569 795450
155.594 792450
155.618 795450
155.643 792450
155.667 795450
155.692 792450
155.716 795450
155.741 792450
155.766 795450
155.791 792450
155.815 795450
155.839 792450
155.865 795450
155.889 792450
155.914 795450
155.938 792450
155.963 795450
155.988 792450
156.013 795450
156.037 792450
156.062 795450
156.086 792450
156.111 795450
156.136 792450
156.16 795450
156.184 792450
156.209 795450
156.234 792450
156.258 795450
156.283 792450
156.307 795450
156.332 792450
156.358 795450
156.383 792450
156.408 795450
156.432 792450
156.456 795450
156.481 792450
156.506 795450
156.53 792450
156.555 795450
156.579 798450
156.604 801450
156.629 804450
156.654 807450
156.678 810450
156.703 813450
156.727 816450
156.752 819450
156.777 822450
156.801 825450
156.825 828450
156.851 831450
156.875 834450
156.899 837450
156.925 840450
156.949 843450
156.974 846450
156.998 849450
157.023 852450
157.048 855450
157.072 858450
157.097 861450
157.122 864450
157.148 867450
157.17 870450
157.195 873450
157.22 876450
157.246 879450
157.269 882450
157.295 885450
157.32 888450
157.344 891450
157.369 894450
157.393 897450
157.418 900450
157.442 903450
157.465 906450
157.491 909450
157.516 912450
157.541 915450
157.565 918450
157.59 921450
157.615 924450
157.639 927450
157.664 930450
157.689 933450
157.713 936450
157.738 939450
157.763 942450
157.787 945450
157.812 948450
157.837 951450
157.862 954450
157.886 957450
157.911 960450
157.935 963450
157.96 966450
157.985 969450
158.009 972450
158.034 975450
158.059 978450
158.083 981450
158.108 984450
158.134 987450
158.157 990450
158.183 993450
158.207 996450
158.232 999450
158.257 1002450
158.281 1005450
158.306 1008450
158.331 1011450
158.355 1014450
158.379 1017450
160.688 1018950
162.789 758595
164.714 761595
164.739 758595
164.763 761595
164.788 758595
164.812 761595
164.837 758595
164.863 761595
164.886 758595
164.912 761595
164.937 758595
164.961 761595
164.986 758595
165.01 761595
165.035 758595
165.06 761595
165.084 758595
165.109 761595
165.134 758595
165.158 761595
165.183 758595
165.207 761595
165.232 758595
165.257 761595
165.281 758595
165.306 758581
165.331 758527
165.355 758511
165.38 758496
165.405 761496
165.429 758496
165.454 761496
165.479 758496
165.503 761496
165.528 758496
165.553 761496
165.577 758496
165.601 761496
165.626 758496
165.651 761496
165.675 758496
165.699 761496
165.724 758496
165.749 761496
165.773 758496
165.798 761496
165.822 758496
165.847 761496
165.873 758496
165.897 761496
165.923 758496
165.948 761496
165.972 758496
165.997 761496
166.021 758496
166.046 761496
166.071 758496
166.095 761496
166.12 758496
166.145 761496
166.169 758496
166.194 761496
166.219 758496
166.243 761496
166.268 758496
166.293 761496
166.317 758496
166.342 761496
166.366 758496
166.391 761496
166.416 758496
166.44 761496
166.465 758496
166.49 761496
166.514 758496
166.539 761496
166.564 758496
166.588 761496
166.613 758496
166.637 761496
166.663 758496
166.686 761496
166.712 758496
166.735 761496
166.761 758496
166.786 761496
166.81 758496
166.835 761496
166.86 758496
166.884 761496
166.909 758496
166.933 761496
166.958 758496
166.983 761496
167.007 758496
167.032 761496
167.057 758496
167.081 761496
167.106 758496
167.131 761496
167.155 758496
167.18 761496
167.205 758496
167.229 761496
167.254 758496
167.277 761496
167.303 758496
167.328 761496
167.352 758496
167.377 761496
167.402 758496
167.426 761496
167.451 758496
167.476 761496
167.5 758496
167.525 761496
167.549 758496
167.574 761496
167.6 758496
167.623 761496
167.649 758496
167.674 761496
167.698 758496
167.723 761496
167.747 758496
167.772 761496
167.797 758496
167.821 761496
167.846 758496
167.871 761496
167.895 758496
167.92 761496
167.945 758496
167.969 761496
167.994 758496
168.018 761496
168.043 758496
168.068 761496
168.092 758496
168.117 761496
168.142 758496
168.166 761496
168.191 758496
168.216 761496
168.24 758496
168.265 761496
168.289 758496
168.314 761496
168.339 758496
168.363 761496
168.388 758496
168.413 761496
168.437 758496
168.462 761496
168.487 758496
168.511 761496
168.537 758496
168.56 761496
168.586 758496
168.611 761496
168.635 758496
168.66 761496
168.685 758496
168.709 761496
168.734 758496
168.758 761496
168.783 758496
168.808 761496
168.831 758496
168.857 761496
168.882 764496
168.906 767496
168.93 770496
168.955 773496
168.98 776496
169.004 779496
169.028 782496
169.054 785496
169.078 788496
169.103 791496
171.497 792996
173.599 794496
175.531 797496
175.557 800496
175.585 803496
175.612 806496
175.638 809496
175.666 812496
175.692 815496
175.72 818496
175.746 821496
175.773 824496
175.801 827496
175.827 830496
175.855 833496
175.881 836496
175.909 839496
175.936 842496
175.962 845496
175.99 848496
176.016 851496
176.044 854496
176.071 857496
176.097 860496
176.125 863496
176.151 866496
176.179 869496
176.206 872496
176.232 875496
176.26 878496
176.286 881496
176.314 884496
176.341 887496
176.368 890496
176.395 893496
176.421 896496
176.449 899496
176.476 902496
176.503 905496
176.53 908496
176.556 911496
176.584 914496
176.611 917496
176.638 920496
176.665 923496
176.691 926496
176.719 929496
176.745 932496
176.773 935496
176.8 938496
176.826 941496
176.852 944496
176.879 947496
176.907 950496
176.934 953496
176.962 956496
176.988 959496
177.015 962496
177.043 965496
177.07 968496
177.097 971496
177.123 974496
177.151 977496
177.178 980496
177.205 983496
177.232 986496
177.259 989496
177.285 992496
177.312 995496
177.339 998496
177.366 1001496
177.394 1004496
177.42 1007496
177.447 1010496
177.474 1013496
177.501 1016496
177.527 1019496
177.555 1022496
177.581 1025496
177.609 1028496
177.636 1031496
177.663 1034496
177.691 1037496
177.717 1040496
177.744 1043496
177.771 1046496
177.798 1049496
177.824 1052496
177.852 1055496
177.879 1058496
177.906 1061496
177.933 1064496
177.961 1067496
177.987 1070496
178.014 1073496
178.041 1076496
178.068 1079496
178.096 1082496
178.122 1085496
178.15 1088496
178.176 1091496
178.203 1094496
178.231 1097496
178.257 1100496
178.285 1103496
178.311 1106496
178.338 1109496
178.366 1112496
178.392 1115496
178.42 1118496
178.446 1121496
178.473 1124496
178.501 1127496
178.527 1130496
178.554 1133496
178.581 1136496
178.608 1139496
178.635 1142496
178.662 1145496
178.689 1148496
178.716 1151496
178.742 1154496
178.77 1157496
178.797 1160496
178.824 1163496
178.851 1166496
178.877 1169496
178.905 1172496
178.932 1175496
178.959 1178496
178.987 1181496
179.012 1184496
179.04 1187496
179.067 1190496
179.094 1193496
179.121 1196496
179.148 1199496
179.174 1202496
179.202 1205496
179.229 1208496
179.256 1211496
179.284 1214496
179.309 1217496
179.337 1220496
179.364 1223496
179.392 1226496
179.418 1229496
179.446 1232496
179.473 1235496
179.5 1238496
179.527 1241496
179.553 1244496
179.581 1247496
179.607 1250496
179.635 1253496
179.662 1256496
179.687 1259496
179.715 1262496
179.742 1265496
179.769 1268496
179.796 1271496
179.822 1274496
179.85 1277496
179.877 1280496
179.904 1283496
179.931 1286496
179.957 1289496
179.985 1292496
180.012 1295496
180.039 1298496
180.066 1301496
180.094 1304496
180.12 1307496
180.147 1310496
180.174 1313496
180.201 1316496
180.229 1319496
180.255 1322496
180.282 1325496
180.31 1328496
180.337 1331496
180.364 1334496
180.39 1337496
180.416 1340496
180.445 1343496
180.472 1346496
180.499 1349496
180.525 1352496
180.552 1355496
180.579 1358496
180.606 1361496
180.634 1364496
180.66 1367496
180.688 1370496
180.714 1373496
180.741 1376496
180.768 1379496
180.795 1382496
180.823 1385496
180.849 1388496
180.876 1391496
180.903 1394496
180.931 1397496
180.958 1400496
180.984 1403496
181.011 1406496
181.038 1409496
181.065 1412496
181.093 1415496
181.119 1418496
181.147 1421496
181.173 1424496
181.2 1427496
181.228 1430496
181.254 1433496
181.282 1436496
181.308 1439496
181.335 1442496
181.362 1440897
181.389 1443897
181.415 1440897
181.443 1443897
181.47 1440897
181.497 1443897
181.524 1440897
181.551 1443897
181.579 1440897
181.605 1443897
181.632 1440897
181.66 1443897
181.686 1440897
181.714 1443897
181.74 1440897
181.767 1443897
181.795 1440897
181.821 1443897
181.849 1440897
181.875 1443897
181.902 1440897
181.928 1443897
181.954 1440897
181.979 1443897
182.005 1440897
182.031 1443897
182.057 1440897
182.083 1443897
182.108 1440897
182.134 1443897
182.161 1440897
182.186 1443897
182.212 1440897
182.238 1443897
182.263 1440897
182.29 1443897
182.315 1440897
182.341 1443897
182.367 1440897
182.393 1443897
182.419 1440897
182.445 1443897
182.471 1440897
182.496 1443897
182.523 1440897
182.548 1443897
182.574 1440897
182.6 1443897
182.626 1440897
182.652 1443897
182.677 1440897
182.703 1443897
182.729 1440897
182.756 1443897
182.781 1440897
182.807 1443897
182.832 1440897
182.859 1443897
182.885 1440897
182.91 1443897
182.936 1440897
182.961 1443897
182.988 1440897
183.014 1443897
183.04 1440897
183.065 1443897
183.092 1440897
183.117 1443897
183.143 1440897
183.169 1443897
183.194 1440897
183.221 1443897
183.247 1440897
183.272 1443897
183.298 1440897
183.324 1443897
183.35 1440897
183.376 1443897
183.401 1440897
183.428 1443897
183.453 1440897
183.479 1443897
183.504 1440897
183.53 1443897
183.556 1440897
183.582 1443897
183.609 1440897
183.635 1443897
183.66 1440897
183.686 1443897
183.713 1440897
183.738 1443897
183.764 1440897
183.789 1443897
183.815 1440897
183.842 1443897
183.867 1440897
183.893 1443897
183.918 1440897
183.945 1443897
183.971 1440897
183.997 1443897
184.022 1440897
184.047 1443897
184.074 1440897
184.099 1443897
184.125 1440897
184.151 1443897
184.176 1440897
184.203 1443897
184.23 1440897
184.255 1443897
184.28 1440897
184.307 1443897
184.332 1440897
184.358 1443897
184.384 1440897
184.409 1443897
184.436 1440897
184.461 1443897
184.487 1440897
184.513 1443897
184.54 1440897
184.565 1443897
184.592 1440897
184.617 1443897
184.643 1440897
184.669 1443897
184.694 1440897
184.721 1443897
184.746 1440897
184.772 1443897
184.798 1440897
184.825 1443897
184.85 1440897
184.876 1443897
184.902 1440897
184.928 1443897
184.954 1440897
184.979 1443897
185.005 1440897
185.03 1443897
185.057 1440897
185.083 1443897
185.109 1440897
185.134 1443897
185.161 1440897
185.186 1443897
185.212 1440897
185.238 1443897
185.263 1440897
185.29 1443897
185.315 1440897
185.341 1443897
185.367 1440897
185.392 1443897
185.419 1440897
185.445 1443897
185.471 1440897
185.496 1443897
185.523 1440897
185.548 1443897
185.574 1440897
185.599 1443897
185.626 1440897
185.652 1443897
185.678 1440897
185.703 1443897
185.729 1440897
185.755 1443897
185.781 1440897
185.806 1443897
185.832 1440897
185.859 1443897
185.884 1440897
185.911 1443897
185.935 1440897
185.961 1443897
185.988 1440897
186.013 1443897
186.039 1440897
186.067 1443897
186.09 1440897
186.116 1443897
186.142 1440897
186.169 1443897
186.194 1440897
186.22 1443897
186.246 1440897
186.272 1443897
186.298 1440897
186.325 1443897
186.35 1440897
186.375 1443897
186.401 1440897
186.427 1443897
186.453 1440897
186.479 1443897
186.504 1440897
186.53 1443897
186.557 1440897
186.583 1443897
186.608 1440897
186.633 1443897
186.659 1440897
186.686 1443897
186.712 1440897
186.738 1443897
186.763 1440897
186.788 1443897
186.816 1440897
186.84 1443897
186.867 1440897
186.894 1443897
186.919 1440897
186.945 1443897
186.971 1440897
186.998 1443897
187.022 1440897
187.049 1443897
187.074 1440897
187.099 1443897
187.127 1440897
187.152 1443897
187.178 1440897
187.203 1443897
187.229 1440897
187.255 725046
187.281 728046
187.306 725046
187.332 728046
187.357 725046
187.384 728046
187.41 725046
187.435 728046
187.461 725046
187.489 728046
187.514 725046
187.539 728046
187.565 725046
187.59 728046
187.617 725046
187.642 728046
187.668 725046
187.694 728046
187.721 725046
187.746 728046
187.772 725046
187.798 728046
187.823 725046
187.85 728046
187.876 725046
187.901 728046
187.927 725046
187.954 728046
187.978 725046
188.004 728046
188.03 725046
188.057 728046
188.082 725046
188.109 728046
188.134 725046
188.159 728046
188.185 725046
188.211 728046
188.237 725046
188.262 728046
188.29 725046
188.314 728046
188.34 725046
188.368 728046
188.392 725046
188.419 728046
188.443 725046
188.469 728046
188.496 725046
188.521 728046
188.547 725046
188.572 728046
188.599 725046
188.625 728046
188.65 725046
188.676 728046
188.701 725046
188.728 728046
188.754 725046
188.779 728046
188.805 725046
188.83 728046
188.857 725046
188.882 728046
188.908 725046
188.934 728046
188.96 725046
188.986 728046
189.012 725046
189.037 728046
189.064 725046
189.089 728046
189.115 725046
189.141 728046
189.167 725046
189.193 728046
189.218 725046
189.245 728046
189.271 725046
189.296 728046
189.322 725046
189.347 728046
189.374 725046
189.4 728046
189.426 725046
189.451 728046
189.478 725046
189.503 728046
189.529 725046
189.555 728046
189.58 725046
189.607 728046
189.632 725046
189.658 728046
189.683 725046
189.71 728046
189.736 725046
189.761 728046
189.787 725046
189.812 728046
189.839 725046
189.865 728046
189.89 725046
189.916 728046
189.941 725046
189.968 728046
189.993 725046
190.019 728046
190.044 725046
190.07 728046
190.096 725046
190.122 728046
190.148 725046
190.173 728046
190.2 725046
190.225 728046
190.252 725046
190.278 728046
190.303 725046
190.329 728046
190.354 725046
190.381 728046
190.407 725046
190.432 728046
190.458 725046
190.483 728046
190.51 725046
190.536 728046
190.561 725046
190.587 728046
190.612 725046
190.639 728046
190.664 725046
190.69 728046
190.716 725046
190.742 728046
190.768 725046
190.794 728046
190.819 725046
190.846 728046
190.871 725046
190.896 728046
190.922 725046
190.948 728046
190.973 725046
191 728046
191.025 725046
191.051 728046
191.077 725046
191.103 728046
191.129 725046
191.155 728046
191.181 725046
191.206 728046
191.232 725046
191.258 728046
191.284 725046
191.31 728046
191.336 725046
191.361 728046
191.388 725046
191.413 728046
191.439 725046
191.465 728046
191.49 725046
191.517 728046
191.542 725046
191.568 728046
191.593 725046
191.619 728046
191.646 725046
191.671 728046
191.697 725046
191.722 728046
191.749 725046
191.775 728046
191.8 725046
191.826 728046
191.851 725046
191.878 728046
191.904 725046
191.929 728046
191.955 725046
191.98 728046
192.007 725046
192.032 728046
192.059 725046
192.084 728046
192.109 725046
192.136 728046
192.161 725046
192.187 728046
192.212 725046
192.239 728046
192.265 725046
192.29 728046
192.316 725046
192.343 728046
192.368 725046
192.393 728046
192.42 725046
192.445 728046
192.47 725046
192.497 728046
192.523 725046
192.548 728046
192.574 725046
192.601 728046
192.627 725046
192.652 728046
192.677 725046
192.703 728046
192.73 725046
192.755 728046
192.781 725046
192.806 728046
192.833 725046
192.858 728046
192.884 725046
192.91 728046
192.935 725046
192.962 728046
192.987 725046
193.013 728046
193.039 725046
193.064 728046
193.091 725046
193.116 728046
193.142 725046
193.168 728046
193.194 725046
193.22 728046
193.245 725046
193.271 728046
193.297 725046
193.323 728046
193.349 725046
193.375 728046
193.4 725046
193.427 728046
193.453 731046
193.478 734046
193.503 737046
193.529 740046
193.556 743046
193.581 746046
193.607 749046
193.632 752046
193.846 753546
195.966 755046
198.085 756546
200.032 751470
200.058 749790
200.086 745717
