0.0 0
0.0905768 340
0.0905768 340
0.18279 680
0.276537 1020
0.370283 1360
0.462454 1700
0.465606 2040
0.5562 2380
0.559352 2720
0.562504 3060
0.649946 3400
0.653098 3740
0.65625 4080
0.659402 4420
0.742117 4760
0.745269 5100
0.748421 5440
0.751573 5780
0.754725 6120
0.757877 6460
0.834287 6800
0.837439 7140
0.840591 7480
0.843743 7820
0.846895 8160
0.850047 8500
0.853199 8840
0.856351 9180
0.859503 9520
0.926458 9860
0.92961 10200
0.932762 10540
0.935914 10880
0.939066 11220
0.942218 11560
0.94537 11900
0.948522 12240
0.951674 12580
0.954826 12920
0.957978 13260
0.96113 13600
0.964282 13940
0.967434 14280
1.0202 14620
1.02336 14960
1.02651 15300
1.02966 15640
1.03281 15980
1.03596 16320
1.03912 16660
1.04227 17000
1.04542 17340
1.04857 17680
1.05172 18020
1.05488 18360
1.05803 18700
1.06118 19040
1.06433 19380
1.06748 19720
1.07064 20060
1.07379 20400
1.07694 20740
1.08009 21080
1.08324 21420
1.11395 21760
1.1171 22100
1.12025 22440
1.12341 22780
1.12656 23120
1.12971 23460
1.13286 23800
1.13601 24140
1.13917 24480
1.14232 24820
1.14547 25160
1.14862 25500
1.15177 25840
1.15493 26180
1.15808 26520
1.16123 26860
1.16438 27200
1.16753 27540
1.17069 27880
1.17384 28220
1.17699 28560
1.18014 28900
1.18329 29240
1.18645 29580
1.1896 29920
1.19275 30260
1.1959 30600
1.19905 30940
1.20221 31280
1.20536 31620
1.20851 31960
1.21166 32300
1.21481 32640
1.21797 32980
1.22112 33320
1.22427 33660
1.22742 34000
1.23057 34340
1.23373 34680
1.23688 35020
1.24003 35360
1.24318 35700
1.24633 36040
1.24949 36380
1.25264 36720
1.25579 37060
1.25894 37400
1.26209 37740
1.26525 38080
1.2684 38420
1.27155 38760
1.2747 39100
1.27785 39440
1.28101 39780
1.28416 40120
1.28731 40460
1.29046 40800
1.29361 41140
1.29677 41480
1.29992 41820
1.30307 42160
1.30622 42500
1.30937 42840
1.31253 43180
1.31568 43520
1.31883 43860
1.32198 44200
1.32513 44540
1.32829 44880
1.33144 45220
1.33459 45560
1.33774 45900
1.34089 46240
1.34405 46580
1.3472 46920
1.35035 47260
1.3535 47600
1.35665 47940
1.35981 48280
1.36296 48620
1.36611 48960
1.36926 49300
1.37241 49640
1.37557 49980
1.37872 50320
1.38187 50660
1.38502 51000
1.38817 51340
1.39133 51680
1.39448 52020
1.39763 52360
1.40078 52700
1.40393 53040
1.40709 53380
1.41024 53720
1.41339 54060
1.41654 54400
1.41969 54740
1.42285 55080
1.426 55420
1.42915 55760
1.4323 56100
1.43545 56440
1.43861 56780
1.44176 57120
1.44491 57460
1.44806 57800
1.45121 58140
1.45437 58480
1.45752 58820
1.46067 59160
1.46382 59500
1.46697 59840
1.47013 60180
1.47328 60520
1.47643 60860
1.47958 61200
1.48273 61540
1.48589 61880
1.48904 62220
1.49219 62560
1.49534 62900
1.49849 63240
1.50165 63580
1.5048 63920
1.50795 64260
1.5111 64600
1.51425 64940
1.51741 65280
1.52056 65620
1.52371 65960
1.52686 66300
1.53001 66640
1.53317 66980
1.53632 67320
1.53947 67660
1.54262 68000
1.54577 68340
1.54893 68680
1.55208 69020
1.55523 69360
1.55838 69700
1.56153 70040
1.56469 70380
1.56784 70720
1.57099 71060
1.57414 71400
1.57729 71740
1.58045 72080
1.5836 72420
1.58675 72760
1.5899 73100
1.59305 73440
1.59621 73780
1.59936 74120
1.60251 74460
1.60566 74800
1.60881 75140
1.61197 75480
1.61512 75820
1.61827 76160
1.62142 76500
1.62457 76840
1.62773 77180
1.63088 77520
1.63403 77860
1.63718 78200
1.64033 78540
1.64349 78880
1.64664 79220
1.64979 79560
1.65294 79900
1.65609 80240
1.65925 80580
1.6624 80920
1.66555 81260
1.6687 81600
1.67185 81940
1.67501 82280
1.67816 82620
1.68131 82960
1.68446 83300
1.68761 83640
1.69077 83980
1.69392 84320
1.69707 84660
1.70022 85000
1.70337 85340
1.70653 85680
1.70968 86020
1.71283 86360
1.71598 86700
1.71913 87040
1.72229 87380
1.72544 87720
1.72859 88060
1.73174 88400
1.73489 88740
1.73805 89080
1.7412 89420
1.74435 89760
1.7475 90100
1.75065 90440
1.75381 90780
1.75696 91120
1.76011 91460
1.76326 91800
1.76641 92140
1.76957 92480
1.77272 92820
1.77587 93160
1.77902 93500
1.78217 93840
1.78533 94180
1.78848 94520
1.79163 94860
1.79478 95200
1.79793 95540
1.80109 95880
1.80424 96220
1.80739 96560
1.81054 96900
1.81369 97240
1.81685 97580
1.82 97920
1.82315 98260
1.8263 98600
1.82945 98940
1.83261 99280
1.83576 99620
1.83891 99960
1.84206 100300
1.84521 100640
1.84837 100980
1.85152 101320
1.85467 101660
1.85782 102000
1.86097 102340
1.86413 102680
1.86728 103020
1.87043 103360
1.87358 103700
1.87673 104040
1.87989 104380
1.88304 104720
1.88619 105060
1.88934 105400
1.89249 105740
1.89565 106080
1.8988 106420
1.90195 106760
1.9051 107100
1.90825 107440
1.91141 107780
1.91456 108120
1.91771 108460
1.92086 108800
1.92401 109140
1.92717 109480
1.93197 109480
1.93197 54400
2.73565 54403
2.74046 54403
2.74046 27030
3.03194 27035
3.03509 27040
3.03825 27045
3.0414 27050
3.04455 27055
3.0477 27060
3.05085 27065
3.05401 27070
3.05716 27075
3.06031 27080
3.06346 27085
3.06661 27090
3.06977 27095
3.07449 27100
3.07765 27105
3.0808 27110
3.08395 27115
3.0871 27120
3.09025 27125
3.09341 27130
3.09656 27135
3.09971 27140
3.10286 27145
3.10601 27150
3.10917 27155
3.11232 27160
3.11547 27165
3.11862 27170
3.12177 27175
3.12493 27180
3.12808 27185
3.13123 27190
3.13438 27195
3.13753 27200
3.14069 27205
3.14384 27210
3.14699 27215
3.15014 27220
3.15329 27225
3.15645 27230
3.1596 27235
3.16275 27240
3.1659 27245
3.16905 27250
3.17221 27255
3.17536 27260
3.17851 27265
3.18166 27270
3.18481 27275
3.18797 27280
3.19112 27285
3.19427 27290
3.19742 27295
3.20057 27300
3.20373 27305
3.20688 27310
3.21003 27315
3.21318 27320
3.21633 27325
3.21949 27330
3.22264 27335
3.22579 27340
3.22894 27345
3.23209 27350
3.23525 27355
3.2384 27360
3.24155 27365
3.2447 27370
3.24785 27375
3.25101 27380
3.25416 27385
3.25731 27390
3.26046 27395
3.26361 27400
3.26677 27405
3.26992 27410
3.27307 27415
3.27622 27420
3.27937 27425
3.28252 27430
3.28568 27435
3.28883 27440
3.29198 27445
3.29513 27450
3.29828 27455
3.30144 27460
3.30459 27465
3.30774 27470
3.31089 27475
3.31404 27480
3.3172 27485
3.32035 27490
3.3235 27495
3.32665 27500
3.3298 27505
3.33296 27510
3.33611 27515
3.33926 27520
3.34241 27525
3.34556 27530
3.34872 27535
3.35187 27540
3.35502 27545
3.35817 27550
3.36132 27555
3.36448 27560
3.36763 27565
3.37078 27570
3.37393 27575
3.37708 27580
3.38024 27585
3.38339 27590
3.38654 27595
3.38969 27600
3.39284 27605
3.396 27610
3.39915 27615
3.4023 27620
3.40545 27625
3.4086 27630
3.41176 27635
3.41491 27640
3.41806 27645
3.42121 27650
3.42436 27655
3.42752 27660
3.43067 27665
3.43382 27670
3.43697 27675
3.44012 27680
3.44328 27685
3.44643 27690
3.44958 27695
3.45273 27700
3.45588 27705
3.45904 27710
3.46219 27715
3.46534 27720
3.46849 27725
3.47164 27730
3.4748 27735
3.47795 27740
3.4811 27745
3.48425 27750
3.4874 27755
3.49056 27760
3.49371 27765
3.49686 27770
3.50001 27775
3.50316 27780
3.50632 27785
3.50947 27790
3.51262 27795
3.51577 27800
3.51892 27805
3.52208 27810
3.52523 27815
3.52838 27820
3.53153 27825
3.53468 27830
3.53784 27835
3.54099 27840
3.54414 27845
3.54729 27850
3.55044 27855
3.5536 27860
3.55675 27865
3.5599 27870
3.56305 27875
3.5662 27880
3.56936 27885
3.57251 27890
3.57566 27895
3.57881 27900
3.58196 27905
3.58512 27910
3.58827 27915
3.59142 27920
3.59457 27925
3.59772 27930
3.60088 27935
3.60403 27940
3.60718 27945
3.61033 27950
3.61348 27955
3.61664 27960
3.61979 27965
3.62294 27970
3.62609 27975
3.62924 27980
3.6324 27985
3.63555 27990
3.6387 27995
3.64185 28000
3.645 28005
3.64816 28010
3.65131 28015
3.65446 28020
3.65761 28025
3.66076 28030
3.66392 28035
3.66707 28040
3.67022 28045
3.67337 28050
3.67652 28055
3.67968 28060
3.68283 28065
3.68598 28070
3.68913 28075
3.69228 28080
3.69544 28085
3.69859 28090
3.70174 28095
3.70489 28100
3.70804 28105
3.7112 28110
3.71435 28115
3.7175 28120
3.72065 28125
3.7238 28130
3.72696 28135
3.73011 28140
3.73326 28145
3.73641 28150
3.73956 28155
3.74272 28160
3.74587 28165
3.74902 28170
3.75217 28175
3.75532 28180
3.75848 28185
3.76163 28190
3.76478 28195
3.76793 28200
3.77108 28205
3.77424 28210
3.77739 28215
3.78054 28220
3.78369 28225
3.78684 28230
3.79 28235
3.79315 28240
3.7963 28245
3.79945 28250
3.8026 28255
3.80576 28260
3.80891 28265
3.81206 28270
3.81521 28275
3.81836 28280
3.82152 28285
3.82467 28290
3.82782 28295
3.83097 28300
3.83412 28306
3.83728 28312
3.84043 28318
3.84358 28324
3.84673 28330
3.84988 28336
3.85304 28342
3.85619 28348
3.85934 28354
3.86249 28360
3.86564 28366
3.8688 28372
3.87195 28378
3.8751 28384
3.87825 28390
3.8814 28396
3.88456 28402
3.88771 28408
3.89086 28414
3.89401 28420
3.89716 28426
3.90032 28432
3.90347 28438
3.90662 28444
3.90977 28450
3.91292 28456
3.91608 28462
3.91923 28468
3.92238 28474
3.92553 28480
3.92868 28486
3.93184 28492
3.93499 28499
3.93814 28506
3.94129 28513
3.94444 28520
3.9476 28527
3.95075 28534
3.9539 28541
3.95705 28548
3.9602 28555
3.96336 28562
3.96651 28569
3.96966 28576
3.97281 28583
3.97596 28590
3.97912 28597
3.98227 28604
3.98542 28611
3.98857 28618
3.99172 28625
3.99488 28632
3.99803 28639
4.00118 28646
4.00433 28653
4.00748 28660
4.01064 28667
4.01379 28674
4.01694 28681
4.02009 28688
4.02324 28695
4.0264 28702
4.02955 28709
4.0327 28716
4.03585 28724
4.039 28732
4.04216 28740
4.04531 28748
4.04846 28756
4.05161 28764
4.05476 28772
4.05792 28780
4.06107 28788
4.06422 28796
4.06737 28804
4.07052 28812
4.07368 28820
4.07683 28828
4.07998 28836
4.08313 28844
4.08628 28852
4.08944 28860
4.09259 28868
4.09574 28876
4.09889 28884
4.10204 28892
4.1052 28900
4.10835 28908
4.1115 28916
4.11465 28924
4.1178 28932
4.12096 28940
4.12411 28948
4.12726 28956
4.13041 28964
4.13356 28972
4.13672 28980
4.13987 28989
4.14302 28998
4.14617 29007
4.14932 29016
4.15248 29025
4.15563 29034
4.15878 29043
4.16193 29052
4.16508 29061
4.16824 29070
4.17139 29079
4.17454 29088
4.17769 29097
4.18084 29106
4.184 29115
4.18715 29124
4.1903 29133
4.19345 29142
4.1966 29151
4.19976 29160
4.20291 29169
4.20606 29178
4.20921 29187
4.21236 29196
4.21552 29205
4.21867 29214
4.22182 29223
4.22497 29232
4.22812 29241
4.23128 29250
4.23443 29259
4.23758 29268
4.24073 29278
4.24388 29288
4.24704 29298
4.25019 29308
4.25334 29318
4.25649 29328
4.25964 29338
4.2628 29348
4.26595 29358
4.2691 29368
4.27225 29378
4.2754 29388
4.27856 29398
4.28171 29408
4.28486 29418
4.28801 29428
4.29116 29438
4.29432 29448
4.29747 29458
4.30062 29468
4.30377 29478
4.30692 29488
4.31008 29498
4.31323 29508
4.31638 29518
4.31953 29528
4.32268 29538
4.32584 29548
4.32899 29558
4.33214 29568
4.33529 29578
4.33844 29588
4.3416 29599
4.34475 29610
4.3479 29621
4.35105 29632
4.3542 29643
4.35736 29654
4.36051 29665
4.36366 29676
4.36681 29687
4.36996 29698
4.37312 29709
4.37627 29720
4.37942 29731
4.38257 29742
4.38572 29753
4.38888 29764
4.39203 29775
4.39518 29786
4.39833 29797
4.40148 29808
4.40464 29819
4.40779 29830
4.41094 29841
4.41409 29852
4.41724 29863
4.4204 29874
4.42355 29885
4.4267 29896
4.42985 29907
4.433 29918
4.43616 29929
4.43931 29940
4.44246 29952
4.44561 29964
4.44876 29976
4.45192 29988
4.45507 30000
4.45822 30012
4.46137 30024
4.46452 30036
4.46768 30048
4.47083 30060
4.47398 30072
4.47713 30084
4.48028 30096
4.48344 30108
4.48659 30120
4.48974 30132
4.49289 30144
4.49604 30156
4.4992 30168
4.50235 30180
4.5055 30192
4.50865 30204
4.5118 30216
4.51496 30228
4.51811 30240
4.52126 30252
4.52441 30264
4.52756 30276
4.53072 30288
4.53387 30300
4.53702 30312
4.54017 30324
4.54332 30337
4.54648 30350
4.54963 30363
4.55278 30376
4.55593 30389
4.55908 30402
4.56224 30415
4.56539 30428
4.56854 30441
4.57169 30454
4.57484 30467
4.578 30480
4.58115 30493
4.5843 30506
4.58745 30519
4.5906 30532
4.59376 30545
4.59691 30558
4.60006 30571
4.60321 30584
4.60636 30597
4.60952 30610
4.61267 30623
4.61582 30636
4.61897 30649
4.62212 30662
4.62528 30675
4.62843 30688
4.63158 30701
4.63473 30714
4.63788 30727
4.64104 30740
4.64419 30754
4.64734 30768
4.65049 30782
4.65364 30796
4.6568 30810
4.65995 30824
4.6631 30838
4.66625 30852
4.6694 30866
4.67256 30880
4.67571 30894
4.67886 30908
4.68201 30922
4.68516 30936
4.68832 30950
4.69147 30964
4.69462 30978
4.69777 30992
4.70092 31006
4.70408 31020
4.70723 31034
4.71038 31048
4.71353 31062
4.71668 31076
4.71984 31090
4.72299 31104
4.72614 31118
4.72929 31132
4.73244 31146
4.7356 31160
4.73875 31174
4.7419 31188
4.74505 31203
4.7482 31218
4.75136 31233
4.75451 31248
4.75766 31263
4.76081 31278
4.76396 31293
4.76712 31308
4.77027 31323
4.77342 31338
4.77657 31353
4.77972 31368
4.78288 31383
4.78603 31398
4.78918 31413
4.79233 31428
4.79548 31443
4.79864 31458
4.80179 31473
4.80494 31488
4.80809 31503
4.81124 31518
4.8144 31533
4.81755 31548
4.8207 31563
4.82385 31578
4.827 31593
4.83016 31608
4.83331 31623
4.83646 31638
4.83961 31653
4.84276 31668
4.84592 31684
4.84907 31700
4.85222 31716
4.85537 31732
4.85852 31748
4.86168 31764
4.86483 31780
4.86798 31796
4.87113 31812
4.87428 31828
4.87744 31844
4.88059 31860
4.88374 31876
4.88689 31892
4.89004 31908
4.8932 31924
4.89635 31940
4.8995 31956
4.90265 31972
4.9058 31988
4.90896 32004
4.91211 32020
4.91526 32036
4.91841 32052
4.92156 32068
4.92472 32084
4.92787 32100
4.93102 32116
4.93417 32132
4.93732 32148
4.94048 32164
4.94363 32180
4.94678 32197
4.94993 32214
4.95308 32231
4.95624 32248
4.95939 32265
4.96254 32282
4.96569 32299
4.96884 32316
4.972 32333
4.97515 32350
4.9783 32367
4.98145 32384
4.9846 32401
4.98776 32418
4.99091 32435
4.99406 32452
4.99721 32469
5.00036 32486
5.00352 32503
5.00667 32520
5.00982 32537
5.01297 32554
5.01612 32571
5.01928 32588
5.02243 32605
5.02558 32622
5.02873 32639
5.03188 32656
5.03504 32673
5.03819 32690
5.04134 32707
5.04449 32724
5.04764 32742
5.0508 32760
5.05395 32778
5.0571 32796
5.06025 32814
5.0634 32832
5.06656 32850
5.06971 32868
5.07286 32886
5.07601 32904
5.07916 32922
5.08232 32940
5.08547 32958
5.08862 32976
5.09177 32994
5.09492 33012
5.09808 33030
5.10123 33048
5.10438 33066
5.10753 33084
5.11068 33102
5.11384 33120
5.11699 33138
5.12014 33156
5.12329 33174
5.12644 33192
5.1296 33210
5.13275 33228
5.1359 33246
5.13905 33264
5.1422 33282
5.14536 33301
5.14851 33320
5.15166 33339
5.15481 33358
5.15796 33377
5.16112 33396
5.16427 33415
5.16742 33434
5.17057 33453
5.17372 33472
5.17688 33491
5.18003 33510
5.18318 33529
5.18633 33548
5.18948 33567
5.19264 33586
5.19579 33605
5.19894 33624
5.20209 33643
5.20524 33662
5.2084 33681
5.21155 33700
5.2147 33719
5.21785 33738
5.221 33757
5.22416 33776
5.22731 33795
5.23046 33814
5.23361 33833
5.23676 33852
5.23992 33871
5.24307 33891
5.24622 33911
5.24937 33931
5.25252 33951
5.25568 33971
5.25883 33991
5.26198 34011
5.26513 34031
5.26828 34051
5.27144 34071
5.27459 34091
5.27774 34111
5.28089 34131
5.28404 34151
5.2872 34171
5.29035 34191
5.2935 34211
5.29665 34231
5.2998 34251
5.30296 34271
5.30611 34291
5.30926 34311
5.31241 34331
5.31556 34351
5.31872 34371
5.32187 34391
5.32502 34411
5.32817 34431
5.33132 34451
5.33448 34471
5.33763 34491
5.34078 34511
5.34393 34532
5.34708 34553
5.35024 34574
5.35339 34595
5.35654 34616
5.35969 34637
5.36284 34658
5.366 34679
5.36915 34700
5.3723 34721
5.37545 34742
5.3786 34763
5.38176 34784
5.38491 34805
5.38806 34826
5.39121 34847
5.39436 34868
5.39752 34889
5.40067 34910
5.40382 34931
5.40697 34952
5.41012 34973
5.41328 34994
5.41643 35015
5.41958 35036
5.42273 35057
5.42588 35078
5.42904 35099
5.43219 35120
5.43534 35141
5.43849 35162
5.44164 35184
5.4448 35206
5.44795 35228
5.4511 35250
5.45425 35272
5.4574 35294
5.46056 35316
5.46371 35338
5.46686 35360
5.47001 35382
5.47316 35404
5.47632 35426
5.47947 35448
5.48262 35470
5.48577 35492
5.48892 35514
5.49208 35536
5.49523 35558
5.49838 35580
5.50153 35602
5.50468 35624
5.50784 35646
5.51099 35668
5.51414 35690
5.51729 35712
5.52044 35734
5.5236 35756
5.52675 35778
5.5299 35800
5.53305 35822
5.5362 35844
5.53936 35867
5.54251 35890
5.54566 35913
5.54881 35936
5.55196 35959
5.55512 35982
5.55827 36005
5.56142 36028
5.56457 36051
5.56772 36074
5.57088 36097
5.57403 36120
5.57718 36143
5.58033 36166
5.58348 36189
5.58664 36212
5.58979 36235
5.59294 36258
5.59609 36281
5.59924 36304
5.6024 36327
5.60555 36350
5.6087 36373
5.61185 36396
5.615 36419
5.61816 36442
5.62131 36465
5.62446 36488
5.62761 36511
5.63076 36534
5.63392 36557
5.63707 36581
5.64022 36605
5.64337 36629
5.64652 36653
5.64968 36677
5.65283 36701
5.65598 36725
5.65913 36749
5.66228 36773
5.66544 36797
5.66859 36821
5.67174 36845
5.67489 36869
5.67804 36893
5.6812 36917
5.68435 36941
5.6875 36965
5.69065 36989
5.6938 37013
5.69696 37037
5.70011 37061
5.70326 37085
5.70641 37109
5.70956 37133
5.71272 37157
5.71587 37181
5.71902 37205
5.72217 37229
5.72532 37253
5.72848 37277
5.73163 37302
5.73478 37327
5.73793 37352
5.74108 37377
5.74424 37402
5.74739 37427
5.75054 37452
5.75369 37477
5.75684 37502
5.76 37527
5.76315 37552
5.7663 37577
5.76945 37602
5.7726 37627
5.77576 37652
5.77891 37677
5.78206 37702
5.78521 37727
5.78836 37752
5.79152 37777
5.79467 37802
5.79782 37827
5.80097 37852
5.80412 37877
5.80728 37902
5.81043 37927
5.81358 37952
5.81673 37977
5.81988 38002
5.82304 38027
5.82619 38052
5.82934 38078
5.83249 38104
5.83564 38130
5.8388 38156
5.84195 38182
5.8451 38208
5.84825 38234
5.8514 38260
5.85456 38286
5.85771 38312
5.86086 38338
5.86401 38364
5.86716 38390
5.87032 38416
5.87347 38442
5.87662 38468
5.87977 38494
5.88292 38520
5.88608 38546
5.88923 38572
5.89238 38598
5.89553 38624
5.89868 38650
5.90184 38676
5.90499 38702
5.90814 38728
5.91129 38754
5.91444 38780
5.9176 38806
5.92075 38832
5.9239 38859
5.92705 38886
5.9302 38913
5.93336 38940
5.93651 38967
5.93966 38994
5.94281 39021
5.94596 39048
5.94912 39075
5.95227 39102
5.95542 39129
5.95857 39156
5.96172 39183
5.96488 39210
5.96803 39237
5.97118 39264
5.97433 39291
5.97748 39318
5.98064 39345
5.98379 39372
5.98694 39399
5.99009 39426
5.99324 39453
5.9964 39480
5.99955 39507
6.0027 39534
6.00585 39561
6.009 39588
6.01216 39615
6.01531 39642
6.01846 39669
6.02161 39697
6.02476 39725
6.02792 39753
6.03107 39781
6.03422 39809
6.03737 39837
6.04052 39865
6.04368 39893
6.04683 39921
6.04998 39949
6.05313 39977
6.05628 40005
6.05944 40033
6.06259 40061
6.06574 40089
6.06889 40117
6.07204 40145
6.0752 40173
6.07835 40201
6.0815 40229
6.08465 40257
6.0878 40285
6.09096 40313
6.09411 40341
6.09726 40369
6.10041 40397
6.10356 40425
6.10672 40453
6.10987 40481
6.11302 40509
6.11617 40538
6.11932 40567
6.12248 40596
6.12563 40625
6.12878 40654
6.13193 40683
6.13508 40712
6.13824 40741
6.14139 40770
6.14454 40799
6.14769 40828
6.15084 40857
6.154 40886
6.15715 40915
6.1603 40944
6.16345 40973
6.1666 41002
6.16976 41031
6.17291 41060
6.17606 41089
6.17921 41118
6.18236 41147
6.18552 41176
6.18867 41205
6.19182 41234
6.19497 41263
6.19812 41292
6.20128 41321
6.20443 41350
6.20758 41379
6.21073 41409
6.21388 41439
6.21704 41469
6.22019 41499
6.22334 41529
6.22649 41559
6.22964 41589
6.2328 41619
6.23595 41649
6.2391 41679
6.24225 41709
6.2454 41739
6.24856 41769
6.25171 41799
6.25486 41829
6.25801 41859
6.26116 41889
6.26432 41919
6.26747 41949
6.27062 41979
6.27377 42009
6.27692 42039
6.28008 42069
6.28323 42099
6.28638 42129
6.28953 42159
6.29268 42189
6.29584 42219
6.29899 42249
6.30214 42279
6.30529 42310
6.30844 42341
6.3116 42372
6.31475 42403
6.3179 42434
6.32105 42465
6.3242 42496
6.32736 42527
6.33051 42558
6.33366 42589
6.33681 42620
6.33996 42651
6.34312 42682
6.34627 42713
6.34942 42744
6.35257 42775
6.35572 42806
6.35888 42837
6.36203 42868
6.36518 42899
6.36833 42930
6.37148 42961
6.37464 42992
6.37779 43023
6.38094 43054
6.38409 43085
6.38724 43116
6.3904 43147
6.39355 43178
6.3967 43210
6.39985 43242
6.403 43274
6.40616 43306
6.40931 43338
6.41246 43370
6.41561 43402
6.41876 43434
6.42192 43466
6.42507 43498
6.42822 43530
6.43137 43562
6.43452 43594
6.43767 43626
6.44083 43658
6.44398 43690
6.44713 43722
6.45028 43754
6.45343 43786
6.45659 43818
6.45974 43850
6.46289 43882
6.46604 43914
6.46919 43946
6.47235 43978
6.4755 44010
6.47865 44042
6.4818 44074
6.48495 44106
6.48811 44138
6.49126 44171
6.49441 44204
6.49756 44237
6.50071 44270
6.50387 44303
6.50702 44336
6.51017 44369
6.51332 44402
6.51647 44435
6.51963 44468
6.52278 44501
6.52593 44534
6.52908 44567
6.53223 44600
6.53539 44633
6.53854 44666
6.54169 44699
6.54484 44732
6.54799 44765
6.55115 44798
6.5543 44831
6.55745 44864
6.5606 44897
6.56375 44930
6.56691 44963
6.57006 44996
6.57321 45029
6.57636 45062
6.57951 45095
6.58267 45129
6.58582 45163
6.58897 45197
6.59212 45231
6.59527 45265
6.59843 45299
6.60158 45333
6.60473 45367
6.60788 45401
6.61103 45435
6.61419 45469
6.61734 45503
6.62049 45537
6.62364 45571
6.62679 45605
6.62995 45639
6.6331 45673
6.63625 45707
6.6394 45741
6.64255 45775
6.64571 45809
6.64886 45843
6.65201 45877
6.65516 45911
6.65831 45945
6.66147 45979
6.66462 46013
6.66777 46047
6.67092 46081
6.67407 46115
6.67723 46150
6.68038 46185
6.68353 46220
6.68668 46255
6.68983 46290
6.69299 46325
6.69614 46360
6.69929 46395
6.70244 46430
6.70559 46465
6.70875 46500
6.7119 46535
6.71505 46570
6.7182 46605
6.72135 46640
6.72451 46675
6.72766 46710
6.73081 46745
6.73396 46780
6.73711 46815
6.74027 46850
6.74342 46885
6.74657 46920
6.74972 46955
6.75287 46990
6.75603 47025
6.75918 47060
6.76233 47095
6.76548 47130
6.76863 47166
6.77179 47202
6.77494 47238
6.77809 47274
6.78124 47310
6.78439 47346
6.78755 47382
6.7907 47418
6.79385 47454
6.797 47490
6.80015 47526
6.80331 47562
6.80646 47598
6.80961 47634
6.81276 47670
6.81591 47706
6.81907 47742
6.82222 47778
6.82537 47814
6.82852 47850
6.83167 47886
6.83483 47922
6.83798 47958
6.84113 47994
6.84428 48030
6.84743 48066
6.85059 48102
6.85374 48138
6.85689 48174
6.86004 48211
6.86319 48248
6.86635 48285
6.8695 48322
6.87265 48359
6.8758 48396
6.87895 48433
6.88211 48470
6.88526 48507
6.88841 48544
6.89156 48581
6.89471 48618
6.89787 48655
6.90102 48692
6.90417 48729
6.90732 48766
6.91047 48803
6.91363 48840
6.91678 48877
6.91993 48914
6.92308 48951
6.92623 48988
6.92939 49025
6.93254 49062
6.93569 49099
6.93884 49136
6.94199 49173
6.94515 49210
6.9483 49248
6.95145 49286
6.9546 49324
6.95775 49362
6.96091 49400
6.96406 49438
6.96721 49476
6.97036 49514
6.97351 49552
6.97667 49590
6.97982 49628
6.98297 49666
6.98612 49704
6.98927 49742
6.99243 49780
6.99558 49818
6.99873 49856
7.00188 49894
7.00503 49932
7.00819 49970
7.01134 50008
7.01449 50046
7.01764 50084
7.02079 50122
7.02395 50160
7.0271 50198
7.03025 50236
7.0334 50274
7.03655 50312
7.03971 50351
7.04286 50390
7.04601 50429
7.04916 50468
7.05231 50507
7.05547 50546
7.05862 50585
7.06177 50624
7.06492 50663
7.06807 50702
7.07123 50741
7.07438 50780
7.07753 50819
7.08068 50858
7.08383 50897
7.08699 50936
7.09014 50975
7.09329 51014
7.09644 51053
7.09959 51092
7.10275 51131
7.1059 51170
7.10905 51209
7.1122 51248
7.11535 51287
7.11851 51326
7.12166 51365
7.12481 51404
7.12796 51443
7.13111 51483
7.13427 51523
7.13742 51563
7.14057 51603
7.14372 51643
7.14687 51683
7.15003 51723
7.15318 51763
7.15633 51803
7.15948 51843
7.16263 51883
7.16579 51923
7.16894 51963
7.17209 52003
7.17524 52043
7.17839 52083
7.18155 52123
7.1847 52163
7.18785 52203
7.191 52243
7.19415 52283
7.19731 52323
7.20046 52363
7.20361 52403
7.20676 52443
7.20991 52483
7.21307 52523
7.21622 52563
7.21937 52604
7.22252 52645
7.22567 52686
7.22883 52727
7.23198 52768
7.23513 52809
7.23828 52850
7.24143 52891
7.24459 52932
7.24774 52973
7.25089 53014
7.25404 53055
7.25719 53096
7.26035 53137
7.2635 53178
7.26665 53219
7.2698 53260
7.27295 53301
7.27611 53342
7.27926 53383
7.28241 53424
7.28556 53465
7.28871 53506
7.29187 53547
7.29502 53588
7.29817 53629
7.30132 53670
7.30447 53711
7.30763 53753
7.31078 53795
7.31393 53837
7.31708 53879
7.32023 53921
7.32339 53963
7.32654 54005
7.32969 54047
7.33284 54089
7.33599 54131
7.33915 54173
7.3423 54215
7.34545 54257
7.3486 54299
7.35175 54341
7.35491 54383
7.35806 54425
7.36121 54467
7.36436 54509
7.36751 54551
7.37067 54593
7.37382 54635
7.37697 54677
7.38012 54719
7.38327 54761
7.38643 54803
7.38958 54845
7.39273 54887
7.39588 54930
7.39903 54973
7.40219 55016
7.40534 55059
7.40849 55102
7.41164 55145
7.41479 55188
7.41795 55231
7.4211 55274
7.42425 55317
7.4274 55360
7.43055 55403
7.43371 55446
7.43686 55489
7.44001 55532
7.44316 55575
7.44631 55618
7.44947 55661
7.45262 55704
7.45577 55747
7.45892 55790
7.46207 55833
7.46523 55876
7.46838 55919
7.47153 55962
7.47468 56005
7.47783 56048
7.48099 56091
7.48414 56135
7.48729 56179
7.49044 56223
7.49359 56267
7.49675 56311
7.4999 56355
7.50305 56399
7.5062 56443
7.50935 56487
7.51251 56531
7.51566 56575
7.51881 56619
7.52196 56663
7.52511 56707
7.52827 56751
7.53142 56795
7.53457 56839
7.53772 56883
7.54087 56927
7.54403 56971
7.54718 57015
7.55033 57059
7.55348 57103
7.55663 57147
7.55979 57191
7.56294 57235
7.56609 57279
7.56924 57323
7.57239 57368
7.57555 57413
7.5787 57458
7.58185 57503
7.585 57548
7.58815 57593
7.59131 57638
7.59446 57683
7.59761 57728
7.60076 57773
7.60391 57818
7.60707 57863
7.61022 57908
7.61337 57953
7.61652 57998
7.61967 58043
7.62283 58088
7.62598 58133
7.62913 58178
7.63228 58223
7.63543 58268
7.63859 58313
7.64174 58358
7.64489 58403
7.64804 58448
7.65119 58493
7.65435 58538
7.6575 58583
7.66065 58629
7.6638 58675
7.66695 58721
7.67011 58767
7.67326 58813
7.67641 58859
7.67956 58905
7.68271 58951
7.68587 58997
7.68902 59043
7.69217 59089
7.69532 59135
7.69847 59181
7.70163 59227
7.70478 59273
7.70793 59319
7.71108 59365
7.71423 59411
7.71739 59457
7.72054 59503
7.72369 59549
7.72684 59595
7.72999 59641
7.73315 59687
7.7363 59733
7.73945 59779
7.7426 59825
7.74575 59871
7.74891 59918
7.75206 59965
7.75521 60012
7.75836 60059
7.76151 60106
7.76467 60153
7.76782 60200
7.77097 60247
7.77412 60294
7.77727 60341
7.78043 60388
7.78358 60435
7.78673 60482
7.78988 60529
7.79303 60576
7.79619 60623
7.79934 60670
7.80249 60717
7.80564 60764
7.80879 60811
7.81195 60858
7.8151 60905
7.81825 60952
7.8214 60999
7.82455 61046
7.82771 61093
7.83086 61140
7.83401 61188
7.83716 61236
7.84031 61284
7.84347 61332
7.84662 61380
7.84977 61428
7.85292 61476
7.85607 61524
7.85923 61572
7.86238 61620
7.86553 61668
7.86868 61716
7.87183 61764
7.87499 61812
7.87814 61860
7.88129 61908
7.88444 61956
7.88759 62004
7.89075 62052
7.8939 62100
7.89705 62148
7.9002 62196
7.90335 62244
7.90651 62292
7.90966 62340
7.91281 62388
7.91596 62436
7.91911 62485
7.92227 62534
7.92542 62583
7.92857 62632
7.93172 62681
7.93487 62730
7.93803 62779
7.94118 62828
7.94433 62877
7.94748 62926
7.95063 62975
7.95379 63024
7.95694 63073
7.96009 63122
7.96324 63171
7.96639 63220
7.96955 63269
7.9727 63318
7.97585 63367
7.979 63416
7.98215 63465
7.98531 63514
7.98846 63563
7.99161 63612
7.99476 63661
7.99791 63710
8.00107 63759
8.00422 63808
8.00737 63858
8.01052 63908
8.01367 63958
8.01683 64008
8.01998 64058
8.02313 64108
8.02628 64158
8.02943 64208
8.03259 64258
8.03574 64308
8.03889 64358
8.04204 64408
8.04519 64458
8.04835 64508
8.0515 64558
8.05465 64608
8.0578 64658
8.06095 64708
8.06411 64758
8.06726 64808
8.07041 64858
8.07356 64908
8.07671 64958
8.07987 65008
8.08302 65058
8.08617 65108
8.08932 65158
8.09247 65209
8.09563 65260
8.09878 65311
8.10193 65362
8.10508 65413
8.10823 65464
8.11139 65515
8.11454 65566
8.11769 65617
8.12084 65668
8.12399 65719
8.12715 65770
8.1303 65821
8.13345 65872
8.1366 65923
8.13975 65974
8.14291 66025
8.14606 66076
8.14921 66127
8.15236 66178
8.15551 66229
8.15867 66280
8.16182 66331
8.16497 66382
8.16812 66433
8.17127 66484
8.17443 66535
8.17758 66587
8.18073 66639
8.18388 66691
8.18703 66743
8.19019 66795
8.19334 66847
8.19649 66899
8.19964 66951
8.20279 67003
8.20595 67055
8.2091 67107
8.21225 67159
8.2154 67211
8.21855 67263
8.22171 67315
8.22486 67367
8.22801 67419
8.23116 67471
8.23431 67523
8.23747 67575
8.24062 67627
8.24377 67679
8.24692 67731
8.25007 67783
8.25323 67835
8.25638 67887
8.25953 67939
8.26268 67992
8.26583 68045
8.26899 68098
8.27214 68151
8.27529 68204
8.27844 68257
8.28159 68310
8.28475 68363
8.2879 68416
8.29105 68469
8.2942 68522
8.29735 68575
8.30051 68628
8.30366 68681
8.30681 68734
8.30996 68787
8.31311 68840
8.31627 68893
8.31942 68946
8.32257 68999
8.32572 69052
8.32887 69105
8.33203 69158
8.33518 69211
8.33833 69264
8.34148 69317
8.34463 69371
8.34779 69425
8.35094 69479
8.35409 69533
8.35724 69587
8.36039 69641
8.36355 69695
8.3667 69749
8.36985 69803
8.373 69857
8.37615 69911
8.37931 69965
8.38246 70019
8.38561 70073
8.38876 70127
8.39191 70181
8.39507 70235
8.39822 70289
8.40137 70343
8.40452 70397
8.40767 70451
8.41083 70505
8.41398 70559
8.41713 70613
8.42028 70667
8.42343 70721
8.42659 70775
8.42974 70830
8.43289 70885
8.43604 70940
8.43919 70995
8.44235 71050
8.4455 71105
8.44865 71160
8.4518 71215
8.45495 71270
8.45811 71325
8.46126 71380
8.46441 71435
8.46756 71490
8.47071 71545
8.47387 71600
8.47702 71655
8.48017 71710
8.48332 71765
8.48647 71820
8.48963 71875
8.49278 71930
8.49593 71985
8.49908 72040
8.50223 72095
8.50539 72150
8.50854 72205
8.51169 72261
8.51484 72317
8.51799 72373
8.52115 72429
8.5243 72485
8.52745 72541
8.5306 72597
8.53375 72653
8.53691 72709
8.54006 72765
8.54321 72821
8.54636 72877
8.54951 72933
8.55267 72989
8.55582 73045
8.55897 73101
8.56212 73157
8.56527 73213
8.56843 73269
8.57158 73325
8.57473 73381
8.57788 73437
8.58103 73493
8.58419 73549
8.58734 73605
8.59049 73661
8.59364 73717
8.59679 73774
8.59995 73831
8.6031 73888
8.60625 73945
8.6094 74002
8.61255 74059
8.61571 74116
8.61886 74173
8.62201 74230
8.62516 74287
8.62831 74344
8.63147 74401
8.63462 74458
8.63777 74515
8.64092 74572
8.64407 74629
8.64723 74686
8.65038 74743
8.65353 74800
8.65668 74857
8.65983 74914
8.66299 74971
8.66614 75028
8.66929 75085
8.67244 75142
8.67559 75199
8.67875 75257
8.6819 75315
8.68505 75373
8.6882 75431
8.69135 75489
8.69451 75547
8.69766 75605
8.70081 75663
8.70396 75721
8.70711 75779
8.71027 75837
8.71342 75895
8.71657 75953
8.71972 76011
8.72287 76069
8.72603 76127
8.72918 76185
8.73233 76243
8.73548 76301
8.73863 76359
8.74179 76417
8.74494 76475
8.74809 76533
8.75124 76591
8.75439 76649
8.75755 76707
8.7607 76766
8.76385 76825
8.767 76884
8.77015 76943
8.77331 77002
8.77646 77061
8.77961 77120
8.78276 77179
8.78591 77238
8.78907 77297
8.79222 77356
8.79537 77415
8.79852 77474
8.80167 77533
8.80483 77592
8.80798 77651
8.81113 77710
8.81428 77769
8.81743 77828
8.82059 77887
8.82374 77946
8.82689 78005
8.83004 78064
8.83319 78123
8.83635 78182
8.8395 78241
8.84265 78301
8.8458 78361
8.84895 78421
8.85211 78481
8.85526 78541
8.85841 78601
8.86156 78661
8.86471 78721
8.86787 78781
8.87102 78841
8.87417 78901
8.87732 78961
8.88047 79021
8.88363 79081
8.88678 79141
8.88993 79201
8.89308 79261
8.89623 79321
8.901 79321
8.901 39270
9.41474 39273
9.41789 39276
9.42262 39279
9.42577 39282
9.42892 39285
9.43207 39288
9.43523 39291
9.43838 39294
9.44153 39297
9.44468 39300
9.44783 39303
9.45099 39306
9.45414 39309
9.45729 39312
9.46044 39315
9.46359 39318
9.46675 39321
9.4699 39324
9.47305 39327
9.4762 39330
9.47935 39333
9.48251 39336
9.48566 39339
9.48881 39342
9.49196 39345
9.49511 39348
9.49827 39351
9.50142 39354
9.50457 39357
9.50772 39360
9.51087 39363
9.51403 39366
9.51718 39369
9.52033 39372
9.52348 39375
9.52663 39378
9.52979 39381
9.53294 39384
9.53609 39387
9.53924 39390
9.54239 39393
9.54555 39396
9.5487 39399
9.55185 39402
9.555 39405
9.55815 39408
9.56131 39411
9.56446 39414
9.56761 39417
9.57076 39420
9.57391 39423
9.57706 39426
9.58022 39429
9.58337 39432
9.58652 39435
9.58967 39438
9.59282 39441
9.59598 39444
9.59913 39447
9.60228 39450
9.60543 39453
9.60858 39456
9.61174 39459
9.61489 39462
9.61804 39465
9.62119 39468
9.62434 39471
9.6275 39474
9.63065 39477
9.6338 39480
9.63695 39483
9.6401 39486
9.64326 39489
9.64641 39492
9.64956 39495
9.65271 39498
9.65586 39501
9.65902 39504
9.66217 39507
9.66532 39510
9.66847 39513
9.67162 39516
9.67478 39519
9.67793 39522
9.68108 39525
9.68423 39528
9.68738 39531
9.69054 39534
9.69369 39537
9.69684 39540
9.69999 39543
9.70314 39546
9.7063 39549
9.70945 39552
9.7126 39555
9.71575 39558
9.7189 39561
9.72206 39564
9.72521 39567
9.72836 39570
9.73151 39573
9.73466 39576
9.73782 39579
9.74097 39582
9.74412 39585
9.74727 39588
9.75042 39591
9.75358 39594
9.75673 39597
9.75988 39600
9.76303 39603
9.76618 39606
9.76934 39609
9.77249 39612
9.77564 39615
9.77879 39618
9.78194 39621
9.7851 39624
9.78825 39627
9.7914 39630
9.79455 39633
9.7977 39636
9.80086 39639
9.80401 39642
9.80716 39645
9.81031 39648
9.81346 39651
9.81662 39654
9.81977 39657
9.82292 39660
9.82607 39663
9.82922 39666
9.83238 39669
9.83553 39672
9.83868 39675
9.84183 39678
9.84498 39681
9.84814 39684
9.85129 39687
9.85444 39690
9.85759 39693
9.86074 39696
9.8639 39699
9.86705 39702
9.8702 39705
9.87335 39708
9.8765 39711
9.87966 39714
9.88281 39717
9.88596 39720
9.88911 39723
9.89226 39726
9.89542 39729
9.89857 39732
9.90172 39735
9.90487 39738
9.90802 39741
9.91118 39745
9.91433 39749
9.91748 39753
9.92063 39757
9.92378 39761
9.92694 39765
9.93009 39769
9.93324 39773
9.93639 39777
9.93954 39781
9.9427 39785
9.94585 39789
9.949 39793
9.95215 39797
9.9553 39801
9.95846 39805
9.96161 39809
9.96476 39813
9.96791 39817
9.97106 39821
9.97422 39825
9.97737 39829
9.98052 39833
9.98367 39837
9.98682 39841
9.98998 39845
9.99313 39849
9.99628 39853
9.99943 39857
10.0026 39861
10.0057 39865
10.0089 39869
10.012 39874
10.0152 39879
10.0183 39884
10.0215 39889
10.0246 39894
10.0278 39899
10.031 39904
10.0341 39909
10.0373 39914
10.0404 39919
10.0436 39924
10.0467 39929
10.0499 39934
10.053 39939
10.0562 39944
10.0593 39949
10.0625 39954
10.0656 39959
10.0688 39964
10.0719 39969
10.0751 39974
10.0782 39979
10.0814 39984
10.0845 39989
10.0877 39994
10.0908 39999
10.094 40004
10.0971 40009
10.1003 40014
10.1034 40019
10.1066 40024
10.1098 40029
10.1129 40035
10.1161 40041
10.1192 40047
10.1224 40053
10.1255 40059
10.1287 40065
10.1318 40071
10.135 40077
10.1381 40083
10.1413 40089
10.1444 40095
10.1476 40101
10.1507 40107
10.1539 40113
10.157 40119
10.1602 40125
10.1633 40131
10.1665 40137
10.1696 40143
10.1728 40149
10.1759 40155
10.1791 40161
10.1822 40167
10.1854 40173
10.1886 40179
10.1917 40185
10.1949 40191
10.198 40197
10.2012 40203
10.2043 40209
10.2075 40215
10.2106 40221
10.2138 40228
10.2169 40235
10.2201 40242
10.2232 40249
10.2264 40256
10.2295 40263
10.2327 40270
10.2358 40277
10.239 40284
10.2421 40291
10.2453 40298
10.2484 40305
10.2516 40312
10.2547 40319
10.2579 40326
10.261 40333
10.2642 40340
10.2674 40347
10.2705 40354
10.2737 40361
10.2768 40368
10.28 40375
10.2831 40382
10.2863 40389
10.2894 40396
10.2926 40403
10.2957 40410
10.2989 40417
10.302 40424
10.3052 40431
10.3083 40438
10.3115 40446
10.3146 40454
10.3178 40462
10.3209 40470
10.3241 40478
10.3272 40486
10.3304 40494
10.3335 40502
10.3367 40510
10.3398 40518
10.343 40526
10.3462 40534
10.3493 40542
10.3525 40550
10.3556 40558
10.3588 40566
10.3619 40574
10.3651 40582
10.3682 40590
10.3714 40598
10.3745 40606
10.3777 40614
10.3808 40622
10.384 40630
10.3871 40638
10.3903 40646
10.3934 40654
10.3966 40662
10.3997 40670
10.4029 40678
10.406 40686
10.4092 40694
10.4123 40703
10.4155 40712
10.4186 40721
10.4218 40730
10.425 40739
10.4281 40748
10.4313 40757
10.4344 40766
10.4376 40775
10.4407 40784
10.4439 40793
10.447 40802
10.4502 40811
10.4533 40820
10.4565 40829
10.4596 40838
10.4628 40847
10.4659 40856
10.4691 40865
10.4722 40874
10.4754 40883
10.4785 40892
10.4817 40901
10.4848 40910
10.488 40919
10.4911 40928
10.4943 40937
10.4974 40946
10.5006 40955
10.5038 40964
10.5069 40973
10.5101 40983
10.5132 40993
10.5164 41003
10.5195 41013
10.5227 41023
10.5258 41033
10.529 41043
10.5321 41053
10.5353 41063
10.5384 41073
10.5416 41083
10.5447 41093
10.5479 41103
10.551 41113
10.5542 41123
10.5573 41133
10.5605 41143
10.5636 41153
10.5668 41163
10.5699 41173
10.5731 41183
10.5762 41193
10.5794 41203
10.5826 41213
10.5857 41223
10.5889 41233
10.592 41243
10.5952 41253
10.5983 41263
10.6015 41273
10.6046 41283
10.6078 41293
10.6109 41304
10.6141 41315
10.6172 41326
10.6204 41337
10.6235 41348
10.6267 41359
10.6298 41370
10.633 41381
10.6361 41392
10.6393 41403
10.6424 41414
10.6456 41425
10.6487 41436
10.6519 41447
10.655 41458
10.6582 41469
10.6614 41480
10.6645 41491
10.6677 41502
10.6708 41513
10.674 41524
10.6771 41535
10.6803 41546
10.6834 41557
10.6866 41568
10.6897 41579
10.6929 41590
10.696 41601
10.6992 41612
10.7023 41623
10.7055 41634
10.7086 41646
10.7118 41658
10.7149 41670
10.7181 41682
10.7212 41694
10.7244 41706
10.7275 41718
10.7307 41730
10.7338 41742
10.737 41754
10.7402 41766
10.7433 41778
10.7465 41790
10.7496 41802
10.7528 41814
10.7559 41826
10.7591 41838
10.7622 41850
10.7654 41862
10.7685 41874
10.7717 41886
10.7748 41898
10.778 41910
10.7811 41922
10.7843 41934
10.7874 41946
10.7906 41958
10.7937 41970
10.7969 41982
10.8 41994
10.8032 42006
10.8063 42019
10.8095 42032
10.8126 42045
10.8158 42058
10.819 42071
10.8221 42084
10.8253 42097
10.8284 42110
10.8316 42123
10.8347 42136
10.8379 42149
10.841 42162
10.8442 42175
10.8473 42188
10.8505 42201
10.8536 42214
10.8568 42227
10.8599 42240
10.8631 42253
10.8662 42266
10.8694 42279
10.8725 42292
10.8757 42305
10.8788 42318
10.882 42331
10.8851 42344
10.8883 42357
10.8914 42370
10.8946 42383
10.8978 42396
10.9009 42409
10.9041 42423
10.9072 42437
10.9104 42451
10.9135 42465
10.9167 42479
10.9198 42493
10.923 42507
10.9261 42521
10.9293 42535
10.9324 42549
10.9356 42563
10.9387 42577
10.9419 42591
10.945 42605
10.9482 42619
10.9513 42633
10.9545 42647
10.9576 42661
10.9608 42675
10.9639 42689
10.9671 42703
10.9702 42717
10.9734 42731
10.9766 42745
10.9797 42759
10.9829 42773
10.986 42787
10.9892 42801
10.9923 42815
10.9955 42829
10.9986 42843
11.0018 42858
11.0049 42873
11.0081 42888
11.0112 42903
11.0144 42918
11.0175 42933
11.0207 42948
11.0238 42963
11.027 42978
11.0301 42993
11.0333 43008
11.0364 43023
11.0396 43038
11.0427 43053
11.0459 43068
11.049 43083
11.0522 43098
11.0554 43113
11.0585 43128
11.0617 43143
11.0648 43158
11.068 43173
11.0711 43188
11.0743 43203
11.0774 43218
11.0806 43233
11.0837 43248
11.0869 43263
11.09 43278
11.0932 43293
11.0963 43308
11.0995 43324
11.1026 43340
11.1058 43356
11.1089 43372
11.1121 43388
11.1152 43404
11.1184 43420
11.1215 43436
11.1247 43452
11.1278 43468
11.131 43484
11.1342 43500
11.1373 43516
11.1405 43532
11.1436 43548
11.1468 43564
11.1499 43580
11.1531 43596
11.1562 43612
11.1594 43628
11.1625 43644
11.1657 43660
11.1688 43676
11.172 43692
11.1751 43708
11.1783 43724
11.1814 43740
11.1846 43756
11.1877 43772
11.1909 43788
11.194 43804
11.1972 43821
11.2003 43838
11.2035 43855
11.2066 43872
11.2098 43889
11.213 43906
11.2161 43923
11.2193 43940
11.2224 43957
11.2256 43974
11.2287 43991
11.2319 44008
11.235 44025
11.2382 44042
11.2413 44059
11.2445 44076
11.2476 44093
11.2508 44110
11.2539 44127
11.2571 44144
11.2602 44161
11.2634 44178
11.2665 44195
11.2697 44212
11.2728 44229
11.276 44246
11.2791 44263
11.2823 44280
11.2854 44297
11.2886 44314
11.2918 44331
11.2949 44349
11.2981 44367
11.3012 44385
11.3044 44403
11.3075 44421
11.3107 44439
11.3138 44457
11.317 44475
11.3201 44493
11.3233 44511
11.3264 44529
11.3296 44547
11.3327 44565
11.3359 44583
11.339 44601
11.3422 44619
11.3453 44637
11.3485 44655
11.3516 44673
11.3548 44691
11.3579 44709
11.3611 44727
11.3642 44745
11.3674 44763
11.3706 44781
11.3737 44799
11.3769 44817
11.38 44835
11.3832 44853
11.3863 44871
11.3895 44890
11.3926 44909
11.3958 44928
11.3989 44947
11.4021 44966
11.4052 44985
11.4084 45004
11.4115 45023
11.4147 45042
11.4178 45061
11.421 45080
11.4241 45099
11.4273 45118
11.4304 45137
11.4336 45156
11.4367 45175
11.4399 45194
11.443 45213
11.4462 45232
11.4494 45251
11.4525 45270
11.4557 45289
11.4588 45308
11.462 45327
11.4651 45346
11.4683 45365
11.4714 45384
11.4746 45403
11.4777 45422
11.4809 45441
11.484 45461
11.4872 45481
11.4903 45501
11.4935 45521
11.4966 45541
11.4998 45561
11.5029 45581
11.5061 45601
11.5092 45621
11.5124 45641
11.5155 45661
11.5187 45681
11.5218 45701
11.525 45721
11.5282 45741
11.5313 45761
11.5345 45781
11.5376 45801
11.5408 45821
11.5439 45841
11.5471 45861
11.5502 45881
11.5534 45901
11.5565 45921
11.5597 45941
11.5628 45961
11.566 45981
11.5691 46001
11.5723 46021
11.5754 46041
11.5786 46061
11.5817 46082
11.5849 46103
11.588 46124
11.5912 46145
11.5943 46166
11.5975 46187
11.6006 46208
11.6038 46229
11.607 46250
11.6101 46271
11.6133 46292
11.6164 46313
11.6196 46334
11.6227 46355
11.6259 46376
11.629 46397
11.6322 46418
11.6353 46439
11.6385 46460
11.6416 46481
11.6448 46502
11.6479 46523
11.6511 46544
11.6542 46565
11.6574 46586
11.6605 46607
11.6637 46628
11.6668 46649
11.67 46670
11.6731 46691
11.6763 46713
11.6794 46735
11.6826 46757
11.6858 46779
11.6889 46801
11.6921 46823
11.6952 46845
11.6984 46867
11.7015 46889
11.7047 46911
11.7078 46933
11.711 46955
11.7141 46977
11.7173 46999
11.7204 47021
11.7236 47043
11.7267 47065
11.7299 47087
11.733 47109
11.7362 47131
11.7393 47153
11.7425 47175
11.7456 47197
11.7488 47219
11.7519 47241
11.7551 47263
11.7582 47285
11.7614 47307
11.7646 47329
11.7677 47351
11.7709 47374
11.774 47397
11.7772 47420
11.7803 47443
11.7835 47466
11.7866 47489
11.7898 47512
11.7929 47535
11.7961 47558
11.7992 47581
11.8024 47604
11.8055 47627
11.8087 47650
11.8118 47673
11.815 47696
11.8181 47719
11.8213 47742
11.8244 47765
11.8276 47788
11.8307 47811
11.8339 47834
11.837 47857
11.8402 47880
11.8434 47903
11.8465 47926
11.8497 47949
11.8528 47972
11.856 47995
11.8591 48018
11.8623 48041
11.8654 48065
11.8686 48089
11.8717 48113
11.8749 48137
11.878 48161
11.8812 48185
11.8843 48209
11.8875 48233
11.8906 48257
11.8938 48281
11.8969 48305
11.9001 48329
11.9032 48353
11.9064 48377
11.9095 48401
11.9127 48425
11.9158 48449
11.919 48473
11.9222 48497
11.9253 48521
11.9285 48545
11.9316 48569
11.9348 48593
11.9379 48617
11.9411 48641
11.9442 48665
11.9474 48689
11.9505 48713
11.9537 48737
11.9568 48761
11.96 48786
11.9631 48811
11.9663 48836
11.9694 48861
11.9726 48886
11.9757 48911
11.9789 48936
11.982 48961
11.9852 48986
11.9883 49011
11.9915 49036
11.9946 49061
11.9978 49086
12.001 49111
12.0041 49136
12.0073 49161
12.0104 49186
12.0136 49211
12.0167 49236
12.0199 49261
12.023 49286
12.0262 49311
12.0293 49336
12.0325 49361
12.0356 49386
12.0388 49411
12.0419 49436
12.0451 49461
12.0482 49486
12.0514 49511
12.0545 49537
12.0577 49563
12.0608 49589
12.064 49615
12.0671 49641
12.0703 49667
12.0734 49693
12.0766 49719
12.0798 49745
12.0829 49771
12.0861 49797
12.0892 49823
12.0924 49849
12.0955 49875
12.0987 49901
12.1018 49927
12.105 49953
12.1081 49979
12.1113 50005
12.1144 50031
12.1176 50057
12.1207 50083
12.1239 50109
12.127 50135
12.1302 50161
12.1333 50187
12.1365 50213
12.1396 50239
12.1428 50265
12.1459 50292
12.1491 50319
12.1522 50346
12.1554 50373
12.1586 50400
12.1617 50427
12.1649 50454
12.168 50481
12.1712 50508
12.1743 50535
12.1775 50562
12.1806 50589
12.1838 50616
12.1869 50643
12.1901 50670
12.1932 50697
12.1964 50724
12.1995 50751
12.2027 50778
12.2058 50805
12.209 50832
12.2121 50859
12.2153 50886
12.2184 50913
12.2216 50940
12.2247 50967
12.2279 50994
12.231 51021
12.2342 51048
12.2374 51075
12.2405 51103
12.2437 51131
12.2468 51159
12.25 51187
12.2531 51215
12.2563 51243
12.2594 51271
12.2626 51299
12.2657 51327
12.2689 51355
12.272 51383
12.2752 51411
12.2783 51439
12.2815 51467
12.2846 51495
12.2878 51523
12.2909 51551
12.2941 51579
12.2972 51607
12.3004 51635
12.3035 51663
12.3067 51691
12.3098 51719
12.313 51747
12.3162 51775
12.3193 51803
12.3225 51831
12.3256 51859
12.3288 51887
12.3319 51916
12.3351 51945
12.3382 51974
12.3414 52003
12.3445 52032
12.3477 52061
12.3508 52090
12.354 52119
12.3571 52148
12.3603 52177
12.3634 52206
12.3666 52235
12.3697 52264
12.3729 52293
12.376 52322
12.3792 52351
12.3823 52380
12.3855 52409
12.3886 52438
12.3918 52467
12.395 52496
12.3981 52525
12.4013 52554
12.4044 52583
12.4076 52612
12.4107 52641
12.4139 52670
12.417 52699
12.4202 52728
12.4233 52758
12.4265 52788
12.4296 52818
12.4328 52848
12.4359 52878
12.4391 52908
12.4422 52938
12.4454 52968
12.4485 52998
12.4517 53028
12.4548 53058
12.458 53088
12.4611 53118
12.4643 53148
12.4674 53178
12.4706 53208
12.4738 53238
12.4769 53268
12.4801 53298
12.4832 53328
12.4864 53358
12.4895 53388
12.4927 53418
12.4958 53448
12.499 53478
12.5021 53508
12.5053 53538
12.5084 53568
12.5116 53598
12.5147 53629
12.5179 53660
12.521 53691
12.5242 53722
12.5273 53753
12.5305 53784
12.5336 53815
12.5368 53846
12.5399 53877
12.5431 53908
12.5462 53939
12.5494 53970
12.5526 54001
12.5557 54032
12.5589 54063
12.562 54094
12.5652 54125
12.5683 54156
12.5715 54187
12.5746 54218
12.5778 54249
12.5809 54280
12.5841 54311
12.5872 54342
12.5904 54373
12.5935 54404
12.5967 54435
12.5998 54466
12.603 54497
12.6061 54529
12.6093 54561
12.6124 54593
12.6156 54625
12.6187 54657
12.6219 54689
12.625 54721
12.6282 54753
12.6314 54785
12.6345 54817
12.6377 54849
12.6408 54881
12.644 54913
12.6471 54945
12.6503 54977
12.6534 55009
12.6566 55041
12.6597 55073
12.6629 55105
12.666 55137
12.6692 55169
12.6723 55201
12.6755 55233
12.6786 55265
12.6818 55297
12.6849 55329
12.6881 55361
12.6912 55393
12.6944 55425
12.6975 55458
12.7007 55491
12.7038 55524
12.707 55557
12.7102 55590
12.7133 55623
12.7165 55656
12.7196 55689
12.7228 55722
12.7259 55755
12.7291 55788
12.7322 55821
12.7354 55854
12.7385 55887
12.7417 55920
12.7448 55953
12.748 55986
12.7511 56019
12.7543 56052
12.7574 56085
12.7606 56118
12.7637 56151
12.7669 56184
12.77 56217
12.7732 56250
12.7763 56283
12.7795 56316
12.7826 56349
12.7858 56382
12.789 56416
12.7921 56450
12.7953 56484
12.7984 56518
12.8016 56552
12.8047 56586
12.8079 56620
12.811 56654
12.8142 56688
12.8173 56722
12.8205 56756
12.8236 56790
12.8268 56824
12.8299 56858
12.8331 56892
12.8362 56926
12.8394 56960
12.8425 56994
12.8457 57028
12.8488 57062
12.852 57096
12.8551 57130
12.8583 57164
12.8614 57198
12.8646 57232
12.8678 57266
12.8709 57300
12.8741 57334
12.8772 57368
12.8804 57403
12.8835 57438
12.8867 57473
12.8898 57508
12.893 57543
12.8961 57578
12.8993 57613
12.9024 57648
12.9056 57683
12.9087 57718
12.9119 57753
12.915 57788
12.9182 57823
12.9213 57858
12.9245 57893
12.9276 57928
12.9308 57963
12.9339 57998
12.9371 58033
12.9402 58068
12.9434 58103
12.9466 58138
12.9497 58173
12.9529 58208
12.956 58243
12.9592 58278
12.9623 58313
12.9655 58348
12.9686 58384
12.9718 58420
12.9749 58456
12.9781 58492
12.9812 58528
12.9844 58564
12.9875 58600
12.9907 58636
12.9938 58672
12.997 58708
13.0001 58744
13.0033 58780
13.0064 58816
13.0096 58852
13.0127 58888
13.0159 58924
13.019 58960
13.0222 58996
13.0254 59032
13.0285 59068
13.0317 59104
13.0348 59140
13.038 59176
13.0411 59212
13.0443 59248
13.0474 59284
13.0506 59320
13.0537 59356
13.0569 59392
13.06 59429
13.0632 59466
13.0663 59503
13.0695 59540
13.0726 59577
13.0758 59614
13.0789 59651
13.0821 59688
13.0852 59725
13.0884 59762
13.0915 59799
13.0947 59836
13.0978 59873
13.101 59910
13.1042 59947
13.1073 59984
13.1105 60021
13.1136 60058
13.1168 60095
13.1199 60132
13.1231 60169
13.1262 60206
13.1294 60243
13.1325 60280
13.1357 60317
13.1388 60354
13.142 60391
13.1451 60428
13.1483 60466
13.1514 60504
13.1546 60542
13.1577 60580
13.1609 60618
13.164 60656
13.1672 60694
13.1703 60732
13.1735 60770
13.1766 60808
13.1798 60846
13.183 60884
13.1861 60922
13.1893 60960
13.1924 60998
13.1956 61036
13.1987 61074
13.2019 61112
13.205 61150
13.2082 61188
13.2113 61226
13.2145 61264
13.2176 61302
13.2208 61340
13.2239 61378
13.2271 61416
13.2302 61454
13.2334 61492
13.2365 61531
13.2397 61570
13.2428 61609
13.246 61648
13.2491 61687
13.2523 61726
13.2554 61765
13.2586 61804
13.2618 61843
13.2649 61882
13.2681 61921
13.2712 61960
13.2744 61999
13.2775 62038
13.2807 62077
13.2838 62116
13.287 62155
13.2901 62194
13.2933 62233
13.2964 62272
13.2996 62311
13.3027 62350
13.3059 62389
13.309 62428
13.3122 62467
13.3153 62506
13.3185 62545
13.3216 62584
13.3248 62624
13.3279 62664
13.3311 62704
13.3342 62744
13.3374 62784
13.3406 62824
13.3437 62864
13.3469 62904
13.35 62944
13.3532 62984
13.3563 63024
13.3595 63064
13.3626 63104
13.3658 63144
13.3689 63184
13.3721 63224
13.3752 63264
13.3784 63304
13.3815 63344
13.3847 63384
13.3878 63424
13.391 63464
13.3941 63504
13.3973 63544
13.4004 63584
13.4036 63624
13.4067 63664
13.4099 63704
13.413 63745
13.4162 63786
13.4194 63827
13.4225 63868
13.4257 63909
13.4288 63950
13.432 63991
13.4351 64032
13.4383 64073
13.4414 64114
13.4446 64155
13.4477 64196
13.4509 64237
13.454 64278
13.4572 64319
13.4603 64360
13.4635 64401
13.4666 64442
13.4698 64483
13.4729 64524
13.4761 64565
13.4792 64606
13.4824 64647
13.4855 64688
13.4887 64729
13.4918 64770
13.495 64811
13.4982 64852
13.5013 64894
13.5045 64936
13.5076 64978
13.5108 65020
13.5139 65062
13.5171 65104
13.5202 65146
13.5234 65188
13.5265 65230
13.5297 65272
13.5328 65314
13.536 65356
13.5391 65398
13.5423 65440
13.5454 65482
13.5486 65524
13.5517 65566
13.5549 65608
13.558 65650
13.5612 65692
13.5643 65734
13.5675 65776
13.5706 65818
13.5738 65860
13.577 65902
13.5801 65944
13.5833 65986
13.5864 66029
13.5896 66072
13.5927 66115
13.5959 66158
13.599 66201
13.6022 66244
13.6053 66287
13.6085 66330
13.6116 66373
13.6148 66416
13.6179 66459
13.6211 66502
13.6242 66545
13.6274 66588
13.6305 66631
13.6337 66674
13.6368 66717
13.64 66760
13.6431 66803
13.6463 66846
13.6494 66889
13.6526 66932
13.6558 66975
13.6589 67018
13.6621 67061
13.6652 67104
13.6684 67147
13.6715 67190
13.6747 67234
13.6778 67278
13.681 67322
13.6841 67366
13.6873 67410
13.6904 67454
13.6936 67498
13.6967 67542
13.6999 67586
13.703 67630
13.7062 67674
13.7093 67718
13.7125 67762
13.7156 67806
13.7188 67850
13.7219 67894
13.7251 67938
13.7282 67982
13.7314 68026
13.7346 68070
13.7377 68114
13.7409 68158
13.744 68202
13.7472 68246
13.7503 68290
13.7535 68334
13.7566 68378
13.7598 68423
13.7629 68468
13.7661 68513
13.7692 68558
13.7724 68603
13.7755 68648
13.7787 68693
13.7818 68738
13.785 68783
13.7881 68828
13.7913 68873
13.7944 68918
13.7976 68963
13.8007 69008
13.8039 69053
13.807 69098
13.8102 69143
13.8134 69188
13.8165 69233
13.8197 69278
13.8228 69323
13.826 69368
13.8291 69413
13.8323 69458
13.8354 69503
13.8386 69548
13.8417 69593
13.8449 69638
13.848 69684
13.8512 69730
13.8543 69776
13.8575 69822
13.8606 69868
13.8638 69914
13.8669 69960
13.8701 70006
13.8732 70052
13.8764 70098
13.8795 70144
13.8827 70190
13.8858 70236
13.889 70282
13.8922 70328
13.8953 70374
13.8985 70420
13.9016 70466
13.9048 70512
13.9079 70558
13.9111 70604
13.9142 70650
13.9174 70696
13.9205 70742
13.9237 70788
13.9268 70834
13.93 70880
13.9331 70927
13.9363 70974
13.9394 71021
13.9426 71068
13.9457 71115
13.9489 71162
13.952 71209
13.9552 71256
13.9583 71303
13.9615 71350
13.9646 71397
13.9678 71444
13.971 71491
13.9741 71538
13.9773 71585
13.9804 71632
13.9836 71679
13.9867 71726
13.9899 71773
13.993 71820
13.9962 71867
13.9993 71914
14.0025 71961
14.0056 72008
14.0088 72055
14.0119 72102
14.0151 72149
14.0182 72197
14.0214 72245
14.0245 72293
14.0277 72341
14.0308 72389
14.034 72437
14.0371 72485
14.0403 72533
14.0434 72581
14.0466 72629
14.0498 72677
14.0529 72725
14.0561 72773
14.0592 72821
14.0624 72869
14.0655 72917
14.0687 72965
14.0718 73013
14.075 73061
14.0781 73109
14.0813 73157
14.0844 73205
14.0876 73253
14.0907 73301
14.0939 73349
14.097 73397
14.1002 73445
14.1033 73494
14.1065 73543
14.1096 73592
14.1128 73641
14.1159 73690
14.1191 73739
14.1222 73788
14.1254 73837
14.1286 73886
14.1317 73935
14.1349 73984
14.138 74033
14.1412 74082
14.1443 74131
14.1475 74180
14.1506 74229
14.1538 74278
14.1569 74327
14.1601 74376
14.1632 74425
14.1664 74474
14.1695 74523
14.1727 74572
14.1758 74621
14.179 74670
14.1821 74719
14.1853 74768
14.1884 74818
14.1916 74868
14.1947 74918
14.1979 74968
14.201 75018
14.2042 75068
14.2074 75118
14.2105 75168
14.2137 75218
14.2168 75268
14.22 75318
14.2231 75368
14.2263 75418
14.2294 75468
14.2326 75518
14.2357 75568
14.2389 75618
14.242 75668
14.2452 75718
14.2483 75768
14.2515 75818
14.2546 75868
14.2578 75918
14.2609 75968
14.2641 76018
14.2672 76068
14.2704 76118
14.2735 76169
14.2767 76220
14.2798 76271
14.283 76322
14.2862 76373
14.2893 76424
14.2925 76475
14.2956 76526
14.2988 76577
14.3019 76628
14.3051 76679
14.3082 76730
14.3114 76781
14.3145 76832
14.3177 76883
14.3208 76934
14.324 76985
14.3271 77036
14.3303 77087
14.3334 77138
14.3366 77189
14.3397 77240
14.3429 77291
14.346 77342
14.3492 77393
14.3523 77444
14.3555 77495
14.3586 77547
14.3618 77599
14.3649 77651
14.3681 77703
14.3713 77755
14.3744 77807
14.3776 77859
14.3807 77911
14.3839 77963
14.387 78015
14.3902 78067
14.3933 78119
14.3965 78171
14.3996 78223
14.4028 78275
14.4059 78327
14.4091 78379
14.4122 78431
14.4154 78483
14.4201 78483
14.4201 38760
14.9197 38763
14.9229 38766
14.926 38769
14.9292 38772
14.9323 38775
14.9355 38778
14.9402 38781
14.9433 38784
14.9465 38787
14.9496 38790
14.9528 38793
14.9559 38796
14.9591 38799
14.9623 38802
14.9654 38805
14.9686 38808
14.9717 38811
14.9749 38814
14.978 38817
14.9812 38820
14.9843 38823
14.9875 38826
14.9906 38829
14.9938 38832
14.9969 38835
15.0001 38838
15.0032 38841
15.0064 38844
15.0095 38847
15.0127 38850
15.0158 38853
15.019 38856
15.0221 38859
15.0253 38862
15.0284 38865
15.0316 38868
15.0347 38871
15.0379 38874
15.0411 38877
15.0442 38880
15.0474 38883
15.0505 38886
15.0537 38889
15.0568 38892
15.06 38895
15.0631 38898
15.0663 38901
15.0694 38904
15.0726 38907
15.0757 38910
15.0789 38913
15.082 38916
15.0852 38919
15.0883 38922
15.0915 38925
15.0946 38928
15.0978 38931
15.1009 38934
15.1041 38937
15.1072 38940
15.1104 38943
15.1135 38946
15.1167 38949
15.1199 38952
15.123 38955
15.1262 38958
15.1293 38961
15.1325 38964
15.1356 38967
15.1388 38970
15.1419 38973
15.1451 38976
15.1482 38979
15.1514 38982
15.1545 38985
15.1577 38988
15.1608 38991
15.164 38994
15.1671 38997
15.1703 39000
15.1734 39003
15.1766 39006
15.1797 39009
15.1829 39012
15.186 39015
15.1892 39018
15.1923 39021
15.1955 39024
15.1987 39027
15.2018 39030
15.205 39033
15.2081 39036
15.2113 39039
15.2144 39042
15.2176 39045
15.2207 39048
15.2239 39051
15.227 39054
15.2302 39057
15.2333 39060
15.2365 39063
15.2396 39066
15.2428 39069
15.2459 39072
15.2491 39075
15.2522 39078
15.2554 39081
15.2585 39084
15.2617 39087
15.2648 39090
15.268 39093
15.2711 39096
15.2743 39099
15.2775 39102
15.2806 39105
15.2838 39108
15.2869 39111
15.2901 39114
15.2932 39117
15.2964 39120
15.2995 39123
15.3027 39126
15.3058 39129
15.309 39132
15.3121 39135
15.3153 39138
15.3184 39141
15.3216 39144
15.3247 39147
15.3279 39150
15.331 39153
15.3342 39156
15.3373 39159
15.3405 39162
15.3436 39165
15.3468 39168
15.3499 39171
15.3531 39174
15.3563 39177
15.3594 39180
15.3626 39183
15.3657 39186
15.3689 39189
15.372 39192
15.3752 39195
15.3783 39198
15.3815 39201
15.3846 39204
15.3878 39207
15.3909 39210
15.3941 39213
15.3972 39216
15.4004 39219
15.4035 39222
15.4067 39225
15.4098 39228
15.413 39231
15.4161 39234
15.4193 39237
15.4224 39240
15.4256 39244
15.4287 39248
15.4319 39252
15.4351 39256
15.4382 39260
15.4414 39264
15.4445 39268
15.4477 39272
15.4508 39276
15.454 39280
15.4571 39284
15.4603 39288
15.4634 39292
15.4666 39296
15.4697 39300
15.4729 39304
15.476 39308
15.4792 39312
15.4823 39316
15.4855 39320
15.4886 39324
15.4918 39328
15.4949 39332
15.4981 39336
15.5012 39340
15.5044 39344
15.5075 39348
15.5107 39352
15.5139 39356
15.517 39360
15.5202 39364
15.5233 39368
15.5265 39373
15.5296 39378
15.5328 39383
15.5359 39388
15.5391 39393
15.5422 39398
15.5454 39403
15.5485 39408
15.5517 39413
15.5548 39418
15.558 39423
15.5611 39428
15.5643 39433
15.5674 39438
15.5706 39443
15.5737 39448
15.5769 39453
15.58 39458
15.5832 39463
15.5863 39468
15.5895 39473
15.5927 39478
15.5958 39483
15.599 39488
15.6021 39493
15.6053 39498
15.6084 39503
15.6116 39508
15.6147 39513
15.6179 39518
15.621 39523
15.6242 39528
15.6273 39534
15.6305 39540
15.6336 39546
15.6368 39552
15.6399 39558
15.6431 39564
15.6462 39570
15.6494 39576
15.6525 39582
15.6557 39588
15.6588 39594
15.662 39600
15.6651 39606
15.6683 39612
15.6715 39618
15.6746 39624
15.6778 39630
15.6809 39636
15.6841 39642
15.6872 39648
15.6904 39654
15.6935 39660
15.6967 39666
15.6998 39672
15.703 39678
15.7061 39684
15.7093 39690
15.7124 39696
15.7156 39702
15.7187 39708
15.7219 39714
15.725 39720
15.7282 39727
15.7313 39734
15.7345 39741
15.7376 39748
15.7408 39755
15.7439 39762
15.7471 39769
15.7503 39776
15.7534 39783
15.7566 39790
15.7597 39797
15.7629 39804
15.766 39811
15.7692 39818
15.7723 39825
15.7755 39832
15.7786 39839
15.7818 39846
15.7849 39853
15.7881 39860
15.7912 39867
15.7944 39874
15.7975 39881
15.8007 39888
15.8038 39895
15.807 39902
15.8101 39909
15.8133 39916
15.8164 39923
15.8196 39930
15.8227 39937
15.8259 39944
15.8291 39952
15.8322 39960
15.8354 39968
15.8385 39976
15.8417 39984
15.8448 39992
15.848 40000
15.8511 40008
15.8543 40016
15.8574 40024
15.8606 40032
15.8637 40040
15.8669 40048
15.87 40056
15.8732 40064
15.8763 40072
15.8795 40080
15.8826 40088
15.8858 40096
15.8889 40104
15.8921 40112
15.8952 40120
15.8984 40128
15.9015 40136
15.9047 40144
15.9079 40152
15.911 40160
15.9142 40168
15.9173 40176
15.9205 40184
15.9236 40192
15.9268 40201
15.9299 40210
15.9331 40219
15.9362 40228
15.9394 40237
15.9425 40246
15.9457 40255
15.9488 40264
15.952 40273
15.9551 40282
15.9583 40291
15.9614 40300
15.9646 40309
15.9677 40318
15.9709 40327
15.974 40336
15.9772 40345
15.9803 40354
15.9835 40363
15.9867 40372
15.9898 40381
15.993 40390
15.9961 40399
15.9993 40408
16.0024 40417
16.0056 40426
16.0087 40435
16.0119 40444
16.015 40453
16.0182 40462
16.0213 40471
16.0245 40480
16.0276 40490
16.0308 40500
16.0339 40510
16.0371 40520
16.0402 40530
16.0434 40540
16.0465 40550
16.0497 40560
16.0528 40570
16.056 40580
16.0591 40590
16.0623 40600
16.0655 40610
16.0686 40620
16.0718 40630
16.0749 40640
16.0781 40650
16.0812 40660
16.0844 40670
16.0875 40680
16.0907 40690
16.0938 40700
16.097 40710
16.1001 40720
16.1033 40730
16.1064 40740
16.1096 40750
16.1127 40760
16.1159 40770
16.119 40780
16.1222 40790
16.1253 40801
16.1285 40812
16.1316 40823
16.1348 40834
16.1379 40845
16.1411 40856
16.1443 40867
16.1474 40878
16.1506 40889
16.1537 40900
16.1569 40911
16.16 40922
16.1632 40933
16.1663 40944
16.1695 40955
16.1726 40966
16.1758 40977
16.1789 40988
16.1821 40999
16.1852 41010
16.1884 41021
16.1915 41032
16.1947 41043
16.1978 41054
16.201 41065
16.2041 41076
16.2073 41087
16.2104 41098
16.2136 41109
16.2167 41120
16.2199 41131
16.2231 41143
16.2262 41155
16.2294 41167
16.2325 41179
16.2357 41191
16.2388 41203
16.242 41215
16.2451 41227
16.2483 41239
16.2514 41251
16.2546 41263
16.2577 41275
16.2609 41287
16.264 41299
16.2672 41311
16.2703 41323
16.2735 41335
16.2766 41347
16.2798 41359
16.2829 41371
16.2861 41383
16.2892 41395
16.2924 41407
16.2955 41419
16.2987 41431
16.3019 41443
16.305 41455
16.3082 41467
16.3113 41479
16.3145 41491
16.3176 41503
16.3208 41515
16.3239 41528
16.3271 41541
16.3302 41554
16.3334 41567
16.3365 41580
16.3397 41593
16.3428 41606
16.346 41619
16.3491 41632
16.3523 41645
16.3554 41658
16.3586 41671
16.3617 41684
16.3649 41697
16.368 41710
16.3712 41723
16.3743 41736
16.3775 41749
16.3807 41762
16.3838 41775
16.387 41788
16.3901 41801
16.3933 41814
16.3964 41827
16.3996 41840
16.4027 41853
16.4059 41866
16.409 41879
16.4122 41892
16.4153 41905
16.4185 41918
16.4216 41932
16.4248 41946
16.4279 41960
16.4311 41974
16.4342 41988
16.4374 42002
16.4405 42016
16.4437 42030
16.4468 42044
16.45 42058
16.4531 42072
16.4563 42086
16.4595 42100
16.4626 42114
16.4658 42128
16.4689 42142
16.4721 42156
16.4752 42170
16.4784 42184
16.4815 42198
16.4847 42212
16.4878 42226
16.491 42240
16.4941 42254
16.4973 42268
16.5004 42282
16.5036 42296
16.5067 42310
16.5099 42324
16.513 42338
16.5162 42352
16.5193 42367
16.5225 42382
16.5256 42397
16.5288 42412
16.5319 42427
16.5351 42442
16.5383 42457
16.5414 42472
16.5446 42487
16.5477 42502
16.5509 42517
16.554 42532
16.5572 42547
16.5603 42562
16.5635 42577
16.5666 42592
16.5698 42607
16.5729 42622
16.5761 42637
16.5792 42652
16.5824 42667
16.5855 42682
16.5887 42697
16.5918 42712
16.595 42727
16.5981 42742
16.6013 42757
16.6044 42772
16.6076 42787
16.6107 42802
16.6139 42817
16.6171 42833
16.6202 42849
16.6234 42865
16.6265 42881
16.6297 42897
16.6328 42913
16.636 42929
16.6391 42945
16.6423 42961
16.6454 42977
16.6486 42993
16.6517 43009
16.6549 43025
16.658 43041
16.6612 43057
16.6643 43073
16.6675 43089
16.6706 43105
16.6738 43121
16.6769 43137
16.6801 43153
16.6832 43169
16.6864 43185
16.6895 43201
16.6927 43217
16.6959 43233
16.699 43249
16.7022 43265
16.7053 43281
16.7085 43297
16.7116 43314
16.7148 43331
16.7179 43348
16.7211 43365
16.7242 43382
16.7274 43399
16.7305 43416
16.7337 43433
16.7368 43450
16.74 43467
16.7431 43484
16.7463 43501
16.7494 43518
16.7526 43535
16.7557 43552
16.7589 43569
16.762 43586
16.7652 43603
16.7683 43620
16.7715 43637
16.7747 43654
16.7778 43671
16.781 43688
16.7841 43705
16.7873 43722
16.7904 43739
16.7936 43756
16.7967 43773
16.7999 43790
16.803 43807
16.8062 43824
16.8093 43842
16.8125 43860
16.8156 43878
16.8188 43896
16.8219 43914
16.8251 43932
16.8282 43950
16.8314 43968
16.8345 43986
16.8377 44004
16.8408 44022
16.844 44040
16.8471 44058
16.8503 44076
16.8535 44094
16.8566 44112
16.8598 44130
16.8629 44148
16.8661 44166
16.8692 44184
16.8724 44202
16.8755 44220
16.8787 44238
16.8818 44256
16.885 44274
16.8881 44292
16.8913 44310
16.8944 44328
16.8976 44346
16.9007 44364
16.9039 44382
16.907 44401
16.9102 44420
16.9133 44439
16.9165 44458
16.9196 44477
16.9228 44496
16.9259 44515
16.9291 44534
16.9323 44553
16.9354 44572
16.9386 44591
16.9417 44610
16.9449 44629
16.948 44648
16.9512 44667
16.9543 44686
16.9575 44705
16.9606 44724
16.9638 44743
16.9669 44762
16.9701 44781
16.9732 44800
16.9764 44819
16.9795 44838
16.9827 44857
16.9858 44876
16.989 44895
16.9921 44914
16.9953 44933
16.9984 44952
17.0016 44972
17.0047 44992
17.0079 45012
17.0111 45032
17.0142 45052
17.0174 45072
17.0205 45092
17.0237 45112
17.0268 45132
17.03 45152
17.0331 45172
17.0363 45192
17.0394 45212
17.0426 45232
17.0457 45252
17.0489 45272
17.052 45292
17.0552 45312
17.0583 45332
17.0615 45352
17.0646 45372
17.0678 45392
17.0709 45412
17.0741 45432
17.0772 45452
17.0804 45472
17.0835 45492
17.0867 45512
17.0899 45532
17.093 45552
17.0962 45573
17.0993 45594
17.1025 45615
17.1056 45636
17.1088 45657
17.1119 45678
17.1151 45699
17.1182 45720
17.1214 45741
17.1245 45762
17.1277 45783
17.1308 45804
17.134 45825
17.1371 45846
17.1403 45867
17.1434 45888
17.1466 45909
17.1497 45930
17.1529 45951
17.156 45972
17.1592 45993
17.1623 46014
17.1655 46035
17.1687 46056
17.1718 46077
17.175 46098
17.1781 46119
17.1813 46140
17.1844 46161
17.1876 46182
17.1907 46203
17.1939 46225
17.197 46247
17.2002 46269
17.2033 46291
17.2065 46313
17.2096 46335
17.2128 46357
17.2159 46379
17.2191 46401
17.2222 46423
17.2254 46445
17.2285 46467
17.2317 46489
17.2348 46511
17.238 46533
17.2411 46555
17.2443 46577
17.2475 46599
17.2506 46621
17.2538 46643
17.2569 46665
17.2601 46687
17.2632 46709
17.2664 46731
17.2695 46753
17.2727 46775
17.2758 46797
17.279 46819
17.2821 46841
17.2853 46863
17.2884 46886
17.2916 46909
17.2947 46932
17.2979 46955
17.301 46978
17.3042 47001
17.3073 47024
17.3105 47047
17.3136 47070
17.3168 47093
17.3199 47116
17.3231 47139
17.3263 47162
17.3294 47185
17.3326 47208
17.3357 47231
17.3389 47254
17.342 47277
17.3452 47300
17.3483 47323
17.3515 47346
17.3546 47369
17.3578 47392
17.3609 47415
17.3641 47438
17.3672 47461
17.3704 47484
17.3735 47507
17.3767 47530
17.3798 47553
17.383 47577
17.3861 47601
17.3893 47625
17.3924 47649
17.3956 47673
17.3987 47697
17.4019 47721
17.4051 47745
17.4082 47769
17.4114 47793
17.4145 47817
17.4177 47841
17.4208 47865
17.424 47889
17.4271 47913
17.4303 47937
17.4334 47961
17.4366 47985
17.4397 48009
17.4429 48033
17.446 48057
17.4492 48081
17.4523 48105
17.4555 48129
17.4586 48153
17.4618 48177
17.4649 48201
17.4681 48225
17.4712 48249
17.4744 48273
17.4775 48298
17.4807 48323
17.4839 48348
17.487 48373
17.4902 48398
17.4933 48423
17.4965 48448
17.4996 48473
17.5028 48498
17.5059 48523
17.5091 48548
17.5122 48573
17.5154 48598
17.5185 48623
17.5217 48648
17.5248 48673
17.528 48698
17.5311 48723
17.5343 48748
17.5374 48773
17.5406 48798
17.5437 48823
17.5469 48848
17.55 48873
17.5532 48898
17.5563 48923
17.5595 48948
17.5627 48973
17.5658 48998
17.569 49024
17.5721 49050
17.5753 49076
17.5784 49102
17.5816 49128
17.5847 49154
17.5879 49180
17.591 49206
17.5942 49232
17.5973 49258
17.6005 49284
17.6036 49310
17.6068 49336
17.6099 49362
17.6131 49388
17.6162 49414
17.6194 49440
17.6225 49466
17.6257 49492
17.6288 49518
17.632 49544
17.6351 49570
17.6383 49596
17.6415 49622
17.6446 49648
17.6478 49674
17.6509 49700
17.6541 49726
17.6572 49752
17.6604 49778
17.6635 49805
17.6667 49832
17.6698 49859
17.673 49886
17.6761 49913
17.6793 49940
17.6824 49967
17.6856 49994
17.6887 50021
17.6919 50048
17.695 50075
17.6982 50102
17.7013 50129
17.7045 50156
17.7076 50183
17.7108 50210
17.7139 50237
17.7171 50264
17.7203 50291
17.7234 50318
17.7266 50345
17.7297 50372
17.7329 50399
17.736 50426
17.7392 50453
17.7423 50480
17.7455 50507
17.7486 50534
17.7518 50561
17.7549 50588
17.7581 50616
17.7612 50644
17.7644 50672
17.7675 50700
17.7707 50728
17.7738 50756
17.777 50784
17.7801 50812
17.7833 50840
17.7864 50868
17.7896 50896
17.7927 50924
17.7959 50952
17.7991 50980
17.8022 51008
17.8054 51036
17.8085 51064
17.8117 51092
17.8148 51120
17.818 51148
17.8211 51176
17.8243 51204
17.8274 51232
17.8306 51260
17.8337 51288
17.8369 51316
17.84 51344
17.8432 51372
17.8463 51400
17.8495 51429
17.8526 51458
17.8558 51487
17.8589 51516
17.8621 51545
17.8652 51574
17.8684 51603
17.8715 51632
17.8747 51661
17.8779 51690
17.881 51719
17.8842 51748
17.8873 51777
17.8905 51806
17.8936 51835
17.8968 51864
17.8999 51893
17.9031 51922
17.9062 51951
17.9094 51980
17.9125 52009
17.9157 52038
17.9188 52067
17.922 52096
17.9251 52125
17.9283 52154
17.9314 52183
17.9346 52212
17.9377 52241
17.9409 52271
17.944 52301
17.9472 52331
17.9503 52361
17.9535 52391
17.9567 52421
17.9598 52451
17.963 52481
17.9661 52511
17.9693 52541
17.9724 52571
17.9756 52601
17.9787 52631
17.9819 52661
17.985 52691
17.9882 52721
17.9913 52751
17.9945 52781
17.9976 52811
18.0008 52841
18.0039 52871
18.0071 52901
18.0102 52931
18.0134 52961
18.0165 52991
18.0197 53021
18.0228 53051
18.026 53081
18.0291 53111
18.0323 53142
18.0355 53173
18.0386 53204
18.0418 53235
18.0449 53266
18.0481 53297
18.0512 53328
18.0544 53359
18.0575 53390
18.0607 53421
18.0638 53452
18.067 53483
18.0701 53514
18.0733 53545
18.0764 53576
18.0796 53607
18.0827 53638
18.0859 53669
18.089 53700
18.0922 53731
18.0953 53762
18.0985 53793
18.1016 53824
18.1048 53855
18.1079 53886
18.1111 53917
18.1143 53948
18.1174 53979
18.1206 54010
18.1237 54042
18.1269 54074
18.13 54106
18.1332 54138
18.1363 54170
18.1395 54202
18.1426 54234
18.1458 54266
18.1489 54298
18.1521 54330
18.1552 54362
18.1584 54394
18.1615 54426
18.1647 54458
18.1678 54490
18.171 54522
18.1741 54554
18.1773 54586
18.1804 54618
18.1836 54650
18.1867 54682
18.1899 54714
18.1931 54746
18.1962 54778
18.1994 54810
18.2025 54842
18.2057 54874
18.2088 54906
18.212 54938
18.2151 54971
18.2183 55004
18.2214 55037
18.2246 55070
18.2277 55103
18.2309 55136
18.234 55169
18.2372 55202
18.2403 55235
18.2435 55268
18.2466 55301
18.2498 55334
18.2529 55367
18.2561 55400
18.2592 55433
18.2624 55466
18.2655 55499
18.2687 55532
18.2719 55565
18.275 55598
18.2782 55631
18.2813 55664
18.2845 55697
18.2876 55730
18.2908 55763
18.2939 55796
18.2971 55829
18.3002 55862
18.3034 55895
18.3065 55929
18.3097 55963
18.3128 55997
18.316 56031
18.3191 56065
18.3223 56099
18.3254 56133
18.3286 56167
18.3317 56201
18.3349 56235
18.338 56269
18.3412 56303
18.3443 56337
18.3475 56371
18.3507 56405
18.3538 56439
18.357 56473
18.3601 56507
18.3633 56541
18.3664 56575
18.3696 56609
18.3727 56643
18.3759 56677
18.379 56711
18.3822 56745
18.3853 56779
18.3885 56813
18.3916 56847
18.3948 56881
18.3979 56916
18.4011 56951
18.4042 56986
18.4074 57021
18.4105 57056
18.4137 57091
18.4168 57126
18.42 57161
18.4231 57196
18.4263 57231
18.4295 57266
18.4326 57301
18.4358 57336
18.4389 57371
18.4421 57406
18.4452 57441
18.4484 57476
18.4515 57511
18.4547 57546
18.4578 57581
18.461 57616
18.4641 57651
18.4673 57686
18.4704 57721
18.4736 57756
18.4767 57791
18.4799 57826
18.483 57861
18.4862 57897
18.4893 57933
18.4925 57969
18.4956 58005
18.4988 58041
18.5019 58077
18.5051 58113
18.5083 58149
18.5114 58185
18.5146 58221
18.5177 58257
18.5209 58293
18.524 58329
18.5272 58365
18.5303 58401
18.5335 58437
18.5366 58473
18.5398 58509
18.5429 58545
18.5461 58581
18.5492 58617
18.5524 58653
18.5555 58689
18.5587 58725
18.5618 58761
18.565 58797
18.5681 58833
18.5713 58869
18.5744 58905
18.5776 58942
18.5807 58979
18.5839 59016
18.5871 59053
18.5902 59090
18.5934 59127
18.5965 59164
18.5997 59201
18.6028 59238
18.606 59275
18.6091 59312
18.6123 59349
18.6154 59386
18.6186 59423
18.6217 59460
18.6249 59497
18.628 59534
18.6312 59571
18.6343 59608
18.6375 59645
18.6406 59682
18.6438 59719
18.6469 59756
18.6501 59793
18.6532 59830
18.6564 59867
18.6595 59904
18.6627 59941
18.6659 59979
18.669 60017
18.6722 60055
18.6753 60093
18.6785 60131
18.6816 60169
18.6848 60207
18.6879 60245
18.6911 60283
18.6942 60321
18.6974 60359
18.7005 60397
18.7037 60435
18.7068 60473
18.71 60511
18.7131 60549
18.7163 60587
18.7194 60625
18.7226 60663
18.7257 60701
18.7289 60739
18.732 60777
18.7352 60815
18.7383 60853
18.7415 60891
18.7447 60929
18.7478 60967
18.751 61005
18.7541 61044
18.7573 61083
18.7604 61122
18.7636 61161
18.7667 61200
18.7699 61239
18.773 61278
18.7762 61317
18.7793 61356
18.7825 61395
18.7856 61434
18.7888 61473
18.7919 61512
18.7951 61551
18.7982 61590
18.8014 61629
18.8045 61668
18.8077 61707
18.8108 61746
18.814 61785
18.8171 61824
18.8203 61863
18.8235 61902
18.8266 61941
18.8298 61980
18.8329 62019
18.8361 62058
18.8392 62097
18.8424 62137
18.8455 62177
18.8487 62217
18.8518 62257
18.855 62297
18.8581 62337
18.8613 62377
18.8644 62417
18.8676 62457
18.8707 62497
18.8739 62537
18.877 62577
18.8802 62617
18.8833 62657
18.8865 62697
18.8896 62737
18.8928 62777
18.8959 62817
18.8991 62857
18.9023 62897
18.9054 62937
18.9086 62977
18.9117 63017
18.9149 63057
18.918 63097
18.9212 63137
18.9243 63177
18.9275 63217
18.9306 63258
18.9338 63299
18.9369 63340
18.9401 63381
18.9432 63422
18.9464 63463
18.9495 63504
18.9527 63545
18.9558 63586
18.959 63627
18.9621 63668
18.9653 63709
18.9684 63750
18.9716 63791
18.9747 63832
18.9779 63873
18.9811 63914
18.9842 63955
18.9874 63996
18.9905 64037
18.9937 64078
18.9968 64119
19 64160
19.0031 64201
19.0063 64242
19.0094 64283
19.0126 64324
19.0157 64365
19.0189 64407
19.022 64449
19.0252 64491
19.0283 64533
19.0315 64575
19.0346 64617
19.0378 64659
19.0409 64701
19.0441 64743
19.0472 64785
19.0504 64827
19.0535 64869
19.0567 64911
19.0599 64953
19.063 64995
19.0662 65037
19.0693 65079
19.0725 65121
19.0756 65163
19.0788 65205
19.0819 65247
19.0851 65289
19.0882 65331
19.0914 65373
19.0945 65415
19.0977 65457
19.1008 65499
19.104 65541
19.1071 65584
19.1103 65627
19.1134 65670
19.1166 65713
19.1197 65756
19.1229 65799
19.126 65842
19.1292 65885
19.1323 65928
19.1355 65971
19.1387 66014
19.1418 66057
19.145 66100
19.1481 66143
19.1513 66186
19.1544 66229
19.1576 66272
19.1607 66315
19.1639 66358
19.167 66401
19.1702 66444
19.1733 66487
19.1765 66530
19.1796 66573
19.1828 66616
19.1859 66659
19.1891 66702
19.1922 66746
19.1954 66790
19.1985 66834
19.2017 66878
19.2048 66922
19.208 66966
19.2111 67010
19.2143 67054
19.2175 67098
19.2206 67142
19.2238 67186
19.2269 67230
19.2301 67274
19.2332 67318
19.2364 67362
19.2395 67406
19.2427 67450
19.2458 67494
19.249 67538
19.2521 67582
19.2553 67626
19.2584 67670
19.2616 67714
19.2647 67758
19.2679 67802
19.271 67846
19.2742 67890
19.2773 67934
19.2805 67979
19.2836 68024
19.2868 68069
19.2899 68114
19.2931 68159
19.2963 68204
19.2994 68249
19.3026 68294
19.3057 68339
19.3089 68384
19.312 68429
19.3152 68474
19.3183 68519
19.3215 68564
19.3246 68609
19.3278 68654
19.3309 68699
19.3341 68744
19.3372 68789
19.3404 68834
19.3435 68879
19.3467 68924
19.3498 68969
19.353 69014
19.3561 69059
19.3593 69104
19.3624 69149
19.3656 69195
19.3687 69241
19.3719 69287
19.3751 69333
19.3782 69379
19.3814 69425
19.3845 69471
19.3877 69517
19.3908 69563
19.394 69609
19.3971 69655
19.4003 69701
19.4034 69747
19.4066 69793
19.4097 69839
19.4129 69885
19.416 69931
19.4192 69977
19.4223 70023
19.4255 70069
19.4286 70115
19.4318 70161
19.4349 70207
19.4381 70253
19.4412 70299
19.4444 70345
19.4475 70391
19.4507 70438
19.4539 70485
19.457 70532
19.4602 70579
19.4633 70626
19.4665 70673
19.4696 70720
19.4728 70767
19.4759 70814
19.4791 70861
19.4822 70908
19.4854 70955
19.4885 71002
19.4917 71049
19.4948 71096
19.498 71143
19.5011 71190
19.5043 71237
19.5074 71284
19.5106 71331
19.5137 71378
19.5169 71425
19.52 71472
19.5232 71519
19.5263 71566
19.5295 71613
19.5327 71660
19.5358 71708
19.539 71756
19.5421 71804
19.5453 71852
19.5484 71900
19.5516 71948
19.5547 71996
19.5579 72044
19.561 72092
19.5642 72140
19.5673 72188
19.5705 72236
19.5736 72284
19.5768 72332
19.5799 72380
19.5831 72428
19.5862 72476
19.5894 72524
19.5925 72572
19.5957 72620
19.5988 72668
19.602 72716
19.6051 72764
19.6083 72812
19.6115 72860
19.6146 72908
19.6178 72956
19.6209 73005
19.6241 73054
19.6272 73103
19.6304 73152
19.6335 73201
19.6367 73250
19.6398 73299
19.643 73348
19.6461 73397
19.6493 73446
19.6524 73495
19.6556 73544
19.6587 73593
19.6619 73642
19.665 73691
19.6682 73740
19.6713 73789
19.6745 73838
19.6776 73887
19.6808 73936
19.6839 73985
19.6871 74034
19.6903 74083
19.6934 74132
19.6966 74181
19.6997 74230
19.7029 74279
19.706 74329
19.7092 74379
19.7123 74429
19.7155 74479
19.7186 74529
19.7218 74579
19.7249 74629
19.7281 74679
19.7312 74729
19.7344 74779
19.7375 74829
19.7407 74879
19.7438 74929
19.747 74979
19.7501 75029
19.7533 75079
19.7564 75129
19.7596 75179
19.7627 75229
19.7659 75279
19.7691 75329
19.7722 75379
19.7754 75429
19.7785 75479
19.7817 75529
19.7848 75579
19.788 75629
19.7911 75680
19.7943 75731
19.7974 75782
19.8006 75833
19.8037 75884
19.8069 75935
19.81 75986
19.8132 76037
19.8163 76088
19.8195 76139
19.8226 76190
19.8258 76241
19.8289 76292
19.8321 76343
19.8352 76394
19.8384 76445
19.8415 76496
19.8447 76547
19.8479 76598
19.851 76649
19.8542 76700
19.8573 76751
19.8605 76802
19.8636 76853
19.8668 76904
19.8699 76955
19.8731 77006
19.8762 77058
19.8794 77110
19.8825 77162
19.8857 77214
19.8888 77266
19.892 77318
19.8951 77370
19.8983 77422
19.9014 77474
19.9046 77526
19.9077 77578
19.9109 77630
19.914 77682
19.9172 77734
19.9203 77786
19.9235 77838
19.9267 77890
19.9298 77942
19.933 77994
19.9361 78046
19.9393 78098
19.9424 78150
19.9456 78202
19.9487 78254
19.9519 78306
19.955 78358
19.9582 78411
19.9613 78464
19.9645 78517
19.9692 78517
19.9692 41313
