0.0 0
0.0905768 0.09
0.18279 0.09025
0.276537 0.0907188
0.370283 0.0911289
0.462454 0.102988
0.465606 0.101989
0.5562 0.100991
0.559352 0.100492
0.562504 0.100055
0.649946 0.0991734
0.653098 0.0989017
0.65625 0.098664
0.659402 0.098456
0.742117 0.108649
0.745269 0.107068
0.748421 0.105559
0.751573 0.104614
0.754725 0.103788
0.757877 0.103064
0.834287 0.112056
0.837439 0.109924
0.840591 0.108059
0.843743 0.106801
0.846895 0.105701
0.850047 0.104864
0.853199 0.104506
0.856351 0.104192
0.859503 0.103918
0.926458 0.112054
0.92961 0.109922
0.932762 0.108057
0.935914 0.1068
0.939066 0.105825
0.942218 0.104972
0.94537 0.1046
0.948522 0.104275
0.951674 0.103866
0.954826 0.103882
0.957978 0.103897
0.96113 0.104035
0.964282 0.104531
0.967434 0.104964
1.0202 0.103594
1.02336 0.10277
1.02651 0.102048
1.02966 0.101417
1.03281 0.10124
1.03596 0.101085
1.03912 0.100949
1.04227 0.101206
1.04542 0.10143
1.04857 0.101626
1.05172 0.102173
1.05488 0.102651
1.05803 0.103195
1.06118 0.104046
1.06433 0.10479
1.06748 0.105441
1.07064 0.106386
1.07379 0.107088
1.07694 0.107702
1.08009 0.108739
1.08324 0.109647
1.11395 0.107566
1.1171 0.106245
1.12025 0.105089
1.12341 0.104078
1.12656 0.103569
1.12971 0.103122
1.13286 0.102732
1.13601 0.102891
1.13917 0.103029
1.14232 0.103026
1.14547 0.103397
1.14862 0.103723
1.15177 0.104007
1.15493 0.104631
1.15808 0.105303
1.16123 0.10589
1.16438 0.106779
1.16753 0.107556
1.17069 0.108112
1.17384 0.108973
1.17699 0.109726
1.18014 0.11051
1.18329 0.111572
1.18645 0.1125
1.1896 0.113313
1.19275 0.114399
1.1959 0.115349
1.19905 0.116305
1.20221 0.117517
1.20536 0.118452
1.20851 0.119271
1.21166 0.120362
1.21481 0.117942
1.21797 0.115699
1.22112 0.114237
1.22427 0.112957
1.22742 0.111837
1.23057 0.111233
1.23373 0.110704
1.23688 0.110241
1.24003 0.110336
1.24318 0.110419
1.24633 0.110366
1.24949 0.110696
1.25264 0.110984
1.25579 0.111236
1.25894 0.111831
1.26209 0.112477
1.26525 0.113043
1.2684 0.113912
1.27155 0.114673
1.2747 0.115339
1.27785 0.116297
1.28101 0.117135
1.28416 0.117868
1.28731 0.118884
1.29046 0.119774
1.29361 0.120552
1.29677 0.121608
1.29992 0.122532
1.30307 0.123466
1.30622 0.124657
1.30937 0.1257
1.31253 0.126488
1.31568 0.127552
1.31883 0.128483
1.32198 0.129297
1.32513 0.13051
1.32829 0.131571
1.33144 0.1325
1.33459 0.133688
1.33774 0.134727
1.34089 0.135511
1.34405 0.136697
1.3472 0.137735
1.35035 0.138643
1.3535 0.139813
1.35665 0.140836
1.35981 0.141732
1.36296 0.14289
1.36611 0.144029
1.36926 0.145025
1.37241 0.146272
1.37557 0.147238
1.37872 0.148083
1.38187 0.149198
1.38502 0.150298
1.38817 0.151261
1.39133 0.152478
1.39448 0.153543
1.39763 0.154476
1.40078 0.155666
1.40393 0.156583
1.40709 0.15751
1.41024 0.158696
1.41339 0.159734
1.41654 0.160642
1.41969 0.161812
1.42285 0.162836
1.426 0.163731
1.42915 0.165015
1.4323 0.166138
1.43545 0.166996
1.43861 0.168121
1.44176 0.169106
1.44491 0.169968
1.44806 0.171222
1.45121 0.172319
1.45437 0.173279
1.45752 0.174494
1.46067 0.175558
1.46382 0.176363
1.46697 0.177442
1.47013 0.178512
1.47328 0.179448
1.47643 0.180642
1.47958 0.181687
1.48273 0.182601
1.48589 0.183776
1.48904 0.184929
1.49219 0.185938
1.49534 0.187196
1.49849 0.188171
1.50165 0.189025
1.5048 0.190147
1.50795 0.191128
1.5111 0.192112
1.51425 0.193348
1.51741 0.19443
1.52056 0.195376
1.52371 0.196579
1.52686 0.197632
1.53001 0.198553
1.53317 0.199734
1.53632 0.200767
1.53947 0.201671
1.54262 0.202837
1.54577 0.203858
1.54893 0.20475
1.55208 0.206032
1.55523 0.207153
1.55838 0.208009
1.56153 0.209132
1.56469 0.210116
1.56784 0.210976
1.57099 0.212104
1.57414 0.213216
1.57729 0.214189
1.58045 0.215416
1.5836 0.216489
1.58675 0.217428
1.5899 0.218624
1.59305 0.219671
1.59621 0.220587
1.59936 0.221764
1.60251 0.222793
1.60566 0.223694
1.60881 0.224857
1.61197 0.225875
1.61512 0.226891
1.61827 0.228154
1.62142 0.229135
1.62457 0.229993
1.62773 0.231119
1.63088 0.232104
1.63403 0.233091
1.63718 0.23433
1.64033 0.235414
1.64349 0.236362
1.64664 0.237567
1.64979 0.238621
1.65294 0.239418
1.65609 0.240616
1.65925 0.241664
1.6624 0.242581
1.66555 0.243758
1.6687 0.244789
1.67185 0.24569
1.67501 0.246979
1.67816 0.248106
1.68131 0.249093
1.68446 0.250331
1.68761 0.25129
1.69077 0.252129
1.69392 0.253238
1.69707 0.254333
1.70022 0.255291
1.70337 0.256505
1.70653 0.257567
1.70968 0.258496
1.71283 0.259684
1.71598 0.260598
1.71913 0.261524
1.72229 0.262708
1.72544 0.263745
1.72859 0.264652
1.73174 0.26582
1.73489 0.266843
1.73805 0.267862
1.7412 0.26913
1.74435 0.270238
1.7475 0.271084
1.75065 0.272198
1.75381 0.273173
1.75696 0.274027
1.76011 0.275273
1.76326 0.276364
1.76641 0.277319
1.76957 0.278529
1.77272 0.279588
1.77587 0.280389
1.77902 0.281591
1.78217 0.282642
1.78533 0.283562
1.78848 0.284741
1.79163 0.285774
1.79478 0.286677
1.79793 0.287842
1.80109 0.288987
1.80424 0.289989
1.80739 0.29124
1.81054 0.29221
1.81369 0.293059
1.81685 0.294176
1.82 0.295154
1.82315 0.296135
1.8263 0.297368
1.82945 0.298447
1.83261 0.299391
1.83576 0.300592
1.83891 0.301518
1.84206 0.302454
1.84521 0.303647
1.84837 0.304691
1.85152 0.305605
1.85467 0.306779
1.85782 0.307807
1.86097 0.308706
1.86413 0.309993
1.86728 0.311119
1.87043 0.311979
1.87358 0.313106
1.87673 0.314093
1.87989 0.314956
1.88304 0.316212
1.88619 0.31731
1.88934 0.318272
1.89249 0.319488
1.89565 0.320552
1.8988 0.321483
1.90195 0.322672
1.9051 0.323713
1.90825 0.324624
1.91141 0.325796
1.91456 0.326822
1.91771 0.327719
1.92086 0.328879
1.92401 0.330019
1.92717 0.331017
3.03194 0.30539
3.03509 0.282966
3.03825 0.263345
3.0414 0.246177
3.04455 0.231155
3.0477 0.218011
3.05085 0.206509
3.05401 0.196446
3.05716 0.18764
3.06031 0.179935
3.06346 0.173193
3.06661 0.167294
3.06977 0.162132
3.07449 0.157866
3.07765 0.154257
3.0808 0.151225
3.08395 0.148822
3.0871 0.146969
3.09025 0.145598
3.09341 0.144523
3.09656 0.143833
3.09971 0.143354
3.10286 0.14306
3.10601 0.143177
3.10917 0.143405
3.11232 0.143854
3.11547 0.144373
3.11862 0.144951
3.12177 0.145707
3.12493 0.146494
3.12808 0.147557
3.13123 0.148612
3.13438 0.149786
3.13753 0.150938
3.14069 0.15207
3.14384 0.153312
3.14699 0.154523
3.15014 0.155957
3.15329 0.157338
3.15645 0.158795
3.1596 0.160196
3.16275 0.161547
3.1659 0.162978
3.16905 0.164481
3.17221 0.166046
3.17536 0.16754
3.17851 0.169098
3.18166 0.170585
3.18481 0.172012
3.18797 0.173511
3.19112 0.175072
3.19427 0.176688
3.19742 0.178227
3.20057 0.179824
3.20373 0.181346
3.20688 0.182802
3.21003 0.184452
3.21318 0.186021
3.21633 0.187643
3.21949 0.189188
3.22264 0.190664
3.22579 0.192206
3.22894 0.19368
3.23209 0.195345
3.23525 0.196927
3.2384 0.198186
3.24155 0.199163
3.2447 0.200018
3.24785 0.200765
3.25101 0.201545
3.25416 0.202227
3.25731 0.202823
3.26046 0.20322
3.26361 0.203568
3.26677 0.203872
3.26992 0.204138
3.27307 0.204496
3.27622 0.204809
3.27937 0.204833
3.28252 0.204479
3.28568 0.203669
3.28883 0.202585
3.29198 0.201262
3.29513 0.199729
3.29828 0.198013
3.30144 0.196136
3.30459 0.194119
3.30774 0.191854
3.31089 0.189498
3.31404 0.18756
3.3172 0.18549
3.32035 0.183179
3.3235 0.180782
3.32665 0.178309
3.3298 0.175645
3.33296 0.17294
3.33611 0.170322
3.33926 0.167532
3.34241 0.164715
3.34556 0.161876
3.34872 0.158892
3.35187 0.155905
3.35502 0.153042
3.35817 0.150162
3.36132 0.147141
3.36448 0.144499
3.36763 0.142186
3.37078 0.140163
3.37393 0.138393
3.37708 0.136844
3.38024 0.135488
3.38339 0.134302
3.38654 0.133264
3.38969 0.132356
3.39284 0.131562
3.396 0.130867
3.39915 0.130258
3.4023 0.129726
3.40545 0.12926
3.4086 0.128853
3.41176 0.128496
3.41491 0.128184
3.41806 0.128036
3.42121 0.127782
3.42436 0.127559
3.42752 0.127364
3.43067 0.127194
3.43382 0.127044
3.43697 0.126914
3.44012 0.1268
3.44328 0.1267
3.44643 0.126612
3.44958 0.126536
3.45273 0.126469
3.45588 0.12641
3.45904 0.126484
3.46219 0.126423
3.46534 0.12637
3.46849 0.126324
3.47164 0.126284
3.4748 0.126248
3.47795 0.126217
3.4811 0.12669
3.48425 0.126979
3.4874 0.127231
3.49056 0.127452
3.49371 0.127646
3.49686 0.127815
3.50001 0.128088
3.50316 0.128327
3.50632 0.128411
3.50947 0.128485
3.51262 0.128549
3.51577 0.128606
3.51892 0.128655
3.52208 0.128823
3.52523 0.12897
3.52838 0.128974
3.53153 0.128977
3.53468 0.12898
3.53784 0.128983
3.54099 0.128985
3.54414 0.129112
3.54729 0.129098
3.55044 0.129085
3.5536 0.129075
3.55675 0.129065
3.5599 0.129057
3.56305 0.129175
3.5662 0.129278
3.56936 0.129243
3.57251 0.129213
3.57566 0.129186
3.57881 0.129163
3.58196 0.129143
3.58512 0.12925
3.58827 0.129219
3.59142 0.129191
3.59457 0.129167
3.59772 0.129146
3.60088 0.129128
3.60403 0.129237
3.60718 0.129332
3.61033 0.129291
3.61348 0.129255
3.61664 0.129223
3.61979 0.129195
3.62294 0.129171
3.62609 0.129274
3.62924 0.12924
3.6324 0.12921
3.63555 0.129184
3.6387 0.129161
3.64185 0.129141
3.645 0.129248
3.64816 0.129342
3.65131 0.129299
3.65446 0.129262
3.65761 0.129229
3.66076 0.129201
3.66392 0.129175
3.66707 0.129279
3.67022 0.129369
3.67337 0.129323
3.67652 0.129282
3.67968 0.129247
3.68283 0.129216
3.68598 0.129189
3.68913 0.12929
3.69228 0.129254
3.69544 0.129222
3.69859 0.129195
3.70174 0.12917
3.70489 0.129149
3.70804 0.129255
3.7112 0.129348
3.71435 0.129305
3.7175 0.129267
3.72065 0.129233
3.7238 0.129204
3.72696 0.129179
3.73011 0.129281
3.73326 0.129246
3.73641 0.129215
3.73956 0.129188
3.74272 0.129165
3.74587 0.129144
3.74902 0.129251
3.75217 0.129345
3.75532 0.129302
3.75848 0.129264
3.76163 0.129231
3.76478 0.129202
3.76793 0.129177
3.77108 0.12928
3.77424 0.129245
3.77739 0.129214
3.78054 0.129187
3.78369 0.129164
3.78684 0.129143
3.79 0.129126
3.79315 0.129235
3.7963 0.129206
3.79945 0.12918
3.8026 0.129157
3.80576 0.129138
3.80891 0.12912
3.81206 0.12923
3.81521 0.129327
3.81836 0.129286
3.82152 0.12925
3.82467 0.129219
3.82782 0.129191
3.83097 0.129168
3.83412 0.129272
3.83728 0.129238
3.84043 0.129208
3.84358 0.129182
3.84673 0.129159
3.84988 0.129139
3.85304 0.129247
3.85619 0.129341
3.85934 0.129298
3.86249 0.129261
3.86564 0.129228
3.8688 0.1292
3.87195 0.129175
3.8751 0.129278
3.87825 0.129243
3.8814 0.129213
3.88456 0.129186
3.88771 0.129163
3.89086 0.129143
3.89401 0.12925
3.89716 0.129344
3.90032 0.129301
3.90347 0.129263
3.90662 0.12923
3.90977 0.129201
3.91292 0.129551
3.91608 0.129982
3.91923 0.13036
3.92238 0.13069
3.92553 0.130853
3.92868 0.130997
3.93184 0.131122
3.93499 0.131232
3.93814 0.131453
3.94129 0.131646
3.94444 0.13169
3.9476 0.131729
3.95075 0.131763
3.9539 0.131793
3.95705 0.131944
3.9602 0.132076
3.96336 0.132191
3.96651 0.132167
3.96966 0.132146
3.97281 0.132128
3.97596 0.132112
3.97912 0.132223
3.98227 0.13232
3.98542 0.13228
3.98857 0.132245
3.99172 0.132214
3.99488 0.132188
3.99803 0.132289
4.00118 0.132378
4.00433 0.132456
4.00748 0.132399
4.01064 0.132349
4.01379 0.132305
4.01694 0.132267
4.02009 0.132359
4.02324 0.132439
4.0264 0.132384
4.02955 0.132336
4.0327 0.132294
4.03585 0.132257
4.039 0.13235
4.04216 0.132431
4.04531 0.132502
4.04846 0.13244
4.05161 0.132385
4.05476 0.132337
4.05792 0.132295
4.06107 0.132383
4.06422 0.13246
4.06737 0.132527
4.07052 0.132461
4.07368 0.132404
4.07683 0.132353
4.07998 0.132309
4.08313 0.132395
4.08628 0.132471
4.08944 0.132412
4.09259 0.132361
4.09574 0.132316
4.09889 0.132276
4.10204 0.132367
4.1052 0.132446
4.10835 0.132515
4.1115 0.132451
4.11465 0.132394
4.1178 0.132345
4.12096 0.132302
4.12411 0.132389
4.12726 0.132466
4.13041 0.132407
4.13356 0.132356
4.13672 0.132312
4.13987 0.132273
4.14302 0.132364
4.14617 0.132443
4.14932 0.132513
4.15248 0.132449
4.15563 0.132393
4.15878 0.132344
4.16193 0.132301
4.16508 0.132388
4.16824 0.132465
4.17139 0.132406
4.17454 0.132356
4.17769 0.132311
4.18084 0.132272
4.184 0.132238
4.18715 0.132333
4.1903 0.132417
4.19345 0.132365
4.1966 0.132319
4.19976 0.132279
4.20291 0.132244
4.20606 0.132339
4.20921 0.132421
4.21236 0.132494
4.21552 0.132432
4.21867 0.132378
4.22182 0.132331
4.22497 0.132289
4.22812 0.132378
4.23128 0.132456
4.23443 0.132399
4.23758 0.132349
4.24073 0.13268
4.24388 0.13297
4.24704 0.133349
4.25019 0.13368
4.25334 0.13397
4.25649 0.134224
4.25964 0.134321
4.2628 0.134406
4.26595 0.13448
4.2691 0.13467
4.27225 0.134836
4.2754 0.134982
4.27856 0.134984
4.28171 0.134986
4.28486 0.134988
4.28801 0.135114
4.29116 0.135225
4.29432 0.135322
4.29747 0.135407
4.30062 0.135356
4.30377 0.135311
4.30692 0.135272
4.31008 0.135363
4.31323 0.135443
4.31638 0.135513
4.31953 0.135574
4.32268 0.135502
4.32584 0.135439
4.32899 0.135384
4.33214 0.135461
4.33529 0.135529
4.33844 0.135587
4.3416 0.135514
4.34475 0.13545
4.3479 0.135394
4.35105 0.135469
4.3542 0.135536
4.35736 0.135594
4.36051 0.135645
4.36366 0.135564
4.36681 0.135493
4.36996 0.135432
4.37312 0.135503
4.37627 0.135565
4.37942 0.135619
4.38257 0.135542
4.38572 0.135474
4.38888 0.135415
4.39203 0.135488
4.39518 0.135552
4.39833 0.135608
4.40148 0.135657
4.40464 0.135575
4.40779 0.135503
4.41094 0.13544
4.41409 0.13551
4.41724 0.135571
4.4204 0.135625
4.42355 0.135547
4.4267 0.135478
4.42985 0.135419
4.433 0.135491
4.43616 0.135555
4.43931 0.135611
4.44246 0.135659
4.44561 0.135577
4.44876 0.135505
4.45192 0.135442
4.45507 0.135511
4.45822 0.135572
4.46137 0.135626
4.46452 0.135673
4.46768 0.135589
4.47083 0.135515
4.47398 0.135451
4.47713 0.135894
4.48028 0.136283
4.48344 0.136622
4.48659 0.136919
4.48974 0.137055
4.49289 0.137173
4.49604 0.137401
4.4992 0.137601
4.50235 0.137776
4.5055 0.137929
4.50865 0.138063
4.5118 0.138055
4.51496 0.138048
4.51811 0.138167
4.52126 0.138271
4.52441 0.138362
4.52756 0.138442
4.53072 0.138387
4.53387 0.138338
4.53702 0.138421
4.54017 0.138493
4.54332 0.138557
4.54648 0.138612
4.54963 0.138661
4.55278 0.138578
4.55593 0.138506
4.55908 0.138568
4.56224 0.138622
4.56539 0.138669
4.56854 0.13871
4.57169 0.138622
4.57484 0.138544
4.578 0.138476
4.58115 0.138541
4.5843 0.138599
4.58745 0.138649
4.5906 0.138693
4.59376 0.138606
4.59691 0.13853
4.60006 0.138589
4.60321 0.13864
4.60636 0.138685
4.60952 0.138725
4.61267 0.138759
4.61582 0.138664
4.61897 0.138581
4.62212 0.138634
4.62528 0.138679
4.62843 0.138719
4.63158 0.138755
4.63473 0.13866
4.63788 0.138578
4.64104 0.13863
4.64419 0.138677
4.64734 0.138717
4.65049 0.138752
4.65364 0.138783
4.6568 0.138685
4.65995 0.1386
4.6631 0.13865
4.66625 0.139069
4.6694 0.139435
4.67256 0.139756
4.67571 0.140036
4.67886 0.140157
4.68201 0.140387
4.68516 0.140589
4.68832 0.140765
4.69147 0.140919
4.69462 0.141055
4.69777 0.141173
4.70092 0.141151
4.70408 0.141257
4.70723 0.14135
4.71038 0.141431
4.71353 0.141502
4.71668 0.141565
4.71984 0.141619
4.72299 0.141542
4.72614 0.141599
4.72929 0.141649
4.73244 0.141693
4.7356 0.141731
4.73875 0.141765
4.7419 0.141669
4.74505 0.141711
4.7482 0.141747
4.75136 0.141778
4.75451 0.141806
4.75766 0.14183
4.76081 0.141852
4.76396 0.141745
4.76712 0.141777
4.77027 0.141805
4.77342 0.141829
4.77657 0.141851
4.77972 0.141869
4.78288 0.141761
4.78603 0.141791
4.78918 0.141817
4.79233 0.14184
4.79548 0.14186
4.79864 0.141877
4.80179 0.141893
4.80494 0.141781
4.80809 0.141808
4.81124 0.141832
4.8144 0.141853
4.81755 0.141872
4.8207 0.141888
4.82385 0.141777
4.827 0.141805
4.83016 0.141829
4.83331 0.142225
4.83646 0.142572
4.83961 0.142876
4.84276 0.143141
4.84592 0.143374
4.84907 0.143577
4.85222 0.143755
4.85537 0.14391
4.85852 0.144047
4.86168 0.144166
4.86483 0.14427
4.86798 0.144361
4.87113 0.144441
4.87428 0.144511
4.87744 0.144572
4.88059 0.144626
4.88374 0.144672
4.88689 0.144713
4.89004 0.144749
4.8932 0.144781
4.89635 0.144808
4.8995 0.144832
4.90265 0.144853
4.9058 0.144871
4.90896 0.144887
4.91211 0.144902
4.91526 0.144914
4.91841 0.144925
4.92156 0.144934
4.92472 0.144942
4.92787 0.144949
4.93102 0.144956
4.93417 0.144961
4.93732 0.144966
4.94048 0.14497
4.94363 0.144974
4.94678 0.144977
4.94993 0.14498
4.95308 0.144983
4.95624 0.144985
4.95939 0.144987
4.96254 0.144988
4.96569 0.14499
4.96884 0.144991
4.972 0.144867
4.97515 0.144884
4.9783 0.144898
4.98145 0.145286
4.9846 0.145625
4.98776 0.145922
4.99091 0.146182
4.99406 0.146534
4.99721 0.146717
5.00036 0.146878
5.00352 0.147018
5.00667 0.147141
5.00982 0.147248
5.01297 0.147342
5.01612 0.147549
5.01928 0.147606
5.02243 0.147655
5.02558 0.147698
5.02873 0.147736
5.03188 0.147769
5.03504 0.147923
5.03819 0.147932
5.04134 0.147941
5.04449 0.147948
5.04764 0.147955
5.0508 0.14796
5.05395 0.147965
5.0571 0.148095
5.06025 0.148083
5.0634 0.148072
5.06656 0.148063
5.06971 0.148055
5.07286 0.148049
5.07601 0.148167
5.07916 0.148147
5.08232 0.148128
5.08547 0.148112
5.08862 0.148098
5.09177 0.148086
5.09492 0.148075
5.09808 0.148191
5.10123 0.148167
5.10438 0.148146
5.10753 0.148128
5.11068 0.148112
5.11384 0.148098
5.11699 0.148086
5.12014 0.148575
5.12329 0.149003
5.12644 0.149253
5.1296 0.149471
5.13275 0.149662
5.1359 0.149829
5.13905 0.150101
5.1422 0.150338
5.14536 0.150421
5.14851 0.150493
5.15166 0.150557
5.15481 0.150612
5.15796 0.150661
5.16112 0.150828
5.16427 0.150974
5.16742 0.150978
5.17057 0.15098
5.17372 0.150983
5.17688 0.150985
5.18003 0.151112
5.18318 0.151223
5.18633 0.151195
5.18948 0.151171
5.19264 0.151149
5.19579 0.151131
5.19894 0.151114
5.20209 0.151225
5.20524 0.151322
5.2084 0.151282
5.21155 0.151246
5.2147 0.151216
5.21785 0.151189
5.221 0.15129
5.22416 0.151379
5.22731 0.151331
5.23046 0.15129
5.23361 0.151254
5.23676 0.151222
5.23992 0.151194
5.24307 0.151295
5.24622 0.151758
5.24937 0.152163
5.25252 0.152393
5.25568 0.152594
5.25883 0.15277
5.26198 0.152923
5.26513 0.153183
5.26828 0.15341
5.27144 0.153609
5.27459 0.153658
5.27774 0.153701
5.28089 0.153738
5.28404 0.153896
5.2872 0.154034
5.29035 0.154155
5.2935 0.154135
5.29665 0.154118
5.2998 0.154104
5.30296 0.154091
5.30611 0.154204
5.30926 0.154304
5.31241 0.154391
5.31556 0.154342
5.31872 0.154299
5.32187 0.154262
5.32502 0.154354
5.32817 0.154435
5.33132 0.154505
5.33448 0.154442
5.33763 0.154387
5.34078 0.154339
5.34393 0.154296
5.34708 0.154384
5.35024 0.154461
5.35339 0.154529
5.35654 0.154462
5.35969 0.154405
5.36284 0.154729
5.366 0.155013
5.36915 0.155386
5.3723 0.155713
5.37545 0.155999
5.3786 0.156124
5.38176 0.156234
5.38491 0.156329
5.38806 0.156538
5.39121 0.156721
5.39436 0.156881
5.39752 0.157021
5.40067 0.157018
5.40382 0.157016
5.40697 0.157014
5.41012 0.157137
5.41328 0.157245
5.41643 0.157339
5.41958 0.157422
5.42273 0.157369
5.42588 0.157323
5.42904 0.157408
5.43219 0.157482
5.43534 0.157546
5.43849 0.157603
5.44164 0.157528
5.4448 0.157462
5.44795 0.157404
5.4511 0.157479
5.45425 0.157544
5.4574 0.157601
5.46056 0.157651
5.46371 0.157569
5.46686 0.157498
5.47001 0.157561
5.47316 0.157616
5.47632 0.158039
5.47947 0.158409
5.48262 0.158733
5.48577 0.158891
5.48892 0.15903
5.49208 0.159276
5.49523 0.159492
5.49838 0.15968
5.50153 0.159845
5.50468 0.159989
5.50784 0.159991
5.51099 0.159992
5.51414 0.160118
5.51729 0.160228
5.52044 0.160325
5.5236 0.160409
5.52675 0.160483
5.5299 0.160423
5.53305 0.160495
5.5362 0.160558
5.53936 0.160613
5.54251 0.160662
5.54566 0.160704
5.54881 0.160616
5.55196 0.160539
5.55512 0.160597
5.55827 0.160647
5.56142 0.160691
5.56457 0.16073
5.56772 0.160763
5.57088 0.160668
5.57403 0.16071
5.57718 0.160746
5.58033 0.160778
5.58348 0.16118
5.58664 0.161533
5.58979 0.161841
5.59294 0.161986
5.59609 0.162238
5.59924 0.162458
5.6024 0.162651
5.60555 0.162819
5.6087 0.162967
5.61185 0.163096
5.615 0.163209
5.61816 0.163308
5.62131 0.163395
5.62446 0.16347
5.62761 0.163536
5.63076 0.163594
5.63392 0.16352
5.63707 0.16358
5.64022 0.163633
5.64337 0.163678
5.64652 0.163719
5.64968 0.163754
5.65283 0.163785
5.65598 0.163687
5.65913 0.163726
5.66228 0.16376
5.66544 0.16379
5.66859 0.163816
5.67174 0.163839
5.67489 0.163859
5.67804 0.163877
5.6812 0.163892
5.68435 0.164281
5.6875 0.164621
5.69065 0.164918
5.6938 0.165178
5.69696 0.165406
5.70011 0.165605
5.70326 0.16578
5.70641 0.165932
5.70956 0.166066
5.71272 0.166182
5.71587 0.166285
5.71902 0.166499
5.72217 0.166562
5.72532 0.166616
5.72848 0.166664
5.73163 0.166706
5.73478 0.166743
5.73793 0.166775
5.74108 0.166803
5.74424 0.166828
5.74739 0.166849
5.75054 0.166868
5.75369 0.166885
5.75684 0.166899
5.76 0.166912
5.76315 0.166923
5.7663 0.166932
5.76945 0.166941
5.7726 0.166948
5.77576 0.166955
5.77891 0.16696
5.78206 0.167465
5.78521 0.167782
5.78836 0.168059
5.79152 0.168302
5.79467 0.168514
5.79782 0.1687
5.80097 0.168862
5.80412 0.16913
5.80728 0.169238
5.81043 0.169334
5.81358 0.169417
5.81673 0.16949
5.81988 0.169554
5.82304 0.169734
5.82619 0.169893
5.82934 0.169906
5.83249 0.169918
5.83564 0.169928
5.8388 0.169937
5.84195 0.169945
5.8451 0.170077
5.84825 0.170067
5.8514 0.170059
5.85456 0.170051
5.85771 0.170045
5.86086 0.170039
5.86401 0.170159
5.86716 0.170265
5.87032 0.170231
5.87347 0.170578
5.87662 0.17088
5.87977 0.171145
5.88292 0.171377
5.88608 0.171705
5.88923 0.171992
5.89238 0.172118
5.89553 0.172228
5.89868 0.172325
5.90184 0.172409
5.90499 0.172483
5.90814 0.172673
5.91129 0.172838
5.91444 0.172859
5.9176 0.172876
5.92075 0.172892
5.9239 0.172905
5.92705 0.173042
5.9302 0.173162
5.93336 0.173267
5.93651 0.173233
5.93966 0.173204
5.94281 0.173179
5.94596 0.173156
5.94912 0.173262
5.95227 0.173354
5.95542 0.17331
5.95857 0.173271
5.96172 0.173237
5.96488 0.173583
5.96803 0.17401
5.97118 0.174384
5.97433 0.174711
5.97748 0.174997
5.98064 0.175122
5.98379 0.175232
5.98694 0.175328
5.99009 0.175537
5.99324 0.17572
5.9964 0.17588
5.99955 0.175895
6.0027 0.175908
6.00585 0.175919
6.009 0.176055
6.01216 0.176173
6.01531 0.176276
6.01846 0.176367
6.02161 0.176321
6.02476 0.176281
6.02792 0.176246
6.03107 0.17634
6.03422 0.176422
6.03737 0.176495
6.04052 0.176433
6.04368 0.176379
6.04683 0.176331
6.04998 0.17629
6.05313 0.176754
6.05628 0.177159
6.05944 0.177515
6.06259 0.177825
6.06574 0.177972
6.06889 0.178101
6.07204 0.178338
6.0752 0.178546
6.07835 0.178728
6.0815 0.178887
6.08465 0.179026
6.0878 0.179023
6.09096 0.17902
6.09411 0.179142
6.09726 0.179249
6.10041 0.179343
6.10356 0.179425
6.10672 0.179372
6.10987 0.179326
6.11302 0.17941
6.11617 0.179484
6.11932 0.179548
6.12248 0.179605
6.12563 0.179654
6.12878 0.179572
6.13193 0.179501
6.13508 0.179938
6.13824 0.180321
6.14139 0.180656
6.14454 0.180949
6.14769 0.181205
6.15084 0.181305
6.154 0.181392
6.15715 0.181593
6.1603 0.181768
6.16345 0.181922
6.1666 0.182057
6.16976 0.182175
6.17291 0.182153
6.17606 0.182259
6.17921 0.182352
6.18236 0.182433
6.18552 0.182504
6.18867 0.182566
6.19182 0.182495
6.19497 0.182433
6.19812 0.182504
6.20128 0.182566
6.20443 0.18262
6.20758 0.182668
6.21073 0.182709
6.21388 0.182621
6.21704 0.183043
6.22019 0.183413
6.22334 0.183736
6.22649 0.184019
6.22964 0.184267
6.2328 0.184483
6.23595 0.184673
6.2391 0.184839
6.24225 0.184984
6.2454 0.185111
6.24856 0.185222
6.25171 0.185319
6.25486 0.185404
6.25801 0.185479
6.26116 0.185544
6.26432 0.185601
6.26747 0.185651
6.27062 0.185695
6.27377 0.185733
6.27692 0.185766
6.28008 0.185795
6.28323 0.185821
6.28638 0.185843
6.28953 0.185863
6.29268 0.18588
6.29584 0.185895
6.29899 0.186283
6.30214 0.186623
6.30529 0.18692
6.30844 0.18718
6.3116 0.187407
6.31475 0.187607
6.3179 0.187781
6.32105 0.188058
6.3242 0.188176
6.32736 0.188279
6.33051 0.188369
6.33366 0.188448
6.33681 0.188517
6.33996 0.188577
6.34312 0.188755
6.34627 0.188786
6.34942 0.188813
6.35257 0.188836
6.35572 0.188856
6.35888 0.188874
6.36203 0.189015
6.36518 0.189013
6.36833 0.189012
6.37148 0.18901
6.37464 0.189384
6.37779 0.189711
6.38094 0.189997
6.38409 0.190372
6.38724 0.190701
6.3904 0.190863
6.39355 0.191005
6.3967 0.19113
6.39985 0.191238
6.403 0.191459
6.40616 0.191651
6.40931 0.191695
6.41246 0.191733
6.41561 0.191766
6.41876 0.191796
6.42192 0.191821
6.42507 0.191969
6.42822 0.192097
6.43137 0.192085
6.43452 0.192075
6.43767 0.192065
6.44083 0.192057
6.44398 0.19205
6.44713 0.192169
6.45028 0.192648
6.45343 0.192942
6.45659 0.193199
6.45974 0.193424
6.46289 0.193621
6.46604 0.193918
6.46919 0.194179
6.47235 0.194406
6.4755 0.194481
6.47865 0.194545
6.4818 0.194602
6.48495 0.194652
6.48811 0.19482
6.49126 0.194968
6.49441 0.195097
6.49756 0.195085
6.50071 0.195074
6.50387 0.195065
6.50702 0.195182
6.51017 0.195284
6.51332 0.195374
6.51647 0.195327
6.51963 0.195286
6.52278 0.19525
6.52593 0.195594
6.52908 0.19602
6.53223 0.196392
6.53539 0.196718
6.53854 0.197003
6.54169 0.197128
6.54484 0.197237
6.54799 0.197332
6.55115 0.197541
6.5543 0.197723
6.55745 0.197883
6.5606 0.197897
6.56375 0.19791
6.56691 0.197922
6.57006 0.198056
6.57321 0.198174
6.57636 0.198277
6.57951 0.198368
6.58267 0.198322
6.58582 0.198282
6.58897 0.198246
6.59212 0.198341
6.59527 0.198423
6.59843 0.19887
6.60158 0.199261
6.60473 0.199479
6.60788 0.199669
6.61103 0.19996
6.61419 0.200215
6.61734 0.200438
6.62049 0.200634
6.62364 0.200804
6.62679 0.200829
6.62995 0.20085
6.6331 0.200994
6.63625 0.20112
6.6394 0.20123
6.64255 0.201326
6.64571 0.20141
6.64886 0.201359
6.65201 0.201439
6.65516 0.201509
6.65831 0.201571
6.66147 0.201624
6.66462 0.201671
6.66777 0.202087
6.67092 0.202326
6.67407 0.202661
6.67723 0.202953
6.68038 0.203209
6.68353 0.203433
6.68668 0.203629
6.68983 0.2038
6.69299 0.203825
6.69614 0.203972
6.69929 0.2041
6.70244 0.204213
6.70559 0.204311
6.70875 0.204397
6.7119 0.204348
6.71505 0.204429
6.7182 0.204501
6.72135 0.204563
6.72451 0.204618
6.72766 0.204665
6.73081 0.204707
6.73396 0.204619
6.73711 0.205041
6.74027 0.205411
6.74342 0.205735
6.74657 0.206018
6.74972 0.206266
6.75287 0.206483
6.75603 0.206797
6.75918 0.206948
6.76233 0.207079
6.76548 0.207194
6.76863 0.207295
6.77179 0.207383
6.77494 0.20746
6.77809 0.207528
6.78124 0.207587
6.78439 0.207638
6.78755 0.207684
6.7907 0.207723
6.79385 0.207758
6.797 0.207913
6.80015 0.207924
6.80331 0.208308
6.80646 0.208645
6.80961 0.208939
6.81276 0.209197
6.81591 0.209422
6.81907 0.209744
6.82222 0.209901
6.82537 0.210039
6.82852 0.210159
6.83167 0.210264
6.83483 0.210356
6.83798 0.210437
6.84113 0.210632
6.84428 0.210678
6.84743 0.210718
6.85059 0.210753
6.85374 0.210784
6.85689 0.210811
6.86004 0.21096
6.86319 0.210965
6.86635 0.210969
6.8695 0.211348
6.87265 0.21168
6.8758 0.21197
6.87895 0.212223
6.88211 0.21257
6.88526 0.212874
6.88841 0.213015
6.89156 0.213138
6.89471 0.213246
6.89787 0.21334
6.90102 0.213548
6.90417 0.213729
6.90732 0.213888
6.91047 0.213902
6.91363 0.213914
6.91678 0.213925
6.91993 0.213934
6.92308 0.214068
6.92623 0.214184
6.92939 0.214161
6.93254 0.214141
6.93569 0.214498
6.93884 0.214811
6.94199 0.215085
6.94515 0.215449
6.9483 0.215768
6.95145 0.216047
6.9546 0.216166
6.95775 0.21627
6.96091 0.216362
6.96406 0.216566
6.96721 0.216746
6.97036 0.216902
6.97351 0.216915
6.97667 0.216925
6.97982 0.216935
6.98297 0.216943
6.98612 0.217075
6.98927 0.217191
6.99243 0.217292
6.99558 0.217255
6.99873 0.217598
7.00188 0.217899
7.00503 0.218286
7.00819 0.218625
7.01134 0.218922
7.01449 0.219182
7.01764 0.219284
7.02079 0.219374
7.02395 0.219452
7.0271 0.219645
7.03025 0.219815
7.0334 0.219963
7.03655 0.220093
7.03971 0.220081
7.04286 0.220071
7.04601 0.220187
7.04916 0.220289
7.05231 0.220378
7.05547 0.220455
7.05862 0.220523
7.06177 0.220958
7.06492 0.221213
7.06807 0.221562
7.07123 0.221866
7.07438 0.222133
7.07753 0.222366
7.08068 0.222571
7.08383 0.222624
7.08699 0.222671
7.09014 0.222837
7.09329 0.222983
7.09644 0.22311
7.09959 0.223221
7.10275 0.223318
7.1059 0.223279
7.10905 0.223369
7.1122 0.223448
7.11535 0.223517
7.11851 0.223577
7.12166 0.22363
7.12481 0.224051
7.12796 0.224295
7.13111 0.224633
7.13427 0.224929
7.13742 0.225188
7.14057 0.225414
7.14372 0.225613
7.14687 0.225786
7.15003 0.225938
7.15318 0.22607
7.15633 0.226187
7.15948 0.226288
7.16263 0.226377
7.16579 0.226455
7.16894 0.226523
7.17209 0.226583
7.17524 0.226635
7.17839 0.226681
7.18155 0.226721
7.1847 0.22713
7.18785 0.227489
7.191 0.227928
7.19415 0.228187
7.19731 0.228414
7.20046 0.228612
7.20361 0.228785
7.20676 0.228937
7.20991 0.22907
7.21307 0.229311
7.21622 0.229397
7.21937 0.229473
7.22252 0.229539
7.22567 0.229596
7.22883 0.229647
7.23198 0.229691
7.23513 0.22973
7.23828 0.229763
7.24143 0.229793
7.24459 0.230194
7.24774 0.230545
7.25089 0.230852
7.25404 0.231245
7.25719 0.231589
7.26035 0.231766
7.2635 0.23192
7.26665 0.232055
7.2698 0.232173
7.27295 0.232277
7.27611 0.232492
7.27926 0.232555
7.28241 0.232611
7.28556 0.23266
7.28871 0.232702
7.29187 0.232739
7.29502 0.232897
7.29817 0.233035
7.30132 0.233531
7.30447 0.233839
7.30763 0.234109
7.31078 0.234346
7.31393 0.234552
7.31708 0.234858
7.32023 0.235126
7.32339 0.23536
7.32654 0.23544
7.32969 0.23551
7.33284 0.235571
7.33599 0.235625
7.33915 0.235797
7.3423 0.235947
7.34545 0.235954
7.3486 0.23596
7.35175 0.235965
7.35491 0.235969
7.35806 0.236098
7.36121 0.236586
7.36436 0.237012
7.36751 0.237386
7.37067 0.237588
7.37382 0.237764
7.37697 0.237919
7.38012 0.238179
7.38327 0.238407
7.38643 0.238606
7.38958 0.238655
7.39273 0.238698
7.39588 0.238736
7.39903 0.238894
7.40219 0.239032
7.40534 0.239153
7.40849 0.239259
7.41164 0.239227
7.41479 0.239198
7.41795 0.239548
7.4211 0.23998
7.42425 0.240357
7.4274 0.240688
7.43055 0.240977
7.43371 0.241105
7.43686 0.241217
7.44001 0.24144
7.44316 0.241635
7.44631 0.241805
7.44947 0.241955
7.45262 0.242085
7.45577 0.242075
7.45892 0.242065
7.46207 0.242182
7.46523 0.242284
7.46838 0.242374
7.47153 0.242452
7.47468 0.242896
7.47783 0.243284
7.48099 0.243498
7.48414 0.243811
7.48729 0.244085
7.49044 0.244324
7.49359 0.244533
7.49675 0.244717
7.4999 0.244752
7.50305 0.244908
7.5062 0.245045
7.50935 0.245164
7.51251 0.245269
7.51566 0.24536
7.51881 0.24544
7.52196 0.245385
7.52511 0.245462
7.52827 0.245904
7.53142 0.246291
7.53457 0.24663
7.53772 0.246926
7.54087 0.247185
7.54403 0.247412
7.54718 0.247611
7.55033 0.247784
7.55348 0.247936
7.55663 0.248069
7.55979 0.248186
7.56294 0.248287
7.56609 0.248376
7.56924 0.248454
7.57239 0.248523
7.57555 0.248582
7.5787 0.248634
7.58185 0.24868
7.585 0.24922
7.58815 0.249693
7.59131 0.249981
7.59446 0.250233
7.59761 0.250454
7.60076 0.250647
7.60391 0.250817
7.60707 0.251089
7.61022 0.251203
7.61337 0.251303
7.61652 0.25139
7.61967 0.251466
7.62283 0.251533
7.62598 0.251591
7.62913 0.251767
7.63228 0.251797
7.63543 0.251822
7.63859 0.252219
7.64174 0.252567
7.64489 0.252871
7.64804 0.253262
7.65119 0.253604
7.65435 0.253779
7.6575 0.253931
7.66065 0.254065
7.6638 0.254182
7.66695 0.254284
7.67011 0.254499
7.67326 0.254686
7.67641 0.254726
7.67956 0.25476
7.68271 0.25479
7.68587 0.254816
7.68902 0.254964
7.69217 0.255469
7.69532 0.25591
7.69847 0.256171
7.70163 0.2564
7.70478 0.2566
7.70793 0.256775
7.71108 0.257053
7.71423 0.257296
7.71739 0.257509
7.72054 0.257571
7.72369 0.257624
7.72684 0.257671
7.72999 0.257712
7.73315 0.257873
7.7363 0.258014
7.73945 0.258137
7.7426 0.25812
7.74575 0.25848
7.74891 0.258795
7.75206 0.259196
7.75521 0.259546
7.75836 0.259853
7.76151 0.260121
7.76467 0.260231
7.76782 0.260327
7.77097 0.260411
7.77412 0.26061
7.77727 0.260784
7.78043 0.260936
7.78358 0.261069
7.78673 0.26106
7.78988 0.261053
7.79303 0.261171
7.79619 0.26165
7.79934 0.262068
7.80249 0.262435
7.80564 0.262756
7.80879 0.262911
7.81195 0.263047
7.8151 0.263291
7.81825 0.263505
7.8214 0.263692
7.82455 0.263855
7.82771 0.263998
7.83086 0.263999
7.83401 0.264124
7.83716 0.264233
7.84031 0.264329
7.84347 0.264413
7.84662 0.264486
7.84977 0.264926
7.85292 0.265185
7.85607 0.265537
7.85923 0.265845
7.86238 0.266114
7.86553 0.26635
7.86868 0.266556
7.87183 0.266737
7.87499 0.26677
7.87814 0.266923
7.88129 0.267058
7.88444 0.267176
7.88759 0.267279
7.89075 0.267369
7.8939 0.267448
7.89705 0.267517
7.9002 0.267952
7.90335 0.268333
7.90651 0.268667
7.90966 0.268958
7.91281 0.269213
7.91596 0.269437
7.91911 0.269632
7.92227 0.269803
7.92542 0.269953
7.92857 0.270084
7.93172 0.270198
7.93487 0.270298
7.93803 0.270511
7.94118 0.270572
7.94433 0.270626
7.94748 0.270672
7.95063 0.271088
7.95379 0.271452
7.95694 0.271771
7.96009 0.272174
7.96324 0.272403
7.96639 0.272602
7.96955 0.272777
7.9727 0.27293
7.97585 0.273064
7.979 0.273306
7.98215 0.273517
7.98531 0.273578
7.98846 0.273631
7.99161 0.273677
7.99476 0.273717
7.99791 0.274128
8.00107 0.274612
8.00422 0.275035
8.00737 0.275406
8.01052 0.275605
8.01367 0.275779
8.01683 0.275932
8.01998 0.276065
8.02313 0.276307
8.02628 0.276519
8.02943 0.276579
8.03259 0.276632
8.03574 0.276678
8.03889 0.276718
8.04204 0.276878
8.04519 0.277018
8.04835 0.277516
8.0515 0.277952
8.05465 0.278208
8.0578 0.278432
8.06095 0.278628
8.06411 0.278924
8.06726 0.279184
8.07041 0.279411
8.07356 0.279484
8.07671 0.279549
8.07987 0.279605
8.08302 0.27978
8.08617 0.279932
8.08932 0.280066
8.09247 0.280182
8.09563 0.28016
8.09878 0.280515
8.10193 0.280825
8.10508 0.281222
8.10823 0.281569
8.11139 0.281873
8.11454 0.282139
8.11769 0.282247
8.12084 0.282341
8.12399 0.282423
8.12715 0.28262
8.1303 0.282793
8.13345 0.282944
8.1366 0.283076
8.13975 0.283066
8.14291 0.283058
8.14606 0.283551
8.14921 0.283982
8.15236 0.284359
8.15551 0.284689
8.15867 0.284978
8.16182 0.285231
8.16497 0.285327
8.16812 0.285536
8.17127 0.285719
8.17443 0.285879
8.17758 0.286019
8.18073 0.286142
8.18388 0.286124
8.18703 0.286234
8.19019 0.286329
8.19334 0.286788
8.19649 0.28719
8.19964 0.287541
8.20279 0.287848
8.20595 0.288117
8.2091 0.288353
8.21225 0.288559
8.2154 0.288739
8.21855 0.288896
8.22171 0.289034
8.22486 0.289155
8.22801 0.289261
8.23116 0.289353
8.23431 0.289434
8.23747 0.289505
8.24062 0.289942
8.24377 0.290324
8.24692 0.290658
8.25007 0.291076
8.25323 0.291317
8.25638 0.291527
8.25953 0.291711
8.26268 0.291872
8.26583 0.292013
8.26899 0.292137
8.27214 0.292244
8.27529 0.292339
8.27844 0.292422
8.28159 0.292494
8.28475 0.292557
8.2879 0.292987
8.29105 0.293489
8.2942 0.293928
8.29735 0.294187
8.30051 0.294414
8.30366 0.294612
8.30681 0.294785
8.30996 0.294937
8.31311 0.295195
8.31627 0.295421
8.31942 0.295493
8.32257 0.295556
8.32572 0.295612
8.32887 0.29566
8.33203 0.295828
8.33518 0.296349
8.33833 0.296806
8.34148 0.29708
8.34463 0.29732
8.34779 0.29753
8.35094 0.297714
8.35409 0.298
8.35724 0.29825
8.36039 0.298468
8.36355 0.298535
8.3667 0.298593
8.36985 0.298644
8.373 0.298813
8.37615 0.298962
8.37931 0.299466
8.38246 0.299908
8.38561 0.30017
8.38876 0.300398
8.39191 0.300599
8.39507 0.300899
8.39822 0.301161
8.40137 0.301391
8.40452 0.301592
8.40767 0.301643
8.41083 0.301688
8.41398 0.301727
8.41713 0.301886
8.42028 0.302025
8.42343 0.302147
8.42659 0.302629
8.42974 0.30305
8.43289 0.303294
8.43604 0.303632
8.43919 0.303928
8.44235 0.304187
8.4455 0.304414
8.44865 0.304612
8.4518 0.304661
8.45495 0.304703
8.45811 0.304865
8.46126 0.305007
8.46441 0.305131
8.46756 0.30524
8.47071 0.30571
8.47387 0.306121
8.47702 0.306481
8.48017 0.306796
8.48332 0.307071
8.48647 0.307312
8.48963 0.307523
8.49278 0.307708
8.49593 0.307744
8.49908 0.307901
8.50223 0.308039
8.50539 0.308159
8.50854 0.308264
8.51169 0.308356
8.51484 0.308812
8.51799 0.30921
8.52115 0.309559
8.5243 0.309864
8.52745 0.310131
8.5306 0.310365
8.53375 0.310569
8.53691 0.310748
8.54006 0.310904
8.54321 0.311041
8.54636 0.311161
8.54951 0.311266
8.55267 0.311358
8.55582 0.311438
8.55897 0.311883
8.56212 0.312398
8.56527 0.312723
8.56843 0.313008
8.57158 0.313257
8.57473 0.313475
8.57788 0.313665
8.58103 0.313957
8.58419 0.314213
8.58734 0.314311
8.59049 0.314397
8.59364 0.314472
8.59679 0.314538
8.59995 0.314596
8.6031 0.315147
8.60625 0.315628
8.6094 0.315925
8.61255 0.316184
8.61571 0.316411
8.61886 0.31661
8.62201 0.316909
8.62516 0.31717
8.62831 0.317399
8.63147 0.317474
8.63462 0.31754
8.63777 0.317597
8.64092 0.317648
8.64407 0.317817
8.64723 0.31834
8.65038 0.318797
8.65353 0.319072
8.65668 0.319313
8.65983 0.319524
8.66299 0.319709
8.66614 0.319995
8.66929 0.320246
8.67244 0.320465
8.67559 0.320532
8.67875 0.32059
8.6819 0.320642
8.68505 0.320811
8.6882 0.32096
8.69135 0.321465
8.69451 0.321907
8.69766 0.322168
8.70081 0.322397
8.70396 0.322598
8.70711 0.322898
8.71027 0.323161
8.71342 0.323391
8.71657 0.323592
8.71972 0.323643
8.72287 0.323688
8.72603 0.323852
8.72918 0.323995
8.73233 0.324496
8.73548 0.324934
8.73863 0.325317
8.74179 0.325652
8.74494 0.325821
8.74809 0.326093
8.75124 0.326332
8.75439 0.32654
8.75755 0.326723
8.7607 0.326882
8.76385 0.326897
8.767 0.327035
8.77015 0.327156
8.77331 0.327261
8.77646 0.327728
8.77961 0.328137
8.78276 0.328495
8.78591 0.328808
8.78907 0.329082
8.79222 0.329322
8.79537 0.329532
8.79852 0.329715
8.80167 0.329876
8.80483 0.330016
8.80798 0.330014
8.81113 0.330138
8.81428 0.330245
8.81743 0.330715
8.82059 0.331125
8.82374 0.331485
8.82689 0.331799
8.83004 0.332199
8.83319 0.332424
8.83635 0.332621
8.8395 0.332794
8.84265 0.332944
8.8458 0.333076
8.84895 0.333192
8.85211 0.333418
8.85526 0.333491
8.85841 0.333929
8.86156 0.334313
8.86471 0.334649
8.86787 0.334943
8.87102 0.335325
8.87417 0.335659
8.87732 0.335827
8.88047 0.335974
8.88363 0.336102
8.88678 0.336214
8.88993 0.336312
8.89308 0.336523
8.89623 0.336708
9.41789 0.317369
9.42262 0.300698
9.42577 0.286361
9.42892 0.273941
9.43207 0.263323
9.43523 0.254283
9.43838 0.246497
9.44153 0.239935
9.44468 0.234318
9.44783 0.229654
9.45099 0.225697
9.45414 0.22236
9.45729 0.219565
9.46044 0.217119
9.46359 0.214979
9.46675 0.213107
9.4699 0.211469
9.47305 0.210035
9.4762 0.208781
9.47935 0.207933
9.48251 0.207191
9.48566 0.206417
9.48881 0.20574
9.49196 0.205148
9.49511 0.204754
9.49827 0.20441
9.50142 0.204234
9.50457 0.20408
9.50772 0.203945
9.51087 0.203827
9.51403 0.203848
9.51718 0.203867
9.52033 0.204009
9.52348 0.204133
9.52663 0.204241
9.52979 0.204211
9.53294 0.204185
9.53609 0.204287
9.53924 0.204376
9.54239 0.204579
9.54555 0.204756
9.5487 0.204912
9.55185 0.205048
9.555 0.205292
9.55815 0.205505
9.56131 0.205692
9.56446 0.205981
9.56761 0.206233
9.57076 0.206454
9.57391 0.206647
9.57706 0.206816
9.58022 0.206964
9.58337 0.207344
9.58652 0.207676
9.58967 0.207841
9.59282 0.207986
9.59598 0.208113
9.59913 0.208349
9.60228 0.208555
9.60543 0.208861
9.60858 0.209128
9.61174 0.209362
9.61489 0.209567
9.61804 0.209871
9.62119 0.210012
9.62434 0.210136
9.6275 0.210119
9.63065 0.209854
9.6338 0.209247
9.63695 0.208216
9.6401 0.207064
9.64326 0.205681
9.64641 0.204471
9.64956 0.202912
9.65271 0.201548
9.65586 0.200355
9.65902 0.199435
9.66217 0.198631
9.66532 0.197802
9.66847 0.197077
9.67162 0.196442
9.67478 0.195887
9.67793 0.195401
9.68108 0.195101
9.68423 0.194838
9.68738 0.194484
9.69054 0.193798
9.69369 0.193198
9.69684 0.192674
9.69999 0.192214
9.70314 0.191813
9.7063 0.191461
9.70945 0.191153
9.7126 0.190884
9.71575 0.190649
9.7189 0.190443
9.72206 0.190387
9.72521 0.190214
9.72836 0.189687
9.73151 0.189226
9.73466 0.188823
9.73782 0.18847
9.74097 0.188036
9.74412 0.187782
9.74727 0.187559
9.75042 0.187364
9.75358 0.187194
9.75673 0.187044
9.75988 0.186914
9.76303 0.1868
9.76618 0.186325
9.76934 0.185909
9.77249 0.185545
9.77564 0.185227
9.77879 0.185324
9.78194 0.185408
9.7851 0.185482
9.78825 0.185172
9.7914 0.184901
9.79455 0.184663
9.7977 0.184455
9.80086 0.184148
9.80401 0.184005
9.80716 0.183879
9.81031 0.183769
9.81346 0.183673
9.81662 0.183589
9.81977 0.183515
9.82292 0.183326
9.82607 0.183285
9.82922 0.18325
9.83238 0.183218
9.83553 0.183191
9.83868 0.183167
9.84183 0.183021
9.84498 0.182894
9.84814 0.182907
9.85129 0.182919
9.85444 0.182929
9.85759 0.182938
9.86074 0.182945
9.8639 0.182827
9.86705 0.182849
9.8702 0.182868
9.87335 0.182884
9.8765 0.182899
9.87966 0.182911
9.88281 0.182922
9.88596 0.182807
9.88911 0.182831
9.89226 0.182852
9.89542 0.182871
9.89857 0.182887
9.90172 0.182901
9.90487 0.182788
9.90802 0.182815
9.91118 0.182838
9.91433 0.182858
9.91748 0.182876
9.92063 0.182891
9.92378 0.182905
9.92694 0.182792
9.93009 0.182818
9.93324 0.182841
9.93639 0.182861
9.93954 0.182878
9.9427 0.182893
9.94585 0.182782
9.949 0.182809
9.95215 0.182833
9.9553 0.182854
9.95846 0.182872
9.96161 0.182888
9.96476 0.182902
9.96791 0.182789
9.97106 0.182816
9.97422 0.182839
9.97737 0.182859
9.98052 0.182876
9.98367 0.182892
9.98682 0.18278
9.98998 0.182683
9.99313 0.182722
9.99628 0.182757
9.99943 0.182788
10.0026 0.182814
10.0057 0.182837
10.0089 0.182733
10.012 0.182766
10.0152 0.182795
10.0183 0.182821
10.0215 0.182843
10.0246 0.182863
10.0278 0.18288
10.031 0.18277
10.0341 0.182799
10.0373 0.182824
10.0404 0.182846
10.0436 0.182865
10.0467 0.182882
10.0499 0.182772
10.053 0.1828
10.0562 0.182825
10.0593 0.182847
10.0625 0.182866
10.0656 0.182883
10.0688 0.182898
10.0719 0.182785
10.0751 0.182812
10.0782 0.182836
10.0814 0.182856
10.0845 0.182874
10.0877 0.18289
10.0908 0.182779
10.094 0.182681
10.0971 0.182721
10.1003 0.182756
10.1034 0.182787
10.1066 0.182813
10.1098 0.182837
10.1129 0.182732
10.1161 0.182765
10.1192 0.182795
10.1224 0.18282
10.1255 0.183218
10.1287 0.183566
10.1318 0.18387
10.135 0.184011
10.1381 0.18426
10.1413 0.184477
10.1444 0.184668
10.1476 0.184834
10.1507 0.18498
10.1539 0.185107
10.157 0.185219
10.1602 0.185317
10.1633 0.185402
10.1665 0.185477
10.1696 0.185542
10.1728 0.185599
10.1759 0.185649
10.1791 0.185693
10.1822 0.185732
10.1854 0.185765
10.1886 0.185795
10.1917 0.18582
10.1949 0.185843
10.198 0.185862
10.2012 0.18588
10.2043 0.185895
10.2075 0.185908
10.2106 0.185919
10.2138 0.185929
10.2169 0.185938
10.2201 0.185946
10.2232 0.185953
10.2264 0.185959
10.2295 0.185964
10.2327 0.185968
10.2358 0.185972
10.239 0.185851
10.2421 0.185869
10.2453 0.185886
10.2484 0.1859
10.2516 0.185913
10.2547 0.185923
10.2579 0.185933
10.261 0.185941
10.2642 0.185949
10.2674 0.185955
10.2705 0.185961
10.2737 0.185966
10.2768 0.18597
10.28 0.185974
10.2831 0.185977
10.2863 0.18598
10.2894 0.185982
10.2926 0.185985
10.2957 0.185987
10.2989 0.185988
10.302 0.18599
10.3052 0.185991
10.3083 0.185992
10.3115 0.185993
10.3146 0.185994
10.3178 0.185995
10.3209 0.185995
10.3241 0.185996
10.3272 0.185996
10.3304 0.185997
10.3335 0.185997
10.3367 0.185998
10.3398 0.185998
10.343 0.185998
10.3462 0.185998
10.3493 0.185999
10.3525 0.185999
10.3556 0.185999
10.3588 0.185999
10.3619 0.185999
10.3651 0.185999
10.3682 0.185999
10.3714 0.185999
10.3745 0.186
10.3777 0.186
10.3808 0.186
10.384 0.185875
10.3871 0.18589
10.3903 0.185904
10.3934 0.185916
10.3966 0.185927
10.3997 0.185936
10.4029 0.185944
10.406 0.185951
10.4092 0.185957
10.4123 0.185962
10.4155 0.185967
10.4186 0.185971
10.4218 0.185975
10.425 0.185978
10.4281 0.185981
10.4313 0.185983
10.4344 0.185985
10.4376 0.185987
10.4407 0.185989
10.4439 0.18599
10.447 0.185991
10.4502 0.185992
10.4533 0.185993
10.4565 0.185994
10.4596 0.185995
10.4628 0.185996
10.4659 0.185996
10.4691 0.185997
10.4722 0.185997
10.4754 0.185997
10.4785 0.185998
10.4817 0.185998
10.4848 0.185998
10.488 0.185873
10.4911 0.185889
10.4943 0.185903
10.4974 0.185915
10.5006 0.185926
10.5038 0.185935
10.5069 0.186318
10.5101 0.186778
10.5132 0.187056
10.5164 0.187299
10.5195 0.187512
10.5227 0.187698
10.5258 0.187861
10.529 0.188003
10.5321 0.188128
10.5353 0.188237
10.5384 0.188332
10.5416 0.188416
10.5447 0.188489
10.5479 0.188553
10.551 0.188733
10.5542 0.188767
10.5573 0.188796
10.5605 0.188821
10.5636 0.188844
10.5668 0.188863
10.5699 0.18888
10.5731 0.18902
10.5762 0.189018
10.5794 0.189016
10.5826 0.189014
10.5857 0.189012
10.5889 0.18901
10.592 0.189134
10.5952 0.189117
10.5983 0.189103
10.6015 0.18909
10.6046 0.189079
10.6078 0.189069
10.6109 0.18906
10.6141 0.189178
10.6172 0.189155
10.6204 0.189136
10.6235 0.189119
10.6267 0.189104
10.6298 0.189091
10.633 0.18908
10.6361 0.18907
10.6393 0.189061
10.6424 0.189053
10.6456 0.189047
10.6487 0.189041
10.6519 0.189036
10.655 0.189156
10.6582 0.189137
10.6614 0.18912
10.6645 0.189105
10.6677 0.189092
10.6708 0.18908
10.674 0.18907
10.6771 0.189186
10.6803 0.189163
10.6834 0.189143
10.6866 0.189125
10.6897 0.189109
10.6929 0.189096
10.696 0.189209
10.6992 0.189183
10.7023 0.18916
10.7055 0.18914
10.7086 0.189122
10.7118 0.189107
10.7149 0.189094
10.7181 0.189207
10.7212 0.189181
10.7244 0.189158
10.7275 0.189139
10.7307 0.189121
10.7338 0.189106
10.737 0.189218
10.7402 0.189191
10.7433 0.189167
10.7465 0.189146
10.7496 0.189128
10.7528 0.189487
10.7559 0.189801
10.7591 0.190201
10.7622 0.190551
10.7654 0.190732
10.7685 0.19089
10.7717 0.191029
10.7748 0.19115
10.778 0.191257
10.7811 0.191475
10.7843 0.19154
10.7874 0.191598
10.7906 0.191648
10.7937 0.191692
10.7969 0.19173
10.8 0.191889
10.8032 0.192028
10.8063 0.192025
10.8095 0.192021
10.8126 0.192019
10.8158 0.192016
10.819 0.192014
10.8221 0.192138
10.8253 0.192245
10.8284 0.192215
10.8316 0.192188
10.8347 0.192164
10.8379 0.192144
10.841 0.192251
10.8442 0.192344
10.8473 0.192301
10.8505 0.192264
10.8536 0.192231
10.8568 0.192202
10.8599 0.192177
10.8631 0.19228
10.8662 0.19237
10.8694 0.192323
10.8725 0.192283
10.8757 0.192248
10.8788 0.192217
10.882 0.19219
10.8851 0.192291
10.8883 0.192255
10.8914 0.192223
10.8946 0.192195
10.8978 0.192171
10.9009 0.192149
10.9041 0.192256
10.9072 0.192349
10.9104 0.192305
10.9135 0.192267
10.9167 0.192234
10.9198 0.192204
10.923 0.192179
10.9261 0.192281
10.9293 0.192246
10.9324 0.192215
10.9356 0.192189
10.9387 0.192165
10.9419 0.192144
10.945 0.192251
10.9482 0.192345
10.9513 0.192802
10.9545 0.193077
10.9576 0.193317
10.9608 0.193527
10.9639 0.193711
10.9671 0.193998
10.9702 0.194248
10.9734 0.194467
10.9766 0.194533
10.9797 0.194592
10.9829 0.194643
10.986 0.194812
10.9892 0.194961
10.9923 0.195091
10.9955 0.195079
10.9986 0.19507
11.0018 0.195061
11.0049 0.195053
11.0081 0.195172
11.0112 0.195275
11.0144 0.195366
11.0175 0.19532
11.0207 0.19528
11.0238 0.195245
11.027 0.195214
11.0301 0.195313
11.0333 0.195399
11.0364 0.195349
11.0396 0.195305
11.0427 0.195267
11.0459 0.195234
11.049 0.195329
11.0522 0.195413
11.0554 0.195487
11.0585 0.195426
11.0617 0.195373
11.0648 0.195326
11.068 0.195285
11.0711 0.195375
11.0743 0.195453
11.0774 0.195521
11.0806 0.195456
11.0837 0.195399
11.0869 0.195349
11.09 0.19543
11.0932 0.195502
11.0963 0.195564
11.0995 0.195493
11.1026 0.195432
11.1058 0.195378
11.1089 0.195331
11.1121 0.195414
11.1152 0.195487
11.1184 0.195552
11.1215 0.195983
11.1247 0.196235
11.1278 0.196455
11.131 0.196773
11.1342 0.197052
11.1373 0.197295
11.1405 0.197508
11.1436 0.19757
11.1468 0.197624
11.1499 0.197671
11.1531 0.197837
11.1562 0.197982
11.1594 0.198109
11.1625 0.198221
11.1657 0.198193
11.1688 0.198169
11.172 0.198148
11.1751 0.198254
11.1783 0.198348
11.1814 0.198429
11.1846 0.198376
11.1877 0.198329
11.1909 0.198288
11.194 0.198377
11.1972 0.198454
11.2003 0.198523
11.2035 0.198582
11.2066 0.19851
11.2098 0.198446
11.213 0.19839
11.2161 0.198466
11.2193 0.198533
11.2224 0.198591
11.2256 0.198643
11.2287 0.198562
11.2319 0.198492
11.235 0.198555
11.2382 0.198611
11.2413 0.19866
11.2445 0.198702
11.2476 0.198614
11.2508 0.198538
11.2539 0.19847
11.2571 0.198537
11.2602 0.198595
11.2634 0.198645
11.2665 0.19869
11.2697 0.198603
11.2728 0.198903
11.276 0.199165
11.2791 0.199519
11.2823 0.19983
11.2854 0.200101
11.2886 0.200338
11.2918 0.200421
11.2949 0.200493
11.2981 0.200682
11.3012 0.200846
11.3044 0.200991
11.3075 0.201117
11.3107 0.201227
11.3138 0.201199
11.317 0.201174
11.3201 0.201277
11.3233 0.201368
11.3264 0.201447
11.3296 0.201516
11.3327 0.201451
11.3359 0.201395
11.339 0.201471
11.3422 0.201537
11.3453 0.201595
11.3485 0.201645
11.3516 0.20169
11.3548 0.201603
11.3579 0.201528
11.3611 0.201587
11.3642 0.201639
11.3674 0.201684
11.3706 0.201723
11.3737 0.201758
11.3769 0.201663
11.38 0.201705
11.3832 0.201742
11.3863 0.201774
11.3895 0.201803
11.3926 0.201827
11.3958 0.201724
11.3989 0.201633
11.4021 0.201679
11.4052 0.201719
11.4084 0.201754
11.4115 0.20216
11.4147 0.202515
11.4178 0.202826
11.421 0.202972
11.4241 0.203226
11.4273 0.203448
11.4304 0.203642
11.4336 0.203811
11.4367 0.20396
11.4399 0.203965
11.443 0.204094
11.4462 0.204208
11.4494 0.204307
11.4525 0.204393
11.4557 0.204469
11.4588 0.204536
11.462 0.204469
11.4651 0.204535
11.4683 0.204593
11.4714 0.204644
11.4746 0.204688
11.4777 0.204727
11.4809 0.204761
11.484 0.204791
11.4872 0.204817
11.4903 0.20484
11.4935 0.20486
11.4966 0.204878
11.4998 0.204893
11.5029 0.204781
11.5061 0.204809
11.5092 0.204833
11.5124 0.204854
11.5155 0.204872
11.5187 0.204888
11.5218 0.204902
11.525 0.204789
11.5282 0.204815
11.5313 0.204839
11.5345 0.204859
11.5376 0.205251
11.5408 0.205595
11.5439 0.205896
11.5471 0.206159
11.5502 0.206389
11.5534 0.20659
11.5565 0.206766
11.5597 0.206921
11.5628 0.207056
11.566 0.207174
11.5691 0.207277
11.5723 0.207367
11.5754 0.207446
11.5786 0.207516
11.5817 0.207576
11.5849 0.207629
11.588 0.207675
11.5912 0.207716
11.5943 0.207752
11.5975 0.207783
11.6006 0.20781
11.6038 0.207834
11.607 0.207854
11.6101 0.207873
11.6133 0.207888
11.6164 0.207902
11.6196 0.207915
11.6227 0.207925
11.6259 0.207935
11.629 0.208068
11.6322 0.208059
11.6353 0.208052
11.6385 0.208045
11.6416 0.20804
11.6448 0.208035
11.6479 0.20803
11.6511 0.208027
11.6542 0.208023
11.6574 0.208395
11.6605 0.208721
11.6637 0.209006
11.6668 0.209255
11.67 0.209473
11.6731 0.209789
11.6763 0.20994
11.6794 0.210073
11.6826 0.210189
11.6858 0.21029
11.6889 0.210379
11.6921 0.210582
11.6952 0.210634
11.6984 0.21068
11.7015 0.21072
11.7047 0.210755
11.7078 0.210785
11.711 0.210812
11.7141 0.210961
11.7173 0.210966
11.7204 0.21097
11.7236 0.210974
11.7267 0.210977
11.7299 0.21098
11.733 0.211107
11.7362 0.211219
11.7393 0.211192
11.7425 0.211168
11.7456 0.211147
11.7488 0.211128
11.7519 0.211112
11.7551 0.211223
11.7582 0.211195
11.7614 0.211171
11.7646 0.21115
11.7677 0.211506
11.7709 0.211818
11.774 0.212215
11.7772 0.212563
11.7803 0.212868
11.7835 0.21301
11.7866 0.213133
11.7898 0.213242
11.7929 0.213336
11.7961 0.213544
11.7992 0.213726
11.8024 0.213761
11.8055 0.21379
11.8087 0.213817
11.8118 0.21384
11.815 0.21386
11.8181 0.214002
11.8213 0.214127
11.8244 0.214111
11.8276 0.214097
11.8307 0.214085
11.8339 0.214074
11.837 0.21419
11.8402 0.214291
11.8434 0.214255
11.8465 0.214223
11.8497 0.214195
11.8528 0.214171
11.856 0.214149
11.8591 0.214256
11.8623 0.214349
11.8654 0.214305
11.8686 0.214267
11.8717 0.214234
11.8749 0.214579
11.878 0.215007
11.8812 0.215381
11.8843 0.215708
11.8875 0.215995
11.8906 0.216121
11.8938 0.21623
11.8969 0.216327
11.9001 0.216536
11.9032 0.216719
11.9064 0.216879
11.9095 0.216894
11.9127 0.216907
11.9158 0.216919
11.919 0.216929
11.9222 0.217063
11.9253 0.21718
11.9285 0.217283
11.9316 0.217247
11.9348 0.217216
11.9379 0.217189
11.9411 0.217291
11.9442 0.217379
11.9474 0.217457
11.9505 0.2174
11.9537 0.21735
11.9568 0.217306
11.96 0.217268
11.9631 0.217359
11.9663 0.217439
11.9694 0.217509
11.9726 0.217446
11.9757 0.217765
11.9789 0.218044
11.982 0.218414
11.9852 0.218737
11.9883 0.21902
11.9915 0.219268
11.9946 0.219359
11.9978 0.219439
12.001 0.219509
12.0041 0.219696
12.0073 0.219859
12.0104 0.220001
12.0136 0.220126
12.0167 0.22011
12.0199 0.220097
12.023 0.22021
12.0262 0.220308
12.0293 0.220395
12.0325 0.22047
12.0356 0.220537
12.0388 0.22047
12.0419 0.220411
12.0451 0.220485
12.0482 0.220549
12.0514 0.220605
12.0545 0.220655
12.0577 0.220573
12.0608 0.220501
12.064 0.220439
12.0671 0.220509
12.0703 0.22057
12.0734 0.220999
12.0766 0.221374
12.0798 0.221702
12.0829 0.221864
12.0861 0.222131
12.0892 0.222365
12.0924 0.222569
12.0955 0.222748
12.0987 0.222905
12.1018 0.222917
12.105 0.222927
12.1081 0.223061
12.1113 0.223178
12.1144 0.223281
12.1176 0.223371
12.1207 0.22345
12.1239 0.223393
12.127 0.223469
12.1302 0.223536
12.1333 0.223594
12.1365 0.223644
12.1396 0.223689
12.1428 0.223728
12.1459 0.223637
12.1491 0.223682
12.1522 0.223722
12.1554 0.223757
12.1586 0.223787
12.1617 0.223814
12.1649 0.223712
12.168 0.224123
12.1712 0.224483
12.1743 0.224797
12.1775 0.225073
12.1806 0.225314
12.1838 0.225524
12.1869 0.225709
12.1901 0.22587
12.1932 0.226011
12.1964 0.226135
12.1995 0.226243
12.2027 0.226338
12.2058 0.226421
12.209 0.226368
12.2121 0.226447
12.2153 0.226516
12.2184 0.226577
12.2216 0.22663
12.2247 0.226676
12.2279 0.226716
12.231 0.226752
12.2342 0.226783
12.2374 0.22681
12.2405 0.226834
12.2437 0.226855
12.2468 0.226873
12.25 0.226764
12.2531 0.226793
12.2563 0.227194
12.2594 0.227545
12.2626 0.227852
12.2657 0.22812
12.2689 0.228355
12.272 0.228686
12.2752 0.22885
12.2783 0.228994
12.2815 0.22912
12.2846 0.22923
12.2878 0.229326
12.2909 0.22941
12.2941 0.229609
12.2972 0.229658
12.3004 0.229701
12.3035 0.229738
12.3067 0.229771
12.3098 0.229799
12.313 0.229824
12.3162 0.229846
12.3193 0.229866
12.3225 0.229882
12.3256 0.229897
12.3288 0.22991
12.3319 0.229921
12.3351 0.230056
12.3382 0.230049
12.3414 0.230043
12.3445 0.230413
12.3477 0.230736
12.3508 0.231019
12.354 0.231267
12.3571 0.231608
12.3603 0.231782
12.3634 0.231934
12.3666 0.232068
12.3697 0.232184
12.3729 0.232286
12.376 0.2325
12.3792 0.232688
12.3823 0.232727
12.3855 0.232761
12.3886 0.232791
12.3918 0.232817
12.395 0.23284
12.3981 0.232985
12.4013 0.232987
12.4044 0.232988
12.4076 0.23299
12.4107 0.232991
12.4139 0.232992
12.417 0.233118
12.4202 0.233228
12.4233 0.2332
12.4265 0.23355
12.4296 0.233856
12.4328 0.234124
12.4359 0.234359
12.4391 0.234689
12.4422 0.234978
12.4454 0.23523
12.4485 0.235327
12.4517 0.235411
12.4548 0.235484
12.458 0.235549
12.4611 0.23573
12.4643 0.235889
12.4674 0.235903
12.4706 0.235915
12.4738 0.235926
12.4769 0.235935
12.4801 0.236068
12.4832 0.236185
12.4864 0.236286
12.4895 0.236251
12.4927 0.236219
12.4958 0.236192
12.499 0.236168
12.5021 0.236272
12.5053 0.236363
12.5084 0.236818
12.5116 0.23709
12.5147 0.237329
12.5179 0.237538
12.521 0.237846
12.5242 0.238115
12.5273 0.238351
12.5305 0.238557
12.5336 0.238612
12.5368 0.238661
12.5399 0.238703
12.5431 0.238865
12.5462 0.239007
12.5494 0.239131
12.5526 0.23924
12.5557 0.23921
12.5589 0.239184
12.562 0.239286
12.5652 0.239375
12.5683 0.239453
12.5715 0.239521
12.5746 0.239456
12.5778 0.239399
12.5809 0.239349
12.5841 0.239431
12.5872 0.239877
12.5904 0.240267
12.5935 0.240609
12.5967 0.240908
12.5998 0.241044
12.603 0.241164
12.6061 0.241393
12.6093 0.241594
12.6124 0.24177
12.6156 0.241924
12.6187 0.241933
12.6219 0.241942
12.625 0.242074
12.6282 0.24219
12.6314 0.242291
12.6345 0.24238
12.6377 0.242457
12.6408 0.2424
12.644 0.24235
12.6471 0.242431
12.6503 0.242502
12.6534 0.242565
12.6566 0.242619
12.6597 0.242542
12.6629 0.242474
12.666 0.242915
12.6692 0.2433
12.6723 0.243638
12.6755 0.243933
12.6786 0.244191
12.6818 0.244417
12.6849 0.24449
12.6881 0.244679
12.6912 0.244844
12.6944 0.244989
12.6975 0.245115
12.7007 0.245226
12.7038 0.245322
12.707 0.245282
12.7102 0.245372
12.7133 0.24545
12.7165 0.245519
12.7196 0.245579
12.7228 0.245632
12.7259 0.245553
12.7291 0.245609
12.7322 0.245658
12.7354 0.2457
12.7385 0.246113
12.7417 0.246474
12.7448 0.24679
12.748 0.247066
12.7511 0.247308
12.7543 0.247519
12.7574 0.247704
12.7606 0.247866
12.7637 0.248008
12.7669 0.248132
12.77 0.24824
12.7732 0.248335
12.7763 0.248418
12.7795 0.248491
12.7826 0.248555
12.7858 0.24861
12.789 0.248659
12.7921 0.248702
12.7953 0.248739
12.7984 0.248772
12.8016 0.2488
12.8047 0.248825
12.8079 0.248847
12.811 0.249366
12.8142 0.249695
12.8173 0.249983
12.8205 0.250236
12.8236 0.250456
12.8268 0.250649
12.8299 0.250818
12.8331 0.251091
12.8362 0.251204
12.8394 0.251304
12.8425 0.251391
12.8457 0.251467
12.8488 0.251534
12.852 0.251592
12.8551 0.251768
12.8583 0.251797
12.8614 0.251822
12.8646 0.251845
12.8678 0.251864
12.8709 0.251881
12.8741 0.252021
12.8772 0.252018
12.8804 0.252016
12.8835 0.252389
12.8867 0.252715
12.8898 0.253001
12.893 0.253251
12.8961 0.253594
12.8993 0.253895
12.9024 0.254033
12.9056 0.254154
12.9087 0.25426
12.9119 0.254352
12.915 0.254558
12.9182 0.254739
12.9213 0.254771
12.9245 0.2548
12.9276 0.254825
12.9308 0.254847
12.9339 0.254866
12.9371 0.255008
12.9402 0.255132
12.9434 0.255115
12.9466 0.255101
12.9497 0.255088
12.9529 0.255452
12.956 0.255896
12.9592 0.256284
12.9623 0.256623
12.9655 0.25692
12.9686 0.257055
12.9718 0.257173
12.9749 0.257277
12.9781 0.257492
12.9812 0.257681
12.9844 0.257846
12.9875 0.257865
12.9907 0.257882
12.9938 0.257897
12.997 0.257909
13.0001 0.258046
13.0033 0.258165
13.0064 0.258269
13.0096 0.258236
13.0127 0.258206
13.0159 0.25818
13.019 0.258283
13.0222 0.258748
13.0254 0.259154
13.0285 0.25951
13.0317 0.259696
13.0348 0.259859
13.038 0.260002
13.0411 0.260252
13.0443 0.26047
13.0474 0.260661
13.0506 0.260829
13.0537 0.26085
13.0569 0.260869
13.06 0.26101
13.0632 0.261134
13.0663 0.261242
13.0695 0.261337
13.0726 0.261295
13.0758 0.261258
13.0789 0.261226
13.0821 0.261322
13.0852 0.261407
13.0884 0.261856
13.0915 0.262249
13.0947 0.262593
13.0978 0.262769
13.101 0.262923
13.1042 0.263182
13.1073 0.26341
13.1105 0.263608
13.1136 0.263782
13.1168 0.263935
13.1199 0.263943
13.1231 0.264075
13.1262 0.264191
13.1294 0.264292
13.1325 0.26438
13.1357 0.264458
13.1388 0.264401
13.142 0.26435
13.1451 0.264432
13.1483 0.264503
13.1514 0.264565
13.1546 0.264994
13.1577 0.26537
13.1609 0.265699
13.164 0.265986
13.1672 0.266238
13.1703 0.266458
13.1735 0.266651
13.1766 0.26682
13.1798 0.266967
13.183 0.266971
13.1861 0.2671
13.1893 0.267212
13.1924 0.267311
13.1956 0.267397
13.1987 0.267472
13.2019 0.267538
13.205 0.267596
13.2082 0.267647
13.2113 0.267691
13.2145 0.267729
13.2176 0.267763
13.2208 0.268168
13.2239 0.268522
13.2271 0.268832
13.2302 0.269103
13.2334 0.26934
13.2365 0.269547
13.2397 0.269729
13.2428 0.269888
13.246 0.270027
13.2491 0.270148
13.2523 0.270255
13.2554 0.270348
13.2586 0.27043
13.2618 0.270501
13.2649 0.270563
13.2681 0.270743
13.2712 0.270775
13.2744 0.270803
13.2775 0.270828
13.2807 0.270849
13.2838 0.271243
13.287 0.271588
13.2901 0.272014
13.2933 0.272262
13.2964 0.27248
13.2996 0.27267
13.3027 0.272836
13.3059 0.272981
13.309 0.273234
13.3122 0.273455
13.3153 0.273523
13.3185 0.273582
13.3216 0.273635
13.3248 0.27368
13.3279 0.27372
13.3311 0.27388
13.3342 0.273895
13.3374 0.273908
13.3406 0.27392
13.3437 0.274305
13.3469 0.274642
13.35 0.275061
13.3532 0.275429
13.3563 0.27575
13.3595 0.275906
13.3626 0.276043
13.3658 0.276163
13.3689 0.276267
13.3721 0.276484
13.3752 0.276673
13.3784 0.276839
13.3815 0.276859
13.3847 0.276877
13.3878 0.276892
13.391 0.276906
13.3941 0.277043
13.3973 0.277162
13.4004 0.277142
13.4036 0.277124
13.4067 0.277484
13.4099 0.277798
13.413 0.278198
13.4162 0.278549
13.4194 0.278855
13.4225 0.279123
13.4257 0.279233
13.4288 0.279329
13.432 0.279413
13.4351 0.279611
13.4383 0.279785
13.4414 0.279937
13.4446 0.279944
13.4477 0.279951
13.4509 0.279958
13.454 0.280088
13.4572 0.280202
13.4603 0.280302
13.4635 0.280389
13.4666 0.28084
13.4698 0.28111
13.4729 0.281346
13.4761 0.281678
13.4792 0.281968
13.4824 0.282222
13.4855 0.282445
13.4887 0.282514
13.4918 0.282575
13.495 0.282628
13.4982 0.282799
13.5013 0.282949
13.5045 0.283081
13.5076 0.283196
13.5108 0.283171
13.5139 0.28315
13.5171 0.283256
13.5202 0.283349
13.5234 0.28343
13.5265 0.283877
13.5297 0.284267
13.5328 0.284609
13.536 0.284783
13.5391 0.28506
13.5423 0.285302
13.5454 0.285515
13.5486 0.2857
13.5517 0.285863
13.5549 0.28588
13.558 0.28602
13.5612 0.286142
13.5643 0.28625
13.5675 0.286343
13.5706 0.286425
13.5738 0.286497
13.577 0.286435
13.5801 0.286506
13.5833 0.286943
13.5864 0.287325
13.5896 0.287659
13.5927 0.287952
13.5959 0.288208
13.599 0.288432
13.6022 0.288628
13.6053 0.288799
13.6085 0.288949
13.6116 0.289081
13.6148 0.289196
13.6179 0.289296
13.6211 0.289384
13.6242 0.289461
13.6274 0.289529
13.6305 0.289587
13.6337 0.289639
13.6368 0.289684
13.64 0.290099
13.6431 0.290461
13.6463 0.290779
13.6494 0.291056
13.6526 0.291299
13.6558 0.291512
13.6589 0.291698
13.6621 0.291986
13.6652 0.292112
13.6684 0.292223
13.6715 0.29232
13.6747 0.292405
13.6778 0.29248
13.681 0.292545
13.6841 0.292727
13.6873 0.292761
13.6904 0.292791
13.6936 0.292817
13.6967 0.293215
13.6999 0.293563
13.703 0.293993
13.7062 0.294368
13.7093 0.294572
13.7125 0.294751
13.7156 0.294907
13.7188 0.295044
13.7219 0.295163
13.7251 0.295393
13.7282 0.295594
13.7314 0.295644
13.7346 0.295689
13.7377 0.295728
13.7409 0.295762
13.744 0.295917
13.7472 0.296052
13.7503 0.296046
13.7535 0.296415
13.7566 0.296738
13.7598 0.297021
13.7629 0.297268
13.7661 0.29761
13.7692 0.297908
13.7724 0.29817
13.7755 0.298274
13.7787 0.298364
13.7818 0.298444
13.785 0.298513
13.7881 0.298699
13.7913 0.298862
13.7944 0.299004
13.7976 0.299004
13.8007 0.299003
13.8039 0.299003
13.807 0.299127
13.8102 0.299611
13.8134 0.300035
13.8165 0.300406
13.8197 0.300605
13.8228 0.300779
13.826 0.300932
13.8291 0.30119
13.8323 0.301417
13.8354 0.301615
13.8386 0.301788
13.8417 0.301814
13.8449 0.301837
13.848 0.301983
13.8512 0.30211
13.8543 0.302221
13.8575 0.302319
13.8606 0.302279
13.8638 0.302619
13.8669 0.302917
13.8701 0.303302
13.8732 0.303639
13.8764 0.303934
13.8795 0.304193
13.8827 0.304418
13.8858 0.304491
13.889 0.304555
13.8922 0.304735
13.8953 0.304893
13.8985 0.305032
13.9016 0.305153
13.9048 0.305134
13.9079 0.305117
13.9111 0.305227
13.9142 0.305324
13.9174 0.305783
13.9205 0.306186
13.9237 0.306537
13.9268 0.306845
13.93 0.30699
13.9331 0.307241
13.9363 0.307461
13.9394 0.307653
13.9426 0.307821
13.9457 0.307969
13.9489 0.308098
13.952 0.30821
13.9552 0.308309
13.9583 0.308396
13.9615 0.308471
13.9646 0.308537
13.9678 0.308595
13.971 0.309021
13.9741 0.309393
13.9773 0.309719
13.9804 0.310004
13.9836 0.310254
13.9867 0.310472
13.9899 0.310663
13.993 0.310955
13.9962 0.311086
13.9993 0.3112
14.0025 0.3113
14.0056 0.311387
14.0088 0.311464
14.0119 0.311531
14.0151 0.31159
14.0182 0.311641
14.0214 0.312061
14.0245 0.312428
14.0277 0.31275
14.0308 0.313031
14.034 0.313277
14.0371 0.313617
14.0403 0.31379
14.0434 0.313941
14.0466 0.314074
14.0498 0.31419
14.0529 0.314291
14.0561 0.314505
14.0592 0.314566
14.0624 0.314621
14.0655 0.314668
14.0687 0.31471
14.0718 0.314746
14.075 0.315153
14.0781 0.315634
14.0813 0.316054
14.0844 0.316298
14.0876 0.31651
14.0907 0.316697
14.0939 0.316859
14.097 0.317127
14.1002 0.317361
14.1033 0.317566
14.1065 0.31762
14.1096 0.317668
14.1128 0.317709
14.1159 0.317746
14.1191 0.317902
14.1222 0.31804
14.1254 0.318535
14.1286 0.318843
14.1317 0.319112
14.1349 0.319348
14.138 0.31968
14.1412 0.31997
14.1443 0.320224
14.1475 0.320446
14.1506 0.320515
14.1538 0.320576
14.1569 0.320629
14.1601 0.3208
14.1632 0.32095
14.1664 0.321081
14.1695 0.321071
14.1727 0.321062
14.1758 0.321429
14.179 0.321751
14.1821 0.322157
14.1853 0.322512
14.1884 0.322823
14.1916 0.323095
14.1947 0.323208
14.1979 0.323307
14.201 0.323519
14.2042 0.323704
14.2074 0.323866
14.2105 0.324008
14.2137 0.324132
14.2168 0.324115
14.22 0.324101
14.2231 0.324213
14.2263 0.324687
14.2294 0.325101
14.2326 0.325463
14.2357 0.32578
14.2389 0.325933
14.242 0.326191
14.2452 0.326417
14.2483 0.326615
14.2515 0.326788
14.2546 0.32694
14.2578 0.327072
14.2609 0.327063
14.2641 0.32718
14.2672 0.327283
14.2704 0.327372
14.2735 0.327826
14.2767 0.328223
14.2798 0.32857
14.283 0.328749
14.2862 0.32903
14.2893 0.329276
14.2925 0.329492
14.2956 0.32968
14.2988 0.329845
14.3019 0.32999
14.3051 0.330116
14.3082 0.330226
14.3114 0.330323
14.3145 0.330408
14.3177 0.330482
14.3208 0.330547
14.324 0.330978
14.3271 0.331356
14.3303 0.331686
14.3334 0.331976
14.3366 0.332229
14.3397 0.33245
14.3429 0.332644
14.346 0.332938
14.3492 0.333071
14.3523 0.333187
14.3555 0.333289
14.3586 0.333378
14.3618 0.333455
14.3649 0.333524
14.3681 0.333708
14.3713 0.334245
14.3744 0.334589
14.3776 0.33489
14.3807 0.335154
14.3839 0.335385
14.387 0.335712
14.3902 0.335998
14.3933 0.336123
14.3965 0.336233
14.3996 0.336329
14.4028 0.336413
14.4059 0.336486
14.4091 0.336675
14.4122 0.336841
14.4154 0.336861
14.9229 0.317378
14.926 0.300456
14.9292 0.285524
14.9323 0.272458
14.9355 0.261026
14.9402 0.251273
14.9433 0.242864
14.9465 0.235756
14.9496 0.229661
14.9528 0.224579
14.9559 0.220256
14.9591 0.216849
14.9623 0.213993
14.9654 0.211619
14.9686 0.209542
14.9717 0.207724
14.9749 0.206133
14.978 0.204867
14.9812 0.203883
14.9843 0.203023
14.9875 0.20227
14.9906 0.201611
14.9938 0.201035
14.9969 0.200406
15.0001 0.19998
15.0032 0.199607
15.0064 0.199531
15.0095 0.19934
15.0127 0.199173
15.0158 0.199026
15.019 0.198898
15.0221 0.19891
15.0253 0.198922
15.0284 0.198931
15.0316 0.199065
15.0347 0.199182
15.0379 0.199284
15.0411 0.199374
15.0442 0.199452
15.0474 0.19952
15.0505 0.19958
15.0537 0.199758
15.0568 0.199913
15.06 0.200049
15.0631 0.200293
15.0663 0.200506
15.0694 0.200693
15.0726 0.200856
15.0757 0.200874
15.0789 0.20114
15.082 0.201498
15.0852 0.20181
15.0883 0.201959
15.0915 0.202089
15.0946 0.202203
15.0978 0.202303
15.1009 0.20239
15.1041 0.202716
15.1072 0.203002
15.1104 0.203251
15.1135 0.20347
15.1167 0.203661
15.1199 0.203704
15.123 0.203866
15.1262 0.203882
15.1293 0.203772
15.1325 0.203676
15.1356 0.203591
15.1388 0.203517
15.1419 0.203203
15.1451 0.202677
15.1482 0.201843
15.1514 0.200612
15.1545 0.199161
15.1577 0.197891
15.1608 0.196779
15.164 0.195807
15.1671 0.194956
15.1703 0.194212
15.1734 0.19356
15.1766 0.19299
15.1797 0.192491
15.1829 0.192055
15.186 0.191798
15.1892 0.191448
15.1923 0.190767
15.1955 0.190171
15.1987 0.18965
15.2018 0.189194
15.205 0.188794
15.2081 0.188445
15.2113 0.18814
15.2144 0.187872
15.2176 0.187638
15.2207 0.187433
15.2239 0.187254
15.227 0.187097
15.2302 0.18696
15.2333 0.18684
15.2365 0.18636
15.2396 0.18594
15.2428 0.185573
15.2459 0.185126
15.2491 0.18486
15.2522 0.184628
15.2554 0.184424
15.2585 0.184246
15.2617 0.18409
15.2648 0.183829
15.268 0.183601
15.2711 0.183525
15.2743 0.18346
15.2775 0.183402
15.2806 0.183352
15.2838 0.182808
15.2869 0.182332
15.2901 0.182041
15.2932 0.181785
15.2964 0.181562
15.2995 0.181367
15.3027 0.181071
15.3058 0.180812
15.309 0.180586
15.3121 0.180512
15.3153 0.180448
15.3184 0.180392
15.3216 0.180343
15.3247 0.180175
15.3279 0.180028
15.331 0.180025
15.3342 0.180022
15.3373 0.180019
15.3405 0.180017
15.3436 0.180015
15.3468 0.179888
15.3499 0.179777
15.3531 0.179805
15.3563 0.179829
15.3594 0.17985
15.3626 0.179869
15.3657 0.179761
15.3689 0.179665
15.372 0.179707
15.3752 0.179744
15.3783 0.179776
15.3815 0.179804
15.3846 0.179828
15.3878 0.179725
15.3909 0.179634
15.3941 0.17968
15.3972 0.17972
15.4004 0.179755
15.4035 0.179786
15.4067 0.179687
15.4098 0.179601
15.413 0.179526
15.4161 0.179586
15.4193 0.179637
15.4224 0.179683
15.4256 0.179722
15.4287 0.179632
15.4319 0.179553
15.4351 0.179609
15.4382 0.179658
15.4414 0.179701
15.4445 0.179738
15.4477 0.179771
15.4508 0.179674
15.454 0.17959
15.4571 0.179641
15.4603 0.180061
15.4634 0.180429
15.4666 0.18075
15.4697 0.181031
15.4729 0.181152
15.476 0.181383
15.4792 0.181585
15.4823 0.181762
15.4855 0.181917
15.4886 0.182052
15.4918 0.182171
15.4949 0.182149
15.4981 0.182256
15.5012 0.182349
15.5044 0.18243
15.5075 0.182501
15.5107 0.182564
15.5139 0.182493
15.517 0.182557
15.5202 0.182612
15.5233 0.182661
15.5265 0.182703
15.5296 0.18274
15.5328 0.182773
15.5359 0.182676
15.5391 0.182717
15.5422 0.182752
15.5454 0.182783
15.5485 0.18281
15.5517 0.182834
15.5548 0.18273
15.558 0.182638
15.5611 0.182684
15.5643 0.182723
15.5674 0.182758
15.5706 0.182788
15.5737 0.182815
15.5769 0.182713
15.58 0.182749
15.5832 0.18278
15.5863 0.182808
15.5895 0.182832
15.5927 0.182853
15.5958 0.182871
15.599 0.182762
15.6021 0.182792
15.6053 0.182818
15.6084 0.182841
15.6116 0.182861
15.6147 0.182878
15.6179 0.182768
15.621 0.182797
15.6242 0.182823
15.6273 0.182845
15.6305 0.182864
15.6336 0.182881
15.6368 0.182896
15.6399 0.182784
15.6431 0.182811
15.6462 0.182835
15.6494 0.182855
15.6525 0.182873
15.6557 0.182889
15.6588 0.182778
15.662 0.182681
15.6651 0.182721
15.6683 0.182756
15.6715 0.182786
15.6746 0.182813
15.6778 0.182836
15.6809 0.182732
15.6841 0.182765
15.6872 0.182795
15.6904 0.18282
15.6935 0.182843
15.6967 0.182862
15.6998 0.182755
15.703 0.18266
15.7061 0.182703
15.7093 0.18274
15.7124 0.182772
15.7156 0.182801
15.7187 0.182826
15.7219 0.182723
15.725 0.182757
15.7282 0.182788
15.7313 0.182814
15.7345 0.182837
15.7376 0.182858
15.7408 0.182875
15.7439 0.182766
15.7471 0.182795
15.7503 0.182821
15.7534 0.182843
15.7566 0.182863
15.7597 0.18288
15.7629 0.18277
15.766 0.182799
15.7692 0.182824
15.7723 0.182846
15.7755 0.182865
15.7786 0.182882
15.7818 0.182897
15.7849 0.182785
15.7881 0.182812
15.7912 0.182835
15.7944 0.182856
15.7975 0.182874
15.8007 0.18289
15.8038 0.182778
15.807 0.182681
15.8101 0.182721
15.8133 0.182756
15.8164 0.182786
15.8196 0.182813
15.8227 0.182836
15.8259 0.182732
15.8291 0.182765
15.8322 0.182795
15.8354 0.18282
15.8385 0.182843
15.8417 0.182862
15.8448 0.18288
15.848 0.18277
15.8511 0.182798
15.8543 0.182824
15.8574 0.182846
15.8606 0.182865
15.8637 0.182882
15.8669 0.182772
15.87 0.1828
15.8732 0.182825
15.8763 0.182847
15.8795 0.182866
15.8826 0.182883
15.8858 0.182898
15.8889 0.182785
15.8921 0.182812
15.8952 0.182836
15.8984 0.182856
15.9015 0.182874
15.9047 0.18289
15.9079 0.182779
15.911 0.182806
15.9142 0.182831
15.9173 0.182852
15.9205 0.18287
15.9236 0.182886
15.9268 0.182901
15.9299 0.182788
15.9331 0.182815
15.9362 0.182838
15.9394 0.183233
15.9425 0.183579
15.9457 0.183882
15.9488 0.184146
15.952 0.184253
15.9551 0.184471
15.9583 0.184662
15.9614 0.18483
15.9646 0.184976
15.9677 0.185104
15.9709 0.185216
15.974 0.185314
15.9772 0.1854
15.9803 0.185475
15.9835 0.18554
15.9867 0.185598
15.9898 0.185648
15.993 0.185692
15.9961 0.185731
15.9993 0.185764
16.0024 0.185794
16.0056 0.18582
16.0087 0.185842
16.0119 0.185862
16.015 0.185879
16.0182 0.185894
16.0213 0.185907
16.0245 0.185919
16.0276 0.185929
16.0308 0.185938
16.0339 0.185946
16.0371 0.185953
16.0402 0.185958
16.0434 0.185964
16.0465 0.185968
16.0497 0.185972
16.0528 0.185976
16.056 0.185854
16.0591 0.185872
16.0623 0.185888
16.0655 0.185902
16.0686 0.185914
16.0718 0.185925
16.0749 0.185934
16.0781 0.185943
16.0812 0.18595
16.0844 0.185956
16.0875 0.185962
16.0907 0.185966
16.0938 0.185971
16.097 0.185849
16.1001 0.185868
16.1033 0.185885
16.1064 0.185899
16.1096 0.185912
16.1127 0.185923
16.1159 0.185932
16.119 0.185941
16.1222 0.185948
16.1253 0.185955
16.1285 0.18596
16.1316 0.185965
16.1348 0.18597
16.1379 0.185973
16.1411 0.185977
16.1443 0.18598
16.1474 0.185982
16.1506 0.185984
16.1537 0.185986
16.1569 0.185988
16.16 0.18599
16.1632 0.185991
16.1663 0.185992
16.1695 0.185993
16.1726 0.185994
16.1758 0.185995
16.1789 0.185995
16.1821 0.185996
16.1852 0.185996
16.1884 0.185997
16.1915 0.185997
16.1947 0.185998
16.1978 0.185998
16.201 0.185873
16.2041 0.185889
16.2073 0.186278
16.2104 0.186618
16.2136 0.186916
16.2167 0.187176
16.2199 0.187404
16.2231 0.187729
16.2262 0.187888
16.2294 0.188027
16.2325 0.188148
16.2357 0.188255
16.2388 0.188348
16.242 0.188429
16.2451 0.188626
16.2483 0.188673
16.2514 0.188714
16.2546 0.188749
16.2577 0.188781
16.2609 0.188808
16.264 0.188957
16.2672 0.188962
16.2703 0.188967
16.2735 0.188971
16.2766 0.188975
16.2798 0.188978
16.2829 0.188981
16.2861 0.189108
16.2892 0.189095
16.2924 0.189083
16.2955 0.189072
16.2987 0.189063
16.3019 0.189055
16.305 0.189174
16.3082 0.189152
16.3113 0.189133
16.3145 0.189116
16.3176 0.189102
16.3208 0.189089
16.3239 0.189078
16.3271 0.189193
16.3302 0.189169
16.3334 0.189148
16.3365 0.189129
16.3397 0.189113
16.3428 0.189099
16.346 0.189087
16.3491 0.189076
16.3523 0.189066
16.3554 0.189058
16.3586 0.189051
16.3617 0.189044
16.3649 0.189039
16.368 0.189159
16.3712 0.189139
16.3743 0.189122
16.3775 0.189107
16.3807 0.189093
16.3838 0.189082
16.387 0.189071
16.3901 0.189187
16.3933 0.189164
16.3964 0.189144
16.3996 0.189126
16.4027 0.18911
16.4059 0.189096
16.409 0.189209
16.4122 0.189183
16.4153 0.189535
16.4185 0.189843
16.4216 0.190113
16.4248 0.190349
16.4279 0.190555
16.4311 0.190861
16.4342 0.191128
16.4374 0.191237
16.4405 0.191332
16.4437 0.191416
16.4468 0.191489
16.45 0.191553
16.4531 0.191734
16.4563 0.191767
16.4595 0.191796
16.4626 0.191822
16.4658 0.191844
16.4689 0.191863
16.4721 0.192005
16.4752 0.19213
16.4784 0.192114
16.4815 0.192099
16.4847 0.192087
16.4878 0.192076
16.491 0.192067
16.4941 0.192183
16.4973 0.19216
16.5004 0.19214
16.5036 0.192123
16.5067 0.192107
16.5099 0.192094
16.513 0.192207
16.5162 0.192306
16.5193 0.192268
16.5225 0.192235
16.5256 0.192205
16.5288 0.19218
16.5319 0.192157
16.5351 0.192262
16.5383 0.192355
16.5414 0.19231
16.5446 0.192272
16.5477 0.192238
16.5509 0.192208
16.554 0.192307
16.5572 0.192394
16.5603 0.192344
16.5635 0.192301
16.5666 0.192264
16.5698 0.192231
16.5729 0.192202
16.5761 0.192302
16.5792 0.192389
16.5824 0.19234
16.5855 0.192298
16.5887 0.192261
16.5918 0.192603
16.595 0.192903
16.5981 0.19329
16.6013 0.193629
16.6044 0.1938
16.6076 0.19395
16.6107 0.194081
16.6139 0.194196
16.6171 0.194422
16.6202 0.194619
16.6234 0.194792
16.6265 0.194818
16.6297 0.19484
16.6328 0.19486
16.636 0.194878
16.6391 0.195018
16.6423 0.195141
16.6454 0.195248
16.6486 0.195217
16.6517 0.19519
16.6549 0.195166
16.658 0.19527
16.6612 0.195362
16.6643 0.195441
16.6675 0.195386
16.6706 0.195338
16.6738 0.195296
16.6769 0.195259
16.6801 0.195351
16.6832 0.195433
16.6864 0.195503
16.6895 0.195441
16.6927 0.195385
16.6959 0.195337
16.699 0.19542
16.7022 0.195493
16.7053 0.195556
16.7085 0.195487
16.7116 0.195426
16.7148 0.195372
16.7179 0.195326
16.7211 0.19541
16.7242 0.195484
16.7274 0.195548
16.7305 0.19548
16.7337 0.19542
16.7368 0.195367
16.74 0.195321
16.7431 0.195406
16.7463 0.195856
16.7494 0.196249
16.7526 0.196467
16.7557 0.196659
16.7589 0.196827
16.762 0.197098
16.7652 0.197336
16.7683 0.197544
16.7715 0.197726
16.7747 0.19776
16.7778 0.19779
16.781 0.197816
16.7841 0.197964
16.7873 0.198094
16.7904 0.198207
16.7936 0.198306
16.7967 0.198268
16.7999 0.198234
16.803 0.19833
16.8062 0.198414
16.8093 0.198487
16.8125 0.198551
16.8156 0.198482
16.8188 0.198422
16.8219 0.198369
16.8251 0.198448
16.8282 0.198517
16.8314 0.198577
16.8345 0.19863
16.8377 0.198552
16.8408 0.198483
16.844 0.198422
16.8471 0.198494
16.8503 0.198558
16.8535 0.198613
16.8566 0.198536
16.8598 0.198469
16.8629 0.198411
16.8661 0.198484
16.8692 0.198549
16.8724 0.198605
16.8755 0.198655
16.8787 0.198573
16.8818 0.198501
16.885 0.198438
16.8881 0.198884
16.8913 0.199273
16.8944 0.199614
16.8976 0.199912
16.9007 0.200048
16.9039 0.200167
16.907 0.200396
16.9102 0.200597
16.9133 0.200772
16.9165 0.200926
16.9196 0.20106
16.9228 0.201052
16.9259 0.201046
16.9291 0.201165
16.9323 0.20127
16.9354 0.201361
16.9386 0.201441
16.9417 0.201511
16.9449 0.201447
16.948 0.201516
16.9512 0.201576
16.9543 0.201629
16.9575 0.201676
16.9606 0.201716
16.9638 0.201627
16.9669 0.201548
16.9701 0.201605
16.9732 0.201654
16.9764 0.201697
16.9795 0.201735
16.9827 0.201768
16.9858 0.201672
16.989 0.201588
16.9921 0.20164
16.9953 0.201685
16.9984 0.201724
17.0016 0.201759
17.0047 0.201664
17.0079 0.201581
17.0111 0.201633
17.0142 0.201679
17.0174 0.202094
17.0205 0.202457
17.0237 0.202775
17.0268 0.203053
17.03 0.203172
17.0331 0.2034
17.0363 0.2036
17.0394 0.203775
17.0426 0.203928
17.0457 0.204062
17.0489 0.204179
17.052 0.204282
17.0552 0.204372
17.0583 0.20445
17.0615 0.204519
17.0646 0.204579
17.0678 0.204632
17.0709 0.204553
17.0741 0.204609
17.0772 0.204658
17.0804 0.2047
17.0835 0.204738
17.0867 0.204771
17.0899 0.204799
17.093 0.204824
17.0962 0.204846
17.0993 0.204866
17.1025 0.204882
17.1056 0.204897
17.1088 0.20491
17.1119 0.204796
17.1151 0.204822
17.1182 0.204844
17.1214 0.204863
17.1245 0.204881
17.1277 0.204895
17.1308 0.204909
17.134 0.204795
17.1371 0.204821
17.1403 0.205218
17.1434 0.205566
17.1466 0.20587
17.1497 0.206136
17.1529 0.206369
17.156 0.206573
17.1592 0.206751
17.1623 0.206908
17.1655 0.207044
17.1687 0.207164
17.1718 0.207268
17.175 0.20736
17.1781 0.20744
17.1813 0.20751
17.1844 0.207571
17.1876 0.207625
17.1907 0.207672
17.1939 0.207713
17.197 0.207874
17.2002 0.207889
17.2033 0.207903
17.2065 0.207915
17.2096 0.207926
17.2128 0.207935
17.2159 0.207943
17.2191 0.20795
17.2222 0.207957
17.2254 0.207962
17.2285 0.207967
17.2317 0.207971
17.2348 0.207975
17.238 0.207978
17.2411 0.20798
17.2443 0.207983
17.2475 0.207985
17.2506 0.207987
17.2538 0.208364
17.2569 0.208693
17.2601 0.209106
17.2632 0.209343
17.2664 0.20955
17.2695 0.209731
17.2727 0.20989
17.2758 0.210029
17.279 0.21015
17.2821 0.210381
17.2853 0.210459
17.2884 0.210526
17.2916 0.210586
17.2947 0.210637
17.2979 0.210683
17.301 0.210847
17.3042 0.210866
17.3073 0.210883
17.3105 0.210898
17.3136 0.210911
17.3168 0.210922
17.3199 0.210932
17.3231 0.211065
17.3263 0.211057
17.3294 0.21105
17.3326 0.211044
17.3357 0.211038
17.3389 0.211033
17.342 0.211154
17.3452 0.21126
17.3483 0.211227
17.3515 0.211199
17.3546 0.211174
17.3578 0.211152
17.3609 0.211508
17.3641 0.211945
17.3672 0.212327
17.3704 0.212536
17.3735 0.212719
17.3767 0.212879
17.3798 0.213019
17.383 0.213142
17.3861 0.213374
17.3893 0.213577
17.3924 0.21363
17.3956 0.213676
17.3987 0.213717
17.4019 0.213752
17.4051 0.213908
17.4082 0.214045
17.4114 0.214039
17.4145 0.214034
17.4177 0.21403
17.4208 0.214026
17.424 0.214023
17.4271 0.214145
17.4303 0.214252
17.4334 0.21422
17.4366 0.214193
17.4397 0.214169
17.4429 0.214148
17.446 0.214254
17.4492 0.214347
17.4523 0.214429
17.4555 0.214375
17.4586 0.214328
17.4618 0.214287
17.4649 0.214626
17.4681 0.215048
17.4712 0.215417
17.4744 0.21574
17.4775 0.215897
17.4807 0.216035
17.4839 0.216156
17.487 0.216386
17.4902 0.216588
17.4933 0.216765
17.4965 0.216919
17.4996 0.216929
17.5028 0.216938
17.5059 0.216946
17.5091 0.217078
17.5122 0.217193
17.5154 0.217294
17.5185 0.217257
17.5217 0.217225
17.5248 0.217197
17.528 0.217172
17.5311 0.217276
17.5343 0.217366
17.5374 0.217445
17.5406 0.21739
17.5437 0.217341
17.5469 0.217298
17.55 0.217386
17.5532 0.217463
17.5563 0.21753
17.5595 0.217464
17.5627 0.217781
17.5658 0.218058
17.569 0.218301
17.5721 0.218638
17.5753 0.218933
17.5784 0.219192
17.5816 0.219418
17.5847 0.219491
17.5879 0.219554
17.591 0.219735
17.5942 0.219893
17.5973 0.220031
17.6005 0.220153
17.6036 0.220258
17.6068 0.220226
17.6099 0.220198
17.6131 0.220298
17.6162 0.220386
17.6194 0.220463
17.6225 0.22053
17.6257 0.220464
17.6288 0.220406
17.632 0.220355
17.6351 0.220436
17.6383 0.220506
17.6415 0.220568
17.6446 0.220622
17.6478 0.220544
17.6509 0.220476
17.6541 0.220542
17.6572 0.220974
17.6604 0.221352
17.6635 0.221683
17.6667 0.221973
17.6698 0.222101
17.673 0.222214
17.6761 0.222437
17.6793 0.222632
17.6824 0.222803
17.6856 0.222953
17.6887 0.223084
17.6919 0.223073
17.695 0.223189
17.6982 0.22329
17.7013 0.223379
17.7045 0.223457
17.7076 0.223525
17.7108 0.223459
17.7139 0.223402
17.7171 0.223476
17.7203 0.223542
17.7234 0.223599
17.7266 0.223649
17.7297 0.223693
17.7329 0.223606
17.736 0.223656
17.7392 0.223699
17.7423 0.223736
17.7455 0.224144
17.7486 0.224501
17.7518 0.224814
17.7549 0.225087
17.7581 0.225326
17.7612 0.225535
17.7644 0.225718
17.7675 0.225879
17.7707 0.226019
17.7738 0.226141
17.777 0.226124
17.7801 0.226233
17.7833 0.226329
17.7864 0.226413
17.7896 0.226486
17.7927 0.226551
17.7959 0.226607
17.7991 0.226656
17.8022 0.226699
17.8054 0.226737
17.8085 0.226769
17.8117 0.226798
17.8148 0.226824
17.818 0.226721
17.8211 0.226755
17.8243 0.226786
17.8274 0.226813
17.8306 0.226836
17.8337 0.227232
17.8369 0.227578
17.84 0.228005
17.8432 0.228255
17.8463 0.228473
17.8495 0.228664
17.8526 0.228831
17.8558 0.228977
17.8589 0.229105
17.8621 0.229342
17.8652 0.229424
17.8684 0.229496
17.8715 0.229559
17.8747 0.229614
17.8779 0.229662
17.881 0.22983
17.8842 0.229851
17.8873 0.22987
17.8905 0.229886
17.8936 0.2299
17.8968 0.229913
17.8999 0.229924
17.9031 0.230058
17.9062 0.230051
17.9094 0.230044
17.9125 0.230039
17.9157 0.230034
17.9188 0.230405
17.922 0.230729
17.9251 0.231138
17.9283 0.231371
17.9314 0.231574
17.9346 0.231753
17.9377 0.231909
17.9409 0.232045
17.944 0.232289
17.9472 0.232503
17.9503 0.232565
17.9535 0.23262
17.9567 0.232667
17.9598 0.232709
17.963 0.232745
17.9661 0.232902
17.9693 0.232914
17.9724 0.232925
17.9756 0.232934
17.9787 0.232943
17.9819 0.23295
17.985 0.233081
17.9882 0.233196
17.9913 0.233171
17.9945 0.23315
17.9976 0.233131
18.0008 0.23349
18.0039 0.233804
18.0071 0.234203
18.0102 0.234553
18.0134 0.234859
18.0165 0.235001
18.0197 0.235126
18.0228 0.235235
18.026 0.235331
18.0291 0.23554
18.0323 0.235722
18.0355 0.235757
18.0386 0.235787
18.0418 0.235814
18.0449 0.235837
18.0481 0.235982
18.0512 0.23611
18.0544 0.236221
18.0575 0.236193
18.0607 0.236169
18.0638 0.236148
18.067 0.23613
18.0701 0.236238
18.0733 0.236334
18.0764 0.236292
18.0796 0.23663
18.0827 0.236927
18.0859 0.237186
18.089 0.237538
18.0922 0.237845
18.0953 0.238115
18.0985 0.23835
18.1016 0.238432
18.1048 0.238503
18.1079 0.238565
18.1111 0.238744
18.1143 0.238901
18.1174 0.239039
18.1206 0.239034
18.1237 0.239029
18.1269 0.239026
18.13 0.239148
18.1332 0.239254
18.1363 0.239347
18.1395 0.239429
18.1426 0.239375
18.1458 0.239328
18.1489 0.239287
18.1521 0.239376
18.1552 0.239454
18.1584 0.239898
18.1615 0.240285
18.1647 0.240625
18.1678 0.240797
18.171 0.240947
18.1741 0.241204
18.1773 0.241428
18.1804 0.241625
18.1836 0.241797
18.1867 0.241822
18.1899 0.241844
18.1931 0.241989
18.1962 0.242115
18.1994 0.242226
18.2025 0.242323
18.2057 0.242407
18.2088 0.242356
18.212 0.242312
18.2151 0.242398
18.2183 0.242473
18.2214 0.242539
18.2246 0.242597
18.2277 0.242522
18.2309 0.242457
18.234 0.2429
18.2372 0.243287
18.2403 0.243626
18.2435 0.243923
18.2466 0.244183
18.2498 0.24441
18.2529 0.244484
18.2561 0.244673
18.2592 0.244839
18.2624 0.244984
18.2655 0.245111
18.2687 0.245222
18.2719 0.245319
18.275 0.245405
18.2782 0.245479
18.2813 0.245544
18.2845 0.245601
18.2876 0.245651
18.2908 0.245695
18.2939 0.245608
18.2971 0.245657
18.3002 0.2457
18.3034 0.245737
18.3065 0.246145
18.3097 0.246502
18.3128 0.246814
18.316 0.247087
18.3191 0.247326
18.3223 0.247536
18.3254 0.247719
18.3286 0.247879
18.3317 0.248019
18.3349 0.248142
18.338 0.248249
18.3412 0.248343
18.3443 0.248425
18.3475 0.248497
18.3507 0.24856
18.3538 0.248615
18.357 0.248663
18.3601 0.248705
18.3633 0.248742
18.3664 0.248774
18.3696 0.248802
18.3727 0.248827
18.3759 0.248849
18.379 0.249368
18.3822 0.249697
18.3853 0.249985
18.3885 0.250237
18.3916 0.250457
18.3948 0.25065
18.3979 0.250819
18.4011 0.251091
18.4042 0.251205
18.4074 0.251304
18.4105 0.251391
18.4137 0.251467
18.4168 0.251534
18.42 0.251592
18.4231 0.251768
18.4263 0.251797
18.4295 0.251822
18.4326 0.251845
18.4358 0.251864
18.4389 0.251881
18.4421 0.252021
18.4452 0.252018
18.4484 0.252391
18.4515 0.252717
18.4547 0.253003
18.4578 0.253252
18.461 0.253471
18.4641 0.253787
18.4673 0.254063
18.4704 0.254181
18.4736 0.254283
18.4767 0.254373
18.4799 0.254451
18.483 0.254645
18.4862 0.254814
18.4893 0.254837
18.4925 0.254858
18.4956 0.254875
18.4988 0.254891
18.5019 0.254905
18.5051 0.255042
18.5083 0.255161
18.5114 0.255141
18.5146 0.255124
18.5177 0.255483
18.5209 0.255798
18.524 0.256198
18.5272 0.256548
18.5303 0.256855
18.5335 0.256998
18.5366 0.257123
18.5398 0.257233
18.5429 0.257329
18.5461 0.257538
18.5492 0.25772
18.5524 0.25788
18.5555 0.257895
18.5587 0.257908
18.5618 0.25792
18.565 0.25793
18.5681 0.258064
18.5713 0.258181
18.5744 0.258283
18.5776 0.258248
18.5807 0.258217
18.5839 0.25819
18.5871 0.258666
18.5902 0.259083
18.5934 0.259447
18.5965 0.259766
18.5997 0.259921
18.6028 0.260056
18.606 0.260174
18.6091 0.260402
18.6123 0.260602
18.6154 0.260776
18.6186 0.260929
18.6217 0.260938
18.6249 0.260946
18.628 0.261078
18.6312 0.261193
18.6343 0.261294
18.6375 0.261382
18.6406 0.261334
18.6438 0.261293
18.6469 0.261256
18.6501 0.261349
18.6532 0.261805
18.6564 0.262205
18.6595 0.262554
18.6627 0.26286
18.6659 0.263002
18.669 0.263252
18.6722 0.263471
18.6753 0.263662
18.6785 0.263829
18.6816 0.263975
18.6848 0.264103
18.6879 0.264091
18.6911 0.264204
18.6942 0.264304
18.6974 0.264391
18.7005 0.264467
18.7037 0.264534
18.7068 0.264467
18.71 0.264408
18.7131 0.264482
18.7163 0.264922
18.7194 0.265307
18.7226 0.265643
18.7257 0.265938
18.7289 0.266196
18.732 0.266421
18.7352 0.266619
18.7383 0.266791
18.7415 0.266942
18.7447 0.267075
18.7478 0.26719
18.751 0.267166
18.7541 0.267271
18.7573 0.267362
18.7604 0.267442
18.7636 0.267511
18.7667 0.267572
18.7699 0.267626
18.773 0.267673
18.7762 0.267714
18.7793 0.268124
18.7825 0.268484
18.7856 0.268798
18.7888 0.269074
18.7919 0.269314
18.7951 0.269525
18.7982 0.269709
18.8014 0.269871
18.8045 0.270012
18.8077 0.270135
18.8108 0.270243
18.814 0.270338
18.8171 0.270421
18.8203 0.270493
18.8235 0.270557
18.8266 0.270612
18.8298 0.27066
18.8329 0.270703
18.8361 0.270865
18.8392 0.270882
18.8424 0.271272
18.8455 0.271613
18.8487 0.271911
18.8518 0.272172
18.855 0.272401
18.8581 0.272726
18.8613 0.272885
18.8644 0.273024
18.8676 0.273146
18.8707 0.273253
18.8739 0.273346
18.877 0.273553
18.8802 0.273734
18.8833 0.273767
18.8865 0.273796
18.8896 0.273822
18.8928 0.273844
18.8959 0.273864
18.8991 0.274006
18.9023 0.274005
18.9054 0.274379
18.9086 0.274707
18.9117 0.274994
18.9149 0.275244
18.918 0.275589
18.9212 0.27589
18.9243 0.276154
18.9275 0.27626
18.9306 0.276352
18.9338 0.276433
18.9369 0.276504
18.9401 0.276691
18.9432 0.276855
18.9464 0.276873
18.9495 0.276889
18.9527 0.276903
18.9558 0.276915
18.959 0.276925
18.9621 0.27706
18.9653 0.277552
18.9684 0.277983
18.9716 0.278235
18.9747 0.278456
18.9779 0.278649
18.9811 0.278943
18.9842 0.2792
18.9874 0.279425
18.9905 0.279622
18.9937 0.279669
18.9968 0.27971
19 0.279747
19.0031 0.279903
19.0063 0.28004
19.0094 0.28016
19.0126 0.28014
19.0157 0.280123
19.0189 0.280107
19.022 0.280219
19.0252 0.280692
19.0283 0.281105
19.0315 0.281467
19.0346 0.281784
19.0378 0.281936
19.0409 0.282069
19.0441 0.28231
19.0472 0.282521
19.0504 0.282706
19.0535 0.282868
19.0567 0.282884
19.0599 0.282899
19.063 0.283037
19.0662 0.283157
19.0693 0.283262
19.0725 0.283355
19.0756 0.283435
19.0788 0.283381
19.0819 0.283708
19.0851 0.28412
19.0882 0.28448
19.0914 0.284795
19.0945 0.28507
19.0977 0.285312
19.1008 0.285523
19.104 0.285582
19.1071 0.28576
19.1103 0.285915
19.1134 0.28605
19.1166 0.286169
19.1197 0.286273
19.1229 0.286239
19.126 0.286334
19.1292 0.286417
19.1323 0.28649
19.1355 0.286554
19.1387 0.28661
19.1418 0.287033
19.145 0.287404
19.1481 0.287729
19.1513 0.288013
19.1544 0.288261
19.1576 0.288478
19.1607 0.288669
19.1639 0.288835
19.167 0.288981
19.1702 0.289108
19.1733 0.28922
19.1765 0.289317
19.1796 0.289402
19.1828 0.289477
19.1859 0.289543
19.1891 0.2896
19.1922 0.28965
19.1954 0.289694
19.1985 0.290107
19.2017 0.290468
19.2048 0.290785
19.208 0.291062
19.2111 0.291304
19.2143 0.291516
19.2175 0.291702
19.2206 0.291864
19.2238 0.292006
19.2269 0.29213
19.2301 0.292364
19.2332 0.292443
19.2364 0.292513
19.2395 0.292574
19.2427 0.292627
19.2458 0.292674
19.249 0.292715
19.2521 0.29325
19.2553 0.293719
19.2584 0.294004
19.2616 0.294254
19.2647 0.294472
19.2679 0.294663
19.271 0.294955
19.2742 0.295211
19.2773 0.295309
19.2805 0.295396
19.2836 0.295471
19.2868 0.295537
19.2899 0.295595
19.2931 0.295771
19.2963 0.295924
19.2994 0.295934
19.3026 0.295942
19.3057 0.295949
19.3089 0.296331
19.312 0.296789
19.3152 0.297191
19.3183 0.297542
19.3215 0.297724
19.3246 0.297884
19.3278 0.298023
19.3309 0.298145
19.3341 0.298377
19.3372 0.29858
19.3404 0.298757
19.3435 0.298788
19.3467 0.298814
19.3498 0.298838
19.353 0.298858
19.3561 0.299001
19.3593 0.299126
19.3624 0.29961
19.3656 0.299909
19.3687 0.30017
19.3719 0.300399
19.3751 0.300724
19.3782 0.301008
19.3814 0.301257
19.3845 0.301475
19.3877 0.301541
19.3908 0.301598
19.394 0.301648
19.3971 0.301817
19.4003 0.301965
19.4034 0.302095
19.4066 0.302208
19.4097 0.302182
19.4129 0.302159
19.416 0.302639
19.4192 0.303059
19.4223 0.303427
19.4255 0.303749
19.4286 0.30403
19.4318 0.304151
19.4349 0.304257
19.4381 0.304475
19.4412 0.304666
19.4444 0.304833
19.4475 0.304978
19.4507 0.305106
19.4539 0.305093
19.457 0.305206
19.4602 0.305305
19.4633 0.305392
19.4665 0.305468
19.4696 0.30591
19.4728 0.306296
19.4759 0.306509
19.4791 0.30682
19.4822 0.307093
19.4854 0.307331
19.4885 0.30754
19.4917 0.307722
19.4948 0.307882
19.498 0.307897
19.5011 0.308035
19.5043 0.308155
19.5074 0.308261
19.5106 0.308353
19.5137 0.308434
19.5169 0.308505
19.52 0.308567
19.5232 0.308996
19.5263 0.309371
19.5295 0.3097
19.5327 0.309988
19.5358 0.310239
19.539 0.310459
19.5421 0.310652
19.5453 0.31082
19.5484 0.310968
19.5516 0.311097
19.5547 0.31121
19.5579 0.311308
19.561 0.31152
19.5642 0.31158
19.5673 0.311632
19.5705 0.311678
19.5736 0.312094
19.5768 0.312457
19.5799 0.312775
19.5831 0.313178
19.5862 0.313406
19.5894 0.313605
19.5925 0.313779
19.5957 0.313932
19.5988 0.314065
19.602 0.314182
19.6051 0.314409
19.6083 0.314483
19.6115 0.314548
19.6146 0.314604
19.6178 0.314654
19.6209 0.314697
19.6241 0.31486
19.6272 0.315377
19.6304 0.315705
19.6335 0.315992
19.6367 0.316243
19.6398 0.316463
19.643 0.316655
19.6461 0.316948
19.6493 0.317205
19.6524 0.317304
19.6556 0.317391
19.6587 0.317467
19.6619 0.317534
19.665 0.317717
19.6682 0.317877
19.6713 0.318018
19.6745 0.318015
19.6776 0.318389
19.6808 0.318715
19.6839 0.319001
19.6871 0.319376
19.6903 0.319704
19.6934 0.319991
19.6966 0.320117
19.6997 0.320227
19.7029 0.320324
19.706 0.320533
19.7092 0.320717
19.7123 0.320877
19.7155 0.321017
19.7186 0.321015
19.7218 0.321013
19.7249 0.321387
19.7281 0.321838
19.7312 0.322234
19.7344 0.322579
19.7375 0.322882
19.7407 0.323022
19.7438 0.323144
19.747 0.323251
19.7501 0.32347
19.7533 0.323661
19.7564 0.323828
19.7596 0.323975
19.7627 0.323978
19.7659 0.323981
19.7691 0.324108
19.7722 0.32422
19.7754 0.324692
19.7785 0.325106
19.7817 0.325467
19.7848 0.325659
19.788 0.325827
19.7911 0.326098
19.7943 0.326336
19.7974 0.326544
19.8006 0.326726
19.8037 0.326885
19.8069 0.3269
19.81 0.327037
19.8132 0.327157
19.8163 0.327263
19.8195 0.327355
19.8226 0.327436
19.8258 0.327881
19.8289 0.328271
19.8321 0.328612
19.8352 0.328911
19.8384 0.329172
19.8415 0.3294
19.8447 0.3296
19.8479 0.329775
19.851 0.329928
19.8542 0.330062
19.8573 0.33018
19.8605 0.330282
19.8636 0.330372
19.8668 0.33045
19.8699 0.330519
19.8731 0.331079
19.8762 0.331444
19.8794 0.331764
19.8825 0.332043
19.8857 0.332288
19.8888 0.332502
19.892 0.332689
19.8951 0.332853
19.8983 0.332996
19.9014 0.333122
19.9046 0.333232
19.9077 0.333328
19.9109 0.333412
19.914 0.33361
19.9172 0.333659
19.9203 0.334077
19.9235 0.334442
19.9267 0.334762
19.9298 0.335042
19.933 0.335286
19.9361 0.335626
19.9393 0.335922
19.9424 0.336057
19.9456 0.336175
19.9487 0.336278
19.9519 0.336368
19.955 0.336572
19.9582 0.336751
19.9613 0.336782
19.9645 0.336809
