0.0 0
0.0905768 4294967295
0.18279 4294967295
0.276537 4294967295
0.370283 4294967295
0.462454 4294967295
0.465606 4294967295
0.5562 4294967295
0.559352 4294967295
0.562504 4294967295
0.649946 4294967295
0.653098 4294967295
0.65625 4294967295
0.659402 4294967295
0.742117 4294967295
0.745269 4294967295
0.748421 4294967295
0.751573 4294967295
0.754725 4294967295
0.757877 4294967295
0.834287 4294967295
0.837439 4294967295
0.840591 4294967295
0.843743 4294967295
0.846895 4294967295
0.850047 4294967295
0.853199 4294967295
0.856351 4294967295
0.859503 4294967295
0.926458 4294967295
0.92961 4294967295
0.932762 4294967295
0.935914 4294967295
0.939066 4294967295
0.942218 4294967295
0.94537 4294967295
0.948522 4294967295
0.951674 4294967295
0.954826 4294967295
0.957978 4294967295
0.96113 4294967295
0.964282 4294967295
0.967434 4294967295
1.0202 4294967295
1.02336 4294967295
1.02651 4294967295
1.02966 4294967295
1.03281 4294967295
1.03596 4294967295
1.03912 4294967295
1.04227 4294967295
1.04542 4294967295
1.04857 4294967295
1.05172 4294967295
1.05488 4294967295
1.05803 4294967295
1.06118 4294967295
1.06433 4294967295
1.06748 4294967295
1.07064 4294967295
1.07379 4294967295
1.07694 4294967295
1.08009 4294967295
1.08324 4294967295
1.11395 4294967295
1.1171 4294967295
1.12025 4294967295
1.12341 4294967295
1.12656 4294967295
1.12971 4294967295
1.13286 4294967295
1.13601 4294967295
1.13917 4294967295
1.14232 4294967295
1.14547 4294967295
1.14862 4294967295
1.15177 4294967295
1.15493 4294967295
1.15808 4294967295
1.16123 4294967295
1.16438 4294967295
1.16753 4294967295
1.17069 4294967295
1.17384 4294967295
1.17699 4294967295
1.18014 4294967295
1.18329 4294967295
1.18645 4294967295
1.1896 4294967295
1.19275 4294967295
1.1959 4294967295
1.19905 4294967295
1.20221 4294967295
1.20536 4294967295
1.20851 4294967295
1.21166 4294967295
1.21481 4294967295
1.21797 4294967295
1.22112 4294967295
1.22427 4294967295
1.22742 4294967295
1.23057 4294967295
1.23373 4294967295
1.23688 4294967295
1.24003 4294967295
1.24318 4294967295
1.24633 4294967295
1.24949 4294967295
1.25264 4294967295
1.25579 4294967295
1.25894 4294967295
1.26209 4294967295
1.26525 4294967295
1.2684 4294967295
1.27155 4294967295
1.2747 4294967295
1.27785 4294967295
1.28101 4294967295
1.28416 4294967295
1.28731 4294967295
1.29046 4294967295
1.29361 4294967295
1.29677 4294967295
1.29992 4294967295
1.30307 4294967295
1.30622 4294967295
1.30937 4294967295
1.31253 4294967295
1.31568 4294967295
1.31883 4294967295
1.32198 4294967295
1.32513 4294967295
1.32829 4294967295
1.33144 4294967295
1.33459 4294967295
1.33774 4294967295
1.34089 4294967295
1.34405 4294967295
1.3472 4294967295
1.35035 4294967295
1.3535 4294967295
1.35665 4294967295
1.35981 4294967295
1.36296 4294967295
1.36611 4294967295
1.36926 4294967295
1.37241 4294967295
1.37557 4294967295
1.37872 4294967295
1.38187 4294967295
1.38502 4294967295
1.38817 4294967295
1.39133 4294967295
1.39448 4294967295
1.39763 4294967295
1.40078 4294967295
1.40393 4294967295
1.40709 4294967295
1.41024 4294967295
1.41339 4294967295
1.41654 4294967295
1.41969 4294967295
1.42285 4294967295
1.426 4294967295
1.42915 4294967295
1.4323 4294967295
1.43545 4294967295
1.43861 4294967295
1.44176 4294967295
1.44491 4294967295
1.44806 4294967295
1.45121 4294967295
1.45437 4294967295
1.45752 4294967295
1.46067 4294967295
1.46382 4294967295
1.46697 4294967295
1.47013 4294967295
1.47328 4294967295
1.47643 4294967295
1.47958 4294967295
1.48273 4294967295
1.48589 4294967295
1.48904 4294967295
1.49219 4294967295
1.49534 4294967295
1.49849 4294967295
1.50165 4294967295
1.5048 4294967295
1.50795 4294967295
1.5111 4294967295
1.51425 4294967295
1.51741 4294967295
1.52056 4294967295
1.52371 4294967295
1.52686 4294967295
1.53001 4294967295
1.53317 4294967295
1.53632 4294967295
1.53947 4294967295
1.54262 4294967295
1.54577 4294967295
1.54893 4294967295
1.55208 4294967295
1.55523 4294967295
1.55838 4294967295
1.56153 4294967295
1.56469 4294967295
1.56784 4294967295
1.57099 4294967295
1.57414 4294967295
1.57729 4294967295
1.58045 4294967295
1.5836 4294967295
1.58675 4294967295
1.5899 4294967295
1.59305 4294967295
1.59621 4294967295
1.59936 4294967295
1.60251 4294967295
1.60566 4294967295
1.60881 4294967295
1.61197 4294967295
1.61512 4294967295
1.61827 4294967295
1.62142 4294967295
1.62457 4294967295
1.62773 4294967295
1.63088 4294967295
1.63403 4294967295
1.63718 4294967295
1.64033 4294967295
1.64349 4294967295
1.64664 4294967295
1.64979 4294967295
1.65294 4294967295
1.65609 4294967295
1.65925 4294967295
1.6624 4294967295
1.66555 4294967295
1.6687 4294967295
1.67185 4294967295
1.67501 4294967295
1.67816 4294967295
1.68131 4294967295
1.68446 4294967295
1.68761 4294967295
1.69077 4294967295
1.69392 4294967295
1.69707 4294967295
1.70022 4294967295
1.70337 4294967295
1.70653 4294967295
1.70968 4294967295
1.71283 4294967295
1.71598 4294967295
1.71913 4294967295
1.72229 4294967295
1.72544 4294967295
1.72859 4294967295
1.73174 4294967295
1.73489 4294967295
1.73805 4294967295
1.7412 4294967295
1.74435 4294967295
1.7475 4294967295
1.75065 4294967295
1.75381 4294967295
1.75696 4294967295
1.76011 4294967295
1.76326 4294967295
1.76641 4294967295
1.76957 4294967295
1.77272 4294967295
1.77587 4294967295
1.77902 4294967295
1.78217 4294967295
1.78533 4294967295
1.78848 4294967295
1.79163 4294967295
1.79478 4294967295
1.79793 4294967295
1.80109 4294967295
1.80424 4294967295
1.80739 4294967295
1.81054 4294967295
1.81369 4294967295
1.81685 4294967295
1.82 4294967295
1.82315 4294967295
1.8263 4294967295
1.82945 4294967295
1.83261 4294967295
1.83576 4294967295
1.83891 4294967295
1.84206 4294967295
1.84521 4294967295
1.84837 4294967295
1.85152 4294967295
1.85467 4294967295
1.85782 4294967295
1.86097 4294967295
1.86413 4294967295
1.86728 4294967295
1.87043 4294967295
1.87358 4294967295
1.87673 4294967295
1.87989 4294967295
1.88304 4294967295
1.88619 4294967295
1.88934 4294967295
1.89249 4294967295
1.89565 4294967295
1.8988 4294967295
1.90195 4294967295
1.9051 4294967295
1.90825 4294967295
1.91141 4294967295
1.91456 4294967295
1.91771 4294967295
1.92086 4294967295
1.92401 4294967295
1.92717 4294967295
1.93197 54400
1.93197 54400
2.73565 54400
2.74046 27030
2.74046 27030
3.03194 27030
3.03509 27030
3.03825 27030
3.0414 27030
3.04455 27030
3.0477 27030
3.05085 27030
3.05401 27030
3.05716 27030
3.06031 27030
3.06346 27030
3.06661 27030
3.06977 27030
3.07449 27030
3.07765 27030
3.0808 27030
3.08395 27030
3.0871 27030
3.09025 27030
3.09341 27030
3.09656 27030
3.09971 27030
3.10286 27030
3.10601 27030
3.10917 27030
3.11232 27030
3.11547 27030
3.11862 27030
3.12177 27030
3.12493 27030
3.12808 27030
3.13123 27030
3.13438 27030
3.13753 27030
3.14069 27030
3.14384 27030
3.14699 27030
3.15014 27030
3.15329 27030
3.15645 27030
3.1596 27030
3.16275 27030
3.1659 27030
3.16905 27030
3.17221 27030
3.17536 27030
3.17851 27030
3.18166 27030
3.18481 27030
3.18797 27030
3.19112 27030
3.19427 27030
3.19742 27030
3.20057 27030
3.20373 27030
3.20688 27030
3.21003 27030
3.21318 27030
3.21633 27030
3.21949 27030
3.22264 27030
3.22579 27030
3.22894 27030
3.23209 27030
3.23525 27030
3.2384 27030
3.24155 27030
3.2447 27030
3.24785 27030
3.25101 27030
3.25416 27030
3.25731 27030
3.26046 27030
3.26361 27030
3.26677 27030
3.26992 27030
3.27307 27030
3.27622 27030
3.27937 27030
3.28252 27030
3.28568 27030
3.28883 27030
3.29198 27030
3.29513 27030
3.29828 27030
3.30144 27030
3.30459 27030
3.30774 27030
3.31089 27030
3.31404 27030
3.3172 27030
3.32035 27030
3.3235 27030
3.32665 27030
3.3298 27030
3.33296 27030
3.33611 27030
3.33926 27030
3.34241 27030
3.34556 27030
3.34872 27030
3.35187 27030
3.35502 27030
3.35817 27030
3.36132 27030
3.36448 27030
3.36763 27030
3.37078 27030
3.37393 27030
3.37708 27030
3.38024 27030
3.38339 27030
3.38654 27030
3.38969 27030
3.39284 27030
3.396 27030
3.39915 27030
3.4023 27030
3.40545 27030
3.4086 27030
3.41176 27030
3.41491 27030
3.41806 27030
3.42121 27030
3.42436 27030
3.42752 27030
3.43067 27030
3.43382 27030
3.43697 27030
3.44012 27030
3.44328 27030
3.44643 27030
3.44958 27030
3.45273 27030
3.45588 27030
3.45904 27030
3.46219 27030
3.46534 27030
3.46849 27030
3.47164 27030
3.4748 27030
3.47795 27030
3.4811 27030
3.48425 27030
3.4874 27030
3.49056 27030
3.49371 27030
3.49686 27030
3.50001 27030
3.50316 27030
3.50632 27030
3.50947 27030
3.51262 27030
3.51577 27030
3.51892 27030
3.52208 27030
3.52523 27030
3.52838 27030
3.53153 27030
3.53468 27030
3.53784 27030
3.54099 27030
3.54414 27030
3.54729 27030
3.55044 27030
3.5536 27030
3.55675 27030
3.5599 27030
3.56305 27030
3.5662 27030
3.56936 27030
3.57251 27030
3.57566 27030
3.57881 27030
3.58196 27030
3.58512 27030
3.58827 27030
3.59142 27030
3.59457 27030
3.59772 27030
3.60088 27030
3.60403 27030
3.60718 27030
3.61033 27030
3.61348 27030
3.61664 27030
3.61979 27030
3.62294 27030
3.62609 27030
3.62924 27030
3.6324 27030
3.63555 27030
3.6387 27030
3.64185 27030
3.645 27030
3.64816 27030
3.65131 27030
3.65446 27030
3.65761 27030
3.66076 27030
3.66392 27030
3.66707 27030
3.67022 27030
3.67337 27030
3.67652 27030
3.67968 27030
3.68283 27030
3.68598 27030
3.68913 27030
3.69228 27030
3.69544 27030
3.69859 27030
3.70174 27030
3.70489 27030
3.70804 27030
3.7112 27030
3.71435 27030
3.7175 27030
3.72065 27030
3.7238 27030
3.72696 27030
3.73011 27030
3.73326 27030
3.73641 27030
3.73956 27030
3.74272 27030
3.74587 27030
3.74902 27030
3.75217 27030
3.75532 27030
3.75848 27030
3.76163 27030
3.76478 27030
3.76793 27030
3.77108 27030
3.77424 27030
3.77739 27030
3.78054 27030
3.78369 27030
3.78684 27030
3.79 27030
3.79315 27030
3.7963 27030
3.79945 27030
3.8026 27030
3.80576 27030
3.80891 27030
3.81206 27030
3.81521 27030
3.81836 27030
3.82152 27030
3.82467 27030
3.82782 27030
3.83097 27030
3.83412 27030
3.83728 27030
3.84043 27030
3.84358 27030
3.84673 27030
3.84988 27030
3.85304 27030
3.85619 27030
3.85934 27030
3.86249 27030
3.86564 27030
3.8688 27030
3.87195 27030
3.8751 27030
3.87825 27030
3.8814 27030
3.88456 27030
3.88771 27030
3.89086 27030
3.89401 27030
3.89716 27030
3.90032 27030
3.90347 27030
3.90662 27030
3.90977 27030
3.91292 27030
3.91608 27030
3.91923 27030
3.92238 27030
3.92553 27030
3.92868 27030
3.93184 27030
3.93499 27030
3.93814 27030
3.94129 27030
3.94444 27030
3.9476 27030
3.95075 27030
3.9539 27030
3.95705 27030
3.9602 27030
3.96336 27030
3.96651 27030
3.96966 27030
3.97281 27030
3.97596 27030
3.97912 27030
3.98227 27030
3.98542 27030
3.98857 27030
3.99172 27030
3.99488 27030
3.99803 27030
4.00118 27030
4.00433 27030
4.00748 27030
4.01064 27030
4.01379 27030
4.01694 27030
4.02009 27030
4.02324 27030
4.0264 27030
4.02955 27030
4.0327 27030
4.03585 27030
4.039 27030
4.04216 27030
4.04531 27030
4.04846 27030
4.05161 27030
4.05476 27030
4.05792 27030
4.06107 27030
4.06422 27030
4.06737 27030
4.07052 27030
4.07368 27030
4.07683 27030
4.07998 27030
4.08313 27030
4.08628 27030
4.08944 27030
4.09259 27030
4.09574 27030
4.09889 27030
4.10204 27030
4.1052 27030
4.10835 27030
4.1115 27030
4.11465 27030
4.1178 27030
4.12096 27030
4.12411 27030
4.12726 27030
4.13041 27030
4.13356 27030
4.13672 27030
4.13987 27030
4.14302 27030
4.14617 27030
4.14932 27030
4.15248 27030
4.15563 27030
4.15878 27030
4.16193 27030
4.16508 27030
4.16824 27030
4.17139 27030
4.17454 27030
4.17769 27030
4.18084 27030
4.184 27030
4.18715 27030
4.1903 27030
4.19345 27030
4.1966 27030
4.19976 27030
4.20291 27030
4.20606 27030
4.20921 27030
4.21236 27030
4.21552 27030
4.21867 27030
4.22182 27030
4.22497 27030
4.22812 27030
4.23128 27030
4.23443 27030
4.23758 27030
4.24073 27030
4.24388 27030
4.24704 27030
4.25019 27030
4.25334 27030
4.25649 27030
4.25964 27030
4.2628 27030
4.26595 27030
4.2691 27030
4.27225 27030
4.2754 27030
4.27856 27030
4.28171 27030
4.28486 27030
4.28801 27030
4.29116 27030
4.29432 27030
4.29747 27030
4.30062 27030
4.30377 27030
4.30692 27030
4.31008 27030
4.31323 27030
4.31638 27030
4.31953 27030
4.32268 27030
4.32584 27030
4.32899 27030
4.33214 27030
4.33529 27030
4.33844 27030
4.3416 27030
4.34475 27030
4.3479 27030
4.35105 27030
4.3542 27030
4.35736 27030
4.36051 27030
4.36366 27030
4.36681 27030
4.36996 27030
4.37312 27030
4.37627 27030
4.37942 27030
4.38257 27030
4.38572 27030
4.38888 27030
4.39203 27030
4.39518 27030
4.39833 27030
4.40148 27030
4.40464 27030
4.40779 27030
4.41094 27030
4.41409 27030
4.41724 27030
4.4204 27030
4.42355 27030
4.4267 27030
4.42985 27030
4.433 27030
4.43616 27030
4.43931 27030
4.44246 27030
4.44561 27030
4.44876 27030
4.45192 27030
4.45507 27030
4.45822 27030
4.46137 27030
4.46452 27030
4.46768 27030
4.47083 27030
4.47398 27030
4.47713 27030
4.48028 27030
4.48344 27030
4.48659 27030
4.48974 27030
4.49289 27030
4.49604 27030
4.4992 27030
4.50235 27030
4.5055 27030
4.50865 27030
4.5118 27030
4.51496 27030
4.51811 27030
4.52126 27030
4.52441 27030
4.52756 27030
4.53072 27030
4.53387 27030
4.53702 27030
4.54017 27030
4.54332 27030
4.54648 27030
4.54963 27030
4.55278 27030
4.55593 27030
4.55908 27030
4.56224 27030
4.56539 27030
4.56854 27030
4.57169 27030
4.57484 27030
4.578 27030
4.58115 27030
4.5843 27030
4.58745 27030
4.5906 27030
4.59376 27030
4.59691 27030
4.60006 27030
4.60321 27030
4.60636 27030
4.60952 27030
4.61267 27030
4.61582 27030
4.61897 27030
4.62212 27030
4.62528 27030
4.62843 27030
4.63158 27030
4.63473 27030
4.63788 27030
4.64104 27030
4.64419 27030
4.64734 27030
4.65049 27030
4.65364 27030
4.6568 27030
4.65995 27030
4.6631 27030
4.66625 27030
4.6694 27030
4.67256 27030
4.67571 27030
4.67886 27030
4.68201 27030
4.68516 27030
4.68832 27030
4.69147 27030
4.69462 27030
4.69777 27030
4.70092 27030
4.70408 27030
4.70723 27030
4.71038 27030
4.71353 27030
4.71668 27030
4.71984 27030
4.72299 27030
4.72614 27030
4.72929 27030
4.73244 27030
4.7356 27030
4.73875 27030
4.7419 27030
4.74505 27030
4.7482 27030
4.75136 27030
4.75451 27030
4.75766 27030
4.76081 27030
4.76396 27030
4.76712 27030
4.77027 27030
4.77342 27030
4.77657 27030
4.77972 27030
4.78288 27030
4.78603 27030
4.78918 27030
4.79233 27030
4.79548 27030
4.79864 27030
4.80179 27030
4.80494 27030
4.80809 27030
4.81124 27030
4.8144 27030
4.81755 27030
4.8207 27030
4.82385 27030
4.827 27030
4.83016 27030
4.83331 27030
4.83646 27030
4.83961 27030
4.84276 27030
4.84592 27030
4.84907 27030
4.85222 27030
4.85537 27030
4.85852 27030
4.86168 27030
4.86483 27030
4.86798 27030
4.87113 27030
4.87428 27030
4.87744 27030
4.88059 27030
4.88374 27030
4.88689 27030
4.89004 27030
4.8932 27030
4.89635 27030
4.8995 27030
4.90265 27030
4.9058 27030
4.90896 27030
4.91211 27030
4.91526 27030
4.91841 27030
4.92156 27030
4.92472 27030
4.92787 27030
4.93102 27030
4.93417 27030
4.93732 27030
4.94048 27030
4.94363 27030
4.94678 27030
4.94993 27030
4.95308 27030
4.95624 27030
4.95939 27030
4.96254 27030
4.96569 27030
4.96884 27030
4.972 27030
4.97515 27030
4.9783 27030
4.98145 27030
4.9846 27030
4.98776 27030
4.99091 27030
4.99406 27030
4.99721 27030
5.00036 27030
5.00352 27030
5.00667 27030
5.00982 27030
5.01297 27030
5.01612 27030
5.01928 27030
5.02243 27030
5.02558 27030
5.02873 27030
5.03188 27030
5.03504 27030
5.03819 27030
5.04134 27030
5.04449 27030
5.04764 27030
5.0508 27030
5.05395 27030
5.0571 27030
5.06025 27030
5.0634 27030
5.06656 27030
5.06971 27030
5.07286 27030
5.07601 27030
5.07916 27030
5.08232 27030
5.08547 27030
5.08862 27030
5.09177 27030
5.09492 27030
5.09808 27030
5.10123 27030
5.10438 27030
5.10753 27030
5.11068 27030
5.11384 27030
5.11699 27030
5.12014 27030
5.12329 27030
5.12644 27030
5.1296 27030
5.13275 27030
5.1359 27030
5.13905 27030
5.1422 27030
5.14536 27030
5.14851 27030
5.15166 27030
5.15481 27030
5.15796 27030
5.16112 27030
5.16427 27030
5.16742 27030
5.17057 27030
5.17372 27030
5.17688 27030
5.18003 27030
5.18318 27030
5.18633 27030
5.18948 27030
5.19264 27030
5.19579 27030
5.19894 27030
5.20209 27030
5.20524 27030
5.2084 27030
5.21155 27030
5.2147 27030
5.21785 27030
5.221 27030
5.22416 27030
5.22731 27030
5.23046 27030
5.23361 27030
5.23676 27030
5.23992 27030
5.24307 27030
5.24622 27030
5.24937 27030
5.25252 27030
5.25568 27030
5.25883 27030
5.26198 27030
5.26513 27030
5.26828 27030
5.27144 27030
5.27459 27030
5.27774 27030
5.28089 27030
5.28404 27030
5.2872 27030
5.29035 27030
5.2935 27030
5.29665 27030
5.2998 27030
5.30296 27030
5.30611 27030
5.30926 27030
5.31241 27030
5.31556 27030
5.31872 27030
5.32187 27030
5.32502 27030
5.32817 27030
5.33132 27030
5.33448 27030
5.33763 27030
5.34078 27030
5.34393 27030
5.34708 27030
5.35024 27030
5.35339 27030
5.35654 27030
5.35969 27030
5.36284 27030
5.366 27030
5.36915 27030
5.3723 27030
5.37545 27030
5.3786 27030
5.38176 27030
5.38491 27030
5.38806 27030
5.39121 27030
5.39436 27030
5.39752 27030
5.40067 27030
5.40382 27030
5.40697 27030
5.41012 27030
5.41328 27030
5.41643 27030
5.41958 27030
5.42273 27030
5.42588 27030
5.42904 27030
5.43219 27030
5.43534 27030
5.43849 27030
5.44164 27030
5.4448 27030
5.44795 27030
5.4511 27030
5.45425 27030
5.4574 27030
5.46056 27030
5.46371 27030
5.46686 27030
5.47001 27030
5.47316 27030
5.47632 27030
5.47947 27030
5.48262 27030
5.48577 27030
5.48892 27030
5.49208 27030
5.49523 27030
5.49838 27030
5.50153 27030
5.50468 27030
5.50784 27030
5.51099 27030
5.51414 27030
5.51729 27030
5.52044 27030
5.5236 27030
5.52675 27030
5.5299 27030
5.53305 27030
5.5362 27030
5.53936 27030
5.54251 27030
5.54566 27030
5.54881 27030
5.55196 27030
5.55512 27030
5.55827 27030
5.56142 27030
5.56457 27030
5.56772 27030
5.57088 27030
5.57403 27030
5.57718 27030
5.58033 27030
5.58348 27030
5.58664 27030
5.58979 27030
5.59294 27030
5.59609 27030
5.59924 27030
5.6024 27030
5.60555 27030
5.6087 27030
5.61185 27030
5.615 27030
5.61816 27030
5.62131 27030
5.62446 27030
5.62761 27030
5.63076 27030
5.63392 27030
5.63707 27030
5.64022 27030
5.64337 27030
5.64652 27030
5.64968 27030
5.65283 27030
5.65598 27030
5.65913 27030
5.66228 27030
5.66544 27030
5.66859 27030
5.67174 27030
5.67489 27030
5.67804 27030
5.6812 27030
5.68435 27030
5.6875 27030
5.69065 27030
5.6938 27030
5.69696 27030
5.70011 27030
5.70326 27030
5.70641 27030
5.70956 27030
5.71272 27030
5.71587 27030
5.71902 27030
5.72217 27030
5.72532 27030
5.72848 27030
5.73163 27030
5.73478 27030
5.73793 27030
5.74108 27030
5.74424 27030
5.74739 27030
5.75054 27030
5.75369 27030
5.75684 27030
5.76 27030
5.76315 27030
5.7663 27030
5.76945 27030
5.7726 27030
5.77576 27030
5.77891 27030
5.78206 27030
5.78521 27030
5.78836 27030
5.79152 27030
5.79467 27030
5.79782 27030
5.80097 27030
5.80412 27030
5.80728 27030
5.81043 27030
5.81358 27030
5.81673 27030
5.81988 27030
5.82304 27030
5.82619 27030
5.82934 27030
5.83249 27030
5.83564 27030
5.8388 27030
5.84195 27030
5.8451 27030
5.84825 27030
5.8514 27030
5.85456 27030
5.85771 27030
5.86086 27030
5.86401 27030
5.86716 27030
5.87032 27030
5.87347 27030
5.87662 27030
5.87977 27030
5.88292 27030
5.88608 27030
5.88923 27030
5.89238 27030
5.89553 27030
5.89868 27030
5.90184 27030
5.90499 27030
5.90814 27030
5.91129 27030
5.91444 27030
5.9176 27030
5.92075 27030
5.9239 27030
5.92705 27030
5.9302 27030
5.93336 27030
5.93651 27030
5.93966 27030
5.94281 27030
5.94596 27030
5.94912 27030
5.95227 27030
5.95542 27030
5.95857 27030
5.96172 27030
5.96488 27030
5.96803 27030
5.97118 27030
5.97433 27030
5.97748 27030
5.98064 27030
5.98379 27030
5.98694 27030
5.99009 27030
5.99324 27030
5.9964 27030
5.99955 27030
6.0027 27030
6.00585 27030
6.009 27030
6.01216 27030
6.01531 27030
6.01846 27030
6.02161 27030
6.02476 27030
6.02792 27030
6.03107 27030
6.03422 27030
6.03737 27030
6.04052 27030
6.04368 27030
6.04683 27030
6.04998 27030
6.05313 27030
6.05628 27030
6.05944 27030
6.06259 27030
6.06574 27030
6.06889 27030
6.07204 27030
6.0752 27030
6.07835 27030
6.0815 27030
6.08465 27030
6.0878 27030
6.09096 27030
6.09411 27030
6.09726 27030
6.10041 27030
6.10356 27030
6.10672 27030
6.10987 27030
6.11302 27030
6.11617 27030
6.11932 27030
6.12248 27030
6.12563 27030
6.12878 27030
6.13193 27030
6.13508 27030
6.13824 27030
6.14139 27030
6.14454 27030
6.14769 27030
6.15084 27030
6.154 27030
6.15715 27030
6.1603 27030
6.16345 27030
6.1666 27030
6.16976 27030
6.17291 27030
6.17606 27030
6.17921 27030
6.18236 27030
6.18552 27030
6.18867 27030
6.19182 27030
6.19497 27030
6.19812 27030
6.20128 27030
6.20443 27030
6.20758 27030
6.21073 27030
6.21388 27030
6.21704 27030
6.22019 27030
6.22334 27030
6.22649 27030
6.22964 27030
6.2328 27030
6.23595 27030
6.2391 27030
6.24225 27030
6.2454 27030
6.24856 27030
6.25171 27030
6.25486 27030
6.25801 27030
6.26116 27030
6.26432 27030
6.26747 27030
6.27062 27030
6.27377 27030
6.27692 27030
6.28008 27030
6.28323 27030
6.28638 27030
6.28953 27030
6.29268 27030
6.29584 27030
6.29899 27030
6.30214 27030
6.30529 27030
6.30844 27030
6.3116 27030
6.31475 27030
6.3179 27030
6.32105 27030
6.3242 27030
6.32736 27030
6.33051 27030
6.33366 27030
6.33681 27030
6.33996 27030
6.34312 27030
6.34627 27030
6.34942 27030
6.35257 27030
6.35572 27030
6.35888 27030
6.36203 27030
6.36518 27030
6.36833 27030
6.37148 27030
6.37464 27030
6.37779 27030
6.38094 27030
6.38409 27030
6.38724 27030
6.3904 27030
6.39355 27030
6.3967 27030
6.39985 27030
6.403 27030
6.40616 27030
6.40931 27030
6.41246 27030
6.41561 27030
6.41876 27030
6.42192 27030
6.42507 27030
6.42822 27030
6.43137 27030
6.43452 27030
6.43767 27030
6.44083 27030
6.44398 27030
6.44713 27030
6.45028 27030
6.45343 27030
6.45659 27030
6.45974 27030
6.46289 27030
6.46604 27030
6.46919 27030
6.47235 27030
6.4755 27030
6.47865 27030
6.4818 27030
6.48495 27030
6.48811 27030
6.49126 27030
6.49441 27030
6.49756 27030
6.50071 27030
6.50387 27030
6.50702 27030
6.51017 27030
6.51332 27030
6.51647 27030
6.51963 27030
6.52278 27030
6.52593 27030
6.52908 27030
6.53223 27030
6.53539 27030
6.53854 27030
6.54169 27030
6.54484 27030
6.54799 27030
6.55115 27030
6.5543 27030
6.55745 27030
6.5606 27030
6.56375 27030
6.56691 27030
6.57006 27030
6.57321 27030
6.57636 27030
6.57951 27030
6.58267 27030
6.58582 27030
6.58897 27030
6.59212 27030
6.59527 27030
6.59843 27030
6.60158 27030
6.60473 27030
6.60788 27030
6.61103 27030
6.61419 27030
6.61734 27030
6.62049 27030
6.62364 27030
6.62679 27030
6.62995 27030
6.6331 27030
6.63625 27030
6.6394 27030
6.64255 27030
6.64571 27030
6.64886 27030
6.65201 27030
6.65516 27030
6.65831 27030
6.66147 27030
6.66462 27030
6.66777 27030
6.67092 27030
6.67407 27030
6.67723 27030
6.68038 27030
6.68353 27030
6.68668 27030
6.68983 27030
6.69299 27030
6.69614 27030
6.69929 27030
6.70244 27030
6.70559 27030
6.70875 27030
6.7119 27030
6.71505 27030
6.7182 27030
6.72135 27030
6.72451 27030
6.72766 27030
6.73081 27030
6.73396 27030
6.73711 27030
6.74027 27030
6.74342 27030
6.74657 27030
6.74972 27030
6.75287 27030
6.75603 27030
6.75918 27030
6.76233 27030
6.76548 27030
6.76863 27030
6.77179 27030
6.77494 27030
6.77809 27030
6.78124 27030
6.78439 27030
6.78755 27030
6.7907 27030
6.79385 27030
6.797 27030
6.80015 27030
6.80331 27030
6.80646 27030
6.80961 27030
6.81276 27030
6.81591 27030
6.81907 27030
6.82222 27030
6.82537 27030
6.82852 27030
6.83167 27030
6.83483 27030
6.83798 27030
6.84113 27030
6.84428 27030
6.84743 27030
6.85059 27030
6.85374 27030
6.85689 27030
6.86004 27030
6.86319 27030
6.86635 27030
6.8695 27030
6.87265 27030
6.8758 27030
6.87895 27030
6.88211 27030
6.88526 27030
6.88841 27030
6.89156 27030
6.89471 27030
6.89787 27030
6.90102 27030
6.90417 27030
6.90732 27030
6.91047 27030
6.91363 27030
6.91678 27030
6.91993 27030
6.92308 27030
6.92623 27030
6.92939 27030
6.93254 27030
6.93569 27030
6.93884 27030
6.94199 27030
6.94515 27030
6.9483 27030
6.95145 27030
6.9546 27030
6.95775 27030
6.96091 27030
6.96406 27030
6.96721 27030
6.97036 27030
6.97351 27030
6.97667 27030
6.97982 27030
6.98297 27030
6.98612 27030
6.98927 27030
6.99243 27030
6.99558 27030
6.99873 27030
7.00188 27030
7.00503 27030
7.00819 27030
7.01134 27030
7.01449 27030
7.01764 27030
7.02079 27030
7.02395 27030
7.0271 27030
7.03025 27030
7.0334 27030
7.03655 27030
7.03971 27030
7.04286 27030
7.04601 27030
7.04916 27030
7.05231 27030
7.05547 27030
7.05862 27030
7.06177 27030
7.06492 27030
7.06807 27030
7.07123 27030
7.07438 27030
7.07753 27030
7.08068 27030
7.08383 27030
7.08699 27030
7.09014 27030
7.09329 27030
7.09644 27030
7.09959 27030
7.10275 27030
7.1059 27030
7.10905 27030
7.1122 27030
7.11535 27030
7.11851 27030
7.12166 27030
7.12481 27030
7.12796 27030
7.13111 27030
7.13427 27030
7.13742 27030
7.14057 27030
7.14372 27030
7.14687 27030
7.15003 27030
7.15318 27030
7.15633 27030
7.15948 27030
7.16263 27030
7.16579 27030
7.16894 27030
7.17209 27030
7.17524 27030
7.17839 27030
7.18155 27030
7.1847 27030
7.18785 27030
7.191 27030
7.19415 27030
7.19731 27030
7.20046 27030
7.20361 27030
7.20676 27030
7.20991 27030
7.21307 27030
7.21622 27030
7.21937 27030
7.22252 27030
7.22567 27030
7.22883 27030
7.23198 27030
7.23513 27030
7.23828 27030
7.24143 27030
7.24459 27030
7.24774 27030
7.25089 27030
7.25404 27030
7.25719 27030
7.26035 27030
7.2635 27030
7.26665 27030
7.2698 27030
7.27295 27030
7.27611 27030
7.27926 27030
7.28241 27030
7.28556 27030
7.28871 27030
7.29187 27030
7.29502 27030
7.29817 27030
7.30132 27030
7.30447 27030
7.30763 27030
7.31078 27030
7.31393 27030
7.31708 27030
7.32023 27030
7.32339 27030
7.32654 27030
7.32969 27030
7.33284 27030
7.33599 27030
7.33915 27030
7.3423 27030
7.34545 27030
7.3486 27030
7.35175 27030
7.35491 27030
7.35806 27030
7.36121 27030
7.36436 27030
7.36751 27030
7.37067 27030
7.37382 27030
7.37697 27030
7.38012 27030
7.38327 27030
7.38643 27030
7.38958 27030
7.39273 27030
7.39588 27030
7.39903 27030
7.40219 27030
7.40534 27030
7.40849 27030
7.41164 27030
7.41479 27030
7.41795 27030
7.4211 27030
7.42425 27030
7.4274 27030
7.43055 27030
7.43371 27030
7.43686 27030
7.44001 27030
7.44316 27030
7.44631 27030
7.44947 27030
7.45262 27030
7.45577 27030
7.45892 27030
7.46207 27030
7.46523 27030
7.46838 27030
7.47153 27030
7.47468 27030
7.47783 27030
7.48099 27030
7.48414 27030
7.48729 27030
7.49044 27030
7.49359 27030
7.49675 27030
7.4999 27030
7.50305 27030
7.5062 27030
7.50935 27030
7.51251 27030
7.51566 27030
7.51881 27030
7.52196 27030
7.52511 27030
7.52827 27030
7.53142 27030
7.53457 27030
7.53772 27030
7.54087 27030
7.54403 27030
7.54718 27030
7.55033 27030
7.55348 27030
7.55663 27030
7.55979 27030
7.56294 27030
7.56609 27030
7.56924 27030
7.57239 27030
7.57555 27030
7.5787 27030
7.58185 27030
7.585 27030
7.58815 27030
7.59131 27030
7.59446 27030
7.59761 27030
7.60076 27030
7.60391 27030
7.60707 27030
7.61022 27030
7.61337 27030
7.61652 27030
7.61967 27030
7.62283 27030
7.62598 27030
7.62913 27030
7.63228 27030
7.63543 27030
7.63859 27030
7.64174 27030
7.64489 27030
7.64804 27030
7.65119 27030
7.65435 27030
7.6575 27030
7.66065 27030
7.6638 27030
7.66695 27030
7.67011 27030
7.67326 27030
7.67641 27030
7.67956 27030
7.68271 27030
7.68587 27030
7.68902 27030
7.69217 27030
7.69532 27030
7.69847 27030
7.70163 27030
7.70478 27030
7.70793 27030
7.71108 27030
7.71423 27030
7.71739 27030
7.72054 27030
7.72369 27030
7.72684 27030
7.72999 27030
7.73315 27030
7.7363 27030
7.73945 27030
7.7426 27030
7.74575 27030
7.74891 27030
7.75206 27030
7.75521 27030
7.75836 27030
7.76151 27030
7.76467 27030
7.76782 27030
7.77097 27030
7.77412 27030
7.77727 27030
7.78043 27030
7.78358 27030
7.78673 27030
7.78988 27030
7.79303 27030
7.79619 27030
7.79934 27030
7.80249 27030
7.80564 27030
7.80879 27030
7.81195 27030
7.8151 27030
7.81825 27030
7.8214 27030
7.82455 27030
7.82771 27030
7.83086 27030
7.83401 27030
7.83716 27030
7.84031 27030
7.84347 27030
7.84662 27030
7.84977 27030
7.85292 27030
7.85607 27030
7.85923 27030
7.86238 27030
7.86553 27030
7.86868 27030
7.87183 27030
7.87499 27030
7.87814 27030
7.88129 27030
7.88444 27030
7.88759 27030
7.89075 27030
7.8939 27030
7.89705 27030
7.9002 27030
7.90335 27030
7.90651 27030
7.90966 27030
7.91281 27030
7.91596 27030
7.91911 27030
7.92227 27030
7.92542 27030
7.92857 27030
7.93172 27030
7.93487 27030
7.93803 27030
7.94118 27030
7.94433 27030
7.94748 27030
7.95063 27030
7.95379 27030
7.95694 27030
7.96009 27030
7.96324 27030
7.96639 27030
7.96955 27030
7.9727 27030
7.97585 27030
7.979 27030
7.98215 27030
7.98531 27030
7.98846 27030
7.99161 27030
7.99476 27030
7.99791 27030
8.00107 27030
8.00422 27030
8.00737 27030
8.01052 27030
8.01367 27030
8.01683 27030
8.01998 27030
8.02313 27030
8.02628 27030
8.02943 27030
8.03259 27030
8.03574 27030
8.03889 27030
8.04204 27030
8.04519 27030
8.04835 27030
8.0515 27030
8.05465 27030
8.0578 27030
8.06095 27030
8.06411 27030
8.06726 27030
8.07041 27030
8.07356 27030
8.07671 27030
8.07987 27030
8.08302 27030
8.08617 27030
8.08932 27030
8.09247 27030
8.09563 27030
8.09878 27030
8.10193 27030
8.10508 27030
8.10823 27030
8.11139 27030
8.11454 27030
8.11769 27030
8.12084 27030
8.12399 27030
8.12715 27030
8.1303 27030
8.13345 27030
8.1366 27030
8.13975 27030
8.14291 27030
8.14606 27030
8.14921 27030
8.15236 27030
8.15551 27030
8.15867 27030
8.16182 27030
8.16497 27030
8.16812 27030
8.17127 27030
8.17443 27030
8.17758 27030
8.18073 27030
8.18388 27030
8.18703 27030
8.19019 27030
8.19334 27030
8.19649 27030
8.19964 27030
8.20279 27030
8.20595 27030
8.2091 27030
8.21225 27030
8.2154 27030
8.21855 27030
8.22171 27030
8.22486 27030
8.22801 27030
8.23116 27030
8.23431 27030
8.23747 27030
8.24062 27030
8.24377 27030
8.24692 27030
8.25007 27030
8.25323 27030
8.25638 27030
8.25953 27030
8.26268 27030
8.26583 27030
8.26899 27030
8.27214 27030
8.27529 27030
8.27844 27030
8.28159 27030
8.28475 27030
8.2879 27030
8.29105 27030
8.2942 27030
8.29735 27030
8.30051 27030
8.30366 27030
8.30681 27030
8.30996 27030
8.31311 27030
8.31627 27030
8.31942 27030
8.32257 27030
8.32572 27030
8.32887 27030
8.33203 27030
8.33518 27030
8.33833 27030
8.34148 27030
8.34463 27030
8.34779 27030
8.35094 27030
8.35409 27030
8.35724 27030
8.36039 27030
8.36355 27030
8.3667 27030
8.36985 27030
8.373 27030
8.37615 27030
8.37931 27030
8.38246 27030
8.38561 27030
8.38876 27030
8.39191 27030
8.39507 27030
8.39822 27030
8.40137 27030
8.40452 27030
8.40767 27030
8.41083 27030
8.41398 27030
8.41713 27030
8.42028 27030
8.42343 27030
8.42659 27030
8.42974 27030
8.43289 27030
8.43604 27030
8.43919 27030
8.44235 27030
8.4455 27030
8.44865 27030
8.4518 27030
8.45495 27030
8.45811 27030
8.46126 27030
8.46441 27030
8.46756 27030
8.47071 27030
8.47387 27030
8.47702 27030
8.48017 27030
8.48332 27030
8.48647 27030
8.48963 27030
8.49278 27030
8.49593 27030
8.49908 27030
8.50223 27030
8.50539 27030
8.50854 27030
8.51169 27030
8.51484 27030
8.51799 27030
8.52115 27030
8.5243 27030
8.52745 27030
8.5306 27030
8.53375 27030
8.53691 27030
8.54006 27030
8.54321 27030
8.54636 27030
8.54951 27030
8.55267 27030
8.55582 27030
8.55897 27030
8.56212 27030
8.56527 27030
8.56843 27030
8.57158 27030
8.57473 27030
8.57788 27030
8.58103 27030
8.58419 27030
8.58734 27030
8.59049 27030
8.59364 27030
8.59679 27030
8.59995 27030
8.6031 27030
8.60625 27030
8.6094 27030
8.61255 27030
8.61571 27030
8.61886 27030
8.62201 27030
8.62516 27030
8.62831 27030
8.63147 27030
8.63462 27030
8.63777 27030
8.64092 27030
8.64407 27030
8.64723 27030
8.65038 27030
8.65353 27030
8.65668 27030
8.65983 27030
8.66299 27030
8.66614 27030
8.66929 27030
8.67244 27030
8.67559 27030
8.67875 27030
8.6819 27030
8.68505 27030
8.6882 27030
8.69135 27030
8.69451 27030
8.69766 27030
8.70081 27030
8.70396 27030
8.70711 27030
8.71027 27030
8.71342 27030
8.71657 27030
8.71972 27030
8.72287 27030
8.72603 27030
8.72918 27030
8.73233 27030
8.73548 27030
8.73863 27030
8.74179 27030
8.74494 27030
8.74809 27030
8.75124 27030
8.75439 27030
8.75755 27030
8.7607 27030
8.76385 27030
8.767 27030
8.77015 27030
8.77331 27030
8.77646 27030
8.77961 27030
8.78276 27030
8.78591 27030
8.78907 27030
8.79222 27030
8.79537 27030
8.79852 27030
8.80167 27030
8.80483 27030
8.80798 27030
8.81113 27030
8.81428 27030
8.81743 27030
8.82059 27030
8.82374 27030
8.82689 27030
8.83004 27030
8.83319 27030
8.83635 27030
8.8395 27030
8.84265 27030
8.8458 27030
8.84895 27030
8.85211 27030
8.85526 27030
8.85841 27030
8.86156 27030
8.86471 27030
8.86787 27030
8.87102 27030
8.87417 27030
8.87732 27030
8.88047 27030
8.88363 27030
8.88678 27030
8.88993 27030
8.89308 27030
8.89623 27030
8.901 39270
8.901 39270
9.41474 39270
9.41789 39270
9.42262 39270
9.42577 39270
9.42892 39270
9.43207 39270
9.43523 39270
9.43838 39270
9.44153 39270
9.44468 39270
9.44783 39270
9.45099 39270
9.45414 39270
9.45729 39270
9.46044 39270
9.46359 39270
9.46675 39270
9.4699 39270
9.47305 39270
9.4762 39270
9.47935 39270
9.48251 39270
9.48566 39270
9.48881 39270
9.49196 39270
9.49511 39270
9.49827 39270
9.50142 39270
9.50457 39270
9.50772 39270
9.51087 39270
9.51403 39270
9.51718 39270
9.52033 39270
9.52348 39270
9.52663 39270
9.52979 39270
9.53294 39270
9.53609 39270
9.53924 39270
9.54239 39270
9.54555 39270
9.5487 39270
9.55185 39270
9.555 39270
9.55815 39270
9.56131 39270
9.56446 39270
9.56761 39270
9.57076 39270
9.57391 39270
9.57706 39270
9.58022 39270
9.58337 39270
9.58652 39270
9.58967 39270
9.59282 39270
9.59598 39270
9.59913 39270
9.60228 39270
9.60543 39270
9.60858 39270
9.61174 39270
9.61489 39270
9.61804 39270
9.62119 39270
9.62434 39270
9.6275 39270
9.63065 39270
9.6338 39270
9.63695 39270
9.6401 39270
9.64326 39270
9.64641 39270
9.64956 39270
9.65271 39270
9.65586 39270
9.65902 39270
9.66217 39270
9.66532 39270
9.66847 39270
9.67162 39270
9.67478 39270
9.67793 39270
9.68108 39270
9.68423 39270
9.68738 39270
9.69054 39270
9.69369 39270
9.69684 39270
9.69999 39270
9.70314 39270
9.7063 39270
9.70945 39270
9.7126 39270
9.71575 39270
9.7189 39270
9.72206 39270
9.72521 39270
9.72836 39270
9.73151 39270
9.73466 39270
9.73782 39270
9.74097 39270
9.74412 39270
9.74727 39270
9.75042 39270
9.75358 39270
9.75673 39270
9.75988 39270
9.76303 39270
9.76618 39270
9.76934 39270
9.77249 39270
9.77564 39270
9.77879 39270
9.78194 39270
9.7851 39270
9.78825 39270
9.7914 39270
9.79455 39270
9.7977 39270
9.80086 39270
9.80401 39270
9.80716 39270
9.81031 39270
9.81346 39270
9.81662 39270
9.81977 39270
9.82292 39270
9.82607 39270
9.82922 39270
9.83238 39270
9.83553 39270
9.83868 39270
9.84183 39270
9.84498 39270
9.84814 39270
9.85129 39270
9.85444 39270
9.85759 39270
9.86074 39270
9.8639 39270
9.86705 39270
9.8702 39270
9.87335 39270
9.8765 39270
9.87966 39270
9.88281 39270
9.88596 39270
9.88911 39270
9.89226 39270
9.89542 39270
9.89857 39270
9.90172 39270
9.90487 39270
9.90802 39270
9.91118 39270
9.91433 39270
9.91748 39270
9.92063 39270
9.92378 39270
9.92694 39270
9.93009 39270
9.93324 39270
9.93639 39270
9.93954 39270
9.9427 39270
9.94585 39270
9.949 39270
9.95215 39270
9.9553 39270
9.95846 39270
9.96161 39270
9.96476 39270
9.96791 39270
9.97106 39270
9.97422 39270
9.97737 39270
9.98052 39270
9.98367 39270
9.98682 39270
9.98998 39270
9.99313 39270
9.99628 39270
9.99943 39270
10.0026 39270
10.0057 39270
10.0089 39270
10.012 39270
10.0152 39270
10.0183 39270
10.0215 39270
10.0246 39270
10.0278 39270
10.031 39270
10.0341 39270
10.0373 39270
10.0404 39270
10.0436 39270
10.0467 39270
10.0499 39270
10.053 39270
10.0562 39270
10.0593 39270
10.0625 39270
10.0656 39270
10.0688 39270
10.0719 39270
10.0751 39270
10.0782 39270
10.0814 39270
10.0845 39270
10.0877 39270
10.0908 39270
10.094 39270
10.0971 39270
10.1003 39270
10.1034 39270
10.1066 39270
10.1098 39270
10.1129 39270
10.1161 39270
10.1192 39270
10.1224 39270
10.1255 39270
10.1287 39270
10.1318 39270
10.135 39270
10.1381 39270
10.1413 39270
10.1444 39270
10.1476 39270
10.1507 39270
10.1539 39270
10.157 39270
10.1602 39270
10.1633 39270
10.1665 39270
10.1696 39270
10.1728 39270
10.1759 39270
10.1791 39270
10.1822 39270
10.1854 39270
10.1886 39270
10.1917 39270
10.1949 39270
10.198 39270
10.2012 39270
10.2043 39270
10.2075 39270
10.2106 39270
10.2138 39270
10.2169 39270
10.2201 39270
10.2232 39270
10.2264 39270
10.2295 39270
10.2327 39270
10.2358 39270
10.239 39270
10.2421 39270
10.2453 39270
10.2484 39270
10.2516 39270
10.2547 39270
10.2579 39270
10.261 39270
10.2642 39270
10.2674 39270
10.2705 39270
10.2737 39270
10.2768 39270
10.28 39270
10.2831 39270
10.2863 39270
10.2894 39270
10.2926 39270
10.2957 39270
10.2989 39270
10.302 39270
10.3052 39270
10.3083 39270
10.3115 39270
10.3146 39270
10.3178 39270
10.3209 39270
10.3241 39270
10.3272 39270
10.3304 39270
10.3335 39270
10.3367 39270
10.3398 39270
10.343 39270
10.3462 39270
10.3493 39270
10.3525 39270
10.3556 39270
10.3588 39270
10.3619 39270
10.3651 39270
10.3682 39270
10.3714 39270
10.3745 39270
10.3777 39270
10.3808 39270
10.384 39270
10.3871 39270
10.3903 39270
10.3934 39270
10.3966 39270
10.3997 39270
10.4029 39270
10.406 39270
10.4092 39270
10.4123 39270
10.4155 39270
10.4186 39270
10.4218 39270
10.425 39270
10.4281 39270
10.4313 39270
10.4344 39270
10.4376 39270
10.4407 39270
10.4439 39270
10.447 39270
10.4502 39270
10.4533 39270
10.4565 39270
10.4596 39270
10.4628 39270
10.4659 39270
10.4691 39270
10.4722 39270
10.4754 39270
10.4785 39270
10.4817 39270
10.4848 39270
10.488 39270
10.4911 39270
10.4943 39270
10.4974 39270
10.5006 39270
10.5038 39270
10.5069 39270
10.5101 39270
10.5132 39270
10.5164 39270
10.5195 39270
10.5227 39270
10.5258 39270
10.529 39270
10.5321 39270
10.5353 39270
10.5384 39270
10.5416 39270
10.5447 39270
10.5479 39270
10.551 39270
10.5542 39270
10.5573 39270
10.5605 39270
10.5636 39270
10.5668 39270
10.5699 39270
10.5731 39270
10.5762 39270
10.5794 39270
10.5826 39270
10.5857 39270
10.5889 39270
10.592 39270
10.5952 39270
10.5983 39270
10.6015 39270
10.6046 39270
10.6078 39270
10.6109 39270
10.6141 39270
10.6172 39270
10.6204 39270
10.6235 39270
10.6267 39270
10.6298 39270
10.633 39270
10.6361 39270
10.6393 39270
10.6424 39270
10.6456 39270
10.6487 39270
10.6519 39270
10.655 39270
10.6582 39270
10.6614 39270
10.6645 39270
10.6677 39270
10.6708 39270
10.674 39270
10.6771 39270
10.6803 39270
10.6834 39270
10.6866 39270
10.6897 39270
10.6929 39270
10.696 39270
10.6992 39270
10.7023 39270
10.7055 39270
10.7086 39270
10.7118 39270
10.7149 39270
10.7181 39270
10.7212 39270
10.7244 39270
10.7275 39270
10.7307 39270
10.7338 39270
10.737 39270
10.7402 39270
10.7433 39270
10.7465 39270
10.7496 39270
10.7528 39270
10.7559 39270
10.7591 39270
10.7622 39270
10.7654 39270
10.7685 39270
10.7717 39270
10.7748 39270
10.778 39270
10.7811 39270
10.7843 39270
10.7874 39270
10.7906 39270
10.7937 39270
10.7969 39270
10.8 39270
10.8032 39270
10.8063 39270
10.8095 39270
10.8126 39270
10.8158 39270
10.819 39270
10.8221 39270
10.8253 39270
10.8284 39270
10.8316 39270
10.8347 39270
10.8379 39270
10.841 39270
10.8442 39270
10.8473 39270
10.8505 39270
10.8536 39270
10.8568 39270
10.8599 39270
10.8631 39270
10.8662 39270
10.8694 39270
10.8725 39270
10.8757 39270
10.8788 39270
10.882 39270
10.8851 39270
10.8883 39270
10.8914 39270
10.8946 39270
10.8978 39270
10.9009 39270
10.9041 39270
10.9072 39270
10.9104 39270
10.9135 39270
10.9167 39270
10.9198 39270
10.923 39270
10.9261 39270
10.9293 39270
10.9324 39270
10.9356 39270
10.9387 39270
10.9419 39270
10.945 39270
10.9482 39270
10.9513 39270
10.9545 39270
10.9576 39270
10.9608 39270
10.9639 39270
10.9671 39270
10.9702 39270
10.9734 39270
10.9766 39270
10.9797 39270
10.9829 39270
10.986 39270
10.9892 39270
10.9923 39270
10.9955 39270
10.9986 39270
11.0018 39270
11.0049 39270
11.0081 39270
11.0112 39270
11.0144 39270
11.0175 39270
11.0207 39270
11.0238 39270
11.027 39270
11.0301 39270
11.0333 39270
11.0364 39270
11.0396 39270
11.0427 39270
11.0459 39270
11.049 39270
11.0522 39270
11.0554 39270
11.0585 39270
11.0617 39270
11.0648 39270
11.068 39270
11.0711 39270
11.0743 39270
11.0774 39270
11.0806 39270
11.0837 39270
11.0869 39270
11.09 39270
11.0932 39270
11.0963 39270
11.0995 39270
11.1026 39270
11.1058 39270
11.1089 39270
11.1121 39270
11.1152 39270
11.1184 39270
11.1215 39270
11.1247 39270
11.1278 39270
11.131 39270
11.1342 39270
11.1373 39270
11.1405 39270
11.1436 39270
11.1468 39270
11.1499 39270
11.1531 39270
11.1562 39270
11.1594 39270
11.1625 39270
11.1657 39270
11.1688 39270
11.172 39270
11.1751 39270
11.1783 39270
11.1814 39270
11.1846 39270
11.1877 39270
11.1909 39270
11.194 39270
11.1972 39270
11.2003 39270
11.2035 39270
11.2066 39270
11.2098 39270
11.213 39270
11.2161 39270
11.2193 39270
11.2224 39270
11.2256 39270
11.2287 39270
11.2319 39270
11.235 39270
11.2382 39270
11.2413 39270
11.2445 39270
11.2476 39270
11.2508 39270
11.2539 39270
11.2571 39270
11.2602 39270
11.2634 39270
11.2665 39270
11.2697 39270
11.2728 39270
11.276 39270
11.2791 39270
11.2823 39270
11.2854 39270
11.2886 39270
11.2918 39270
11.2949 39270
11.2981 39270
11.3012 39270
11.3044 39270
11.3075 39270
11.3107 39270
11.3138 39270
11.317 39270
11.3201 39270
11.3233 39270
11.3264 39270
11.3296 39270
11.3327 39270
11.3359 39270
11.339 39270
11.3422 39270
11.3453 39270
11.3485 39270
11.3516 39270
11.3548 39270
11.3579 39270
11.3611 39270
11.3642 39270
11.3674 39270
11.3706 39270
11.3737 39270
11.3769 39270
11.38 39270
11.3832 39270
11.3863 39270
11.3895 39270
11.3926 39270
11.3958 39270
11.3989 39270
11.4021 39270
11.4052 39270
11.4084 39270
11.4115 39270
11.4147 39270
11.4178 39270
11.421 39270
11.4241 39270
11.4273 39270
11.4304 39270
11.4336 39270
11.4367 39270
11.4399 39270
11.443 39270
11.4462 39270
11.4494 39270
11.4525 39270
11.4557 39270
11.4588 39270
11.462 39270
11.4651 39270
11.4683 39270
11.4714 39270
11.4746 39270
11.4777 39270
11.4809 39270
11.484 39270
11.4872 39270
11.4903 39270
11.4935 39270
11.4966 39270
11.4998 39270
11.5029 39270
11.5061 39270
11.5092 39270
11.5124 39270
11.5155 39270
11.5187 39270
11.5218 39270
11.525 39270
11.5282 39270
11.5313 39270
11.5345 39270
11.5376 39270
11.5408 39270
11.5439 39270
11.5471 39270
11.5502 39270
11.5534 39270
11.5565 39270
11.5597 39270
11.5628 39270
11.566 39270
11.5691 39270
11.5723 39270
11.5754 39270
11.5786 39270
11.5817 39270
11.5849 39270
11.588 39270
11.5912 39270
11.5943 39270
11.5975 39270
11.6006 39270
11.6038 39270
11.607 39270
11.6101 39270
11.6133 39270
11.6164 39270
11.6196 39270
11.6227 39270
11.6259 39270
11.629 39270
11.6322 39270
11.6353 39270
11.6385 39270
11.6416 39270
11.6448 39270
11.6479 39270
11.6511 39270
11.6542 39270
11.6574 39270
11.6605 39270
11.6637 39270
11.6668 39270
11.67 39270
11.6731 39270
11.6763 39270
11.6794 39270
11.6826 39270
11.6858 39270
11.6889 39270
11.6921 39270
11.6952 39270
11.6984 39270
11.7015 39270
11.7047 39270
11.7078 39270
11.711 39270
11.7141 39270
11.7173 39270
11.7204 39270
11.7236 39270
11.7267 39270
11.7299 39270
11.733 39270
11.7362 39270
11.7393 39270
11.7425 39270
11.7456 39270
11.7488 39270
11.7519 39270
11.7551 39270
11.7582 39270
11.7614 39270
11.7646 39270
11.7677 39270
11.7709 39270
11.774 39270
11.7772 39270
11.7803 39270
11.7835 39270
11.7866 39270
11.7898 39270
11.7929 39270
11.7961 39270
11.7992 39270
11.8024 39270
11.8055 39270
11.8087 39270
11.8118 39270
11.815 39270
11.8181 39270
11.8213 39270
11.8244 39270
11.8276 39270
11.8307 39270
11.8339 39270
11.837 39270
11.8402 39270
11.8434 39270
11.8465 39270
11.8497 39270
11.8528 39270
11.856 39270
11.8591 39270
11.8623 39270
11.8654 39270
11.8686 39270
11.8717 39270
11.8749 39270
11.878 39270
11.8812 39270
11.8843 39270
11.8875 39270
11.8906 39270
11.8938 39270
11.8969 39270
11.9001 39270
11.9032 39270
11.9064 39270
11.9095 39270
11.9127 39270
11.9158 39270
11.919 39270
11.9222 39270
11.9253 39270
11.9285 39270
11.9316 39270
11.9348 39270
11.9379 39270
11.9411 39270
11.9442 39270
11.9474 39270
11.9505 39270
11.9537 39270
11.9568 39270
11.96 39270
11.9631 39270
11.9663 39270
11.9694 39270
11.9726 39270
11.9757 39270
11.9789 39270
11.982 39270
11.9852 39270
11.9883 39270
11.9915 39270
11.9946 39270
11.9978 39270
12.001 39270
12.0041 39270
12.0073 39270
12.0104 39270
12.0136 39270
12.0167 39270
12.0199 39270
12.023 39270
12.0262 39270
12.0293 39270
12.0325 39270
12.0356 39270
12.0388 39270
12.0419 39270
12.0451 39270
12.0482 39270
12.0514 39270
12.0545 39270
12.0577 39270
12.0608 39270
12.064 39270
12.0671 39270
12.0703 39270
12.0734 39270
12.0766 39270
12.0798 39270
12.0829 39270
12.0861 39270
12.0892 39270
12.0924 39270
12.0955 39270
12.0987 39270
12.1018 39270
12.105 39270
12.1081 39270
12.1113 39270
12.1144 39270
12.1176 39270
12.1207 39270
12.1239 39270
12.127 39270
12.1302 39270
12.1333 39270
12.1365 39270
12.1396 39270
12.1428 39270
12.1459 39270
12.1491 39270
12.1522 39270
12.1554 39270
12.1586 39270
12.1617 39270
12.1649 39270
12.168 39270
12.1712 39270
12.1743 39270
12.1775 39270
12.1806 39270
12.1838 39270
12.1869 39270
12.1901 39270
12.1932 39270
12.1964 39270
12.1995 39270
12.2027 39270
12.2058 39270
12.209 39270
12.2121 39270
12.2153 39270
12.2184 39270
12.2216 39270
12.2247 39270
12.2279 39270
12.231 39270
12.2342 39270
12.2374 39270
12.2405 39270
12.2437 39270
12.2468 39270
12.25 39270
12.2531 39270
12.2563 39270
12.2594 39270
12.2626 39270
12.2657 39270
12.2689 39270
12.272 39270
12.2752 39270
12.2783 39270
12.2815 39270
12.2846 39270
12.2878 39270
12.2909 39270
12.2941 39270
12.2972 39270
12.3004 39270
12.3035 39270
12.3067 39270
12.3098 39270
12.313 39270
12.3162 39270
12.3193 39270
12.3225 39270
12.3256 39270
12.3288 39270
12.3319 39270
12.3351 39270
12.3382 39270
12.3414 39270
12.3445 39270
12.3477 39270
12.3508 39270
12.354 39270
12.3571 39270
12.3603 39270
12.3634 39270
12.3666 39270
12.3697 39270
12.3729 39270
12.376 39270
12.3792 39270
12.3823 39270
12.3855 39270
12.3886 39270
12.3918 39270
12.395 39270
12.3981 39270
12.4013 39270
12.4044 39270
12.4076 39270
12.4107 39270
12.4139 39270
12.417 39270
12.4202 39270
12.4233 39270
12.4265 39270
12.4296 39270
12.4328 39270
12.4359 39270
12.4391 39270
12.4422 39270
12.4454 39270
12.4485 39270
12.4517 39270
12.4548 39270
12.458 39270
12.4611 39270
12.4643 39270
12.4674 39270
12.4706 39270
12.4738 39270
12.4769 39270
12.4801 39270
12.4832 39270
12.4864 39270
12.4895 39270
12.4927 39270
12.4958 39270
12.499 39270
12.5021 39270
12.5053 39270
12.5084 39270
12.5116 39270
12.5147 39270
12.5179 39270
12.521 39270
12.5242 39270
12.5273 39270
12.5305 39270
12.5336 39270
12.5368 39270
12.5399 39270
12.5431 39270
12.5462 39270
12.5494 39270
12.5526 39270
12.5557 39270
12.5589 39270
12.562 39270
12.5652 39270
12.5683 39270
12.5715 39270
12.5746 39270
12.5778 39270
12.5809 39270
12.5841 39270
12.5872 39270
12.5904 39270
12.5935 39270
12.5967 39270
12.5998 39270
12.603 39270
12.6061 39270
12.6093 39270
12.6124 39270
12.6156 39270
12.6187 39270
12.6219 39270
12.625 39270
12.6282 39270
12.6314 39270
12.6345 39270
12.6377 39270
12.6408 39270
12.644 39270
12.6471 39270
12.6503 39270
12.6534 39270
12.6566 39270
12.6597 39270
12.6629 39270
12.666 39270
12.6692 39270
12.6723 39270
12.6755 39270
12.6786 39270
12.6818 39270
12.6849 39270
12.6881 39270
12.6912 39270
12.6944 39270
12.6975 39270
12.7007 39270
12.7038 39270
12.707 39270
12.7102 39270
12.7133 39270
12.7165 39270
12.7196 39270
12.7228 39270
12.7259 39270
12.7291 39270
12.7322 39270
12.7354 39270
12.7385 39270
12.7417 39270
12.7448 39270
12.748 39270
12.7511 39270
12.7543 39270
12.7574 39270
12.7606 39270
12.7637 39270
12.7669 39270
12.77 39270
12.7732 39270
12.7763 39270
12.7795 39270
12.7826 39270
12.7858 39270
12.789 39270
12.7921 39270
12.7953 39270
12.7984 39270
12.8016 39270
12.8047 39270
12.8079 39270
12.811 39270
12.8142 39270
12.8173 39270
12.8205 39270
12.8236 39270
12.8268 39270
12.8299 39270
12.8331 39270
12.8362 39270
12.8394 39270
12.8425 39270
12.8457 39270
12.8488 39270
12.852 39270
12.8551 39270
12.8583 39270
12.8614 39270
12.8646 39270
12.8678 39270
12.8709 39270
12.8741 39270
12.8772 39270
12.8804 39270
12.8835 39270
12.8867 39270
12.8898 39270
12.893 39270
12.8961 39270
12.8993 39270
12.9024 39270
12.9056 39270
12.9087 39270
12.9119 39270
12.915 39270
12.9182 39270
12.9213 39270
12.9245 39270
12.9276 39270
12.9308 39270
12.9339 39270
12.9371 39270
12.9402 39270
12.9434 39270
12.9466 39270
12.9497 39270
12.9529 39270
12.956 39270
12.9592 39270
12.9623 39270
12.9655 39270
12.9686 39270
12.9718 39270
12.9749 39270
12.9781 39270
12.9812 39270
12.9844 39270
12.9875 39270
12.9907 39270
12.9938 39270
12.997 39270
13.0001 39270
13.0033 39270
13.0064 39270
13.0096 39270
13.0127 39270
13.0159 39270
13.019 39270
13.0222 39270
13.0254 39270
13.0285 39270
13.0317 39270
13.0348 39270
13.038 39270
13.0411 39270
13.0443 39270
13.0474 39270
13.0506 39270
13.0537 39270
13.0569 39270
13.06 39270
13.0632 39270
13.0663 39270
13.0695 39270
13.0726 39270
13.0758 39270
13.0789 39270
13.0821 39270
13.0852 39270
13.0884 39270
13.0915 39270
13.0947 39270
13.0978 39270
13.101 39270
13.1042 39270
13.1073 39270
13.1105 39270
13.1136 39270
13.1168 39270
13.1199 39270
13.1231 39270
13.1262 39270
13.1294 39270
13.1325 39270
13.1357 39270
13.1388 39270
13.142 39270
13.1451 39270
13.1483 39270
13.1514 39270
13.1546 39270
13.1577 39270
13.1609 39270
13.164 39270
13.1672 39270
13.1703 39270
13.1735 39270
13.1766 39270
13.1798 39270
13.183 39270
13.1861 39270
13.1893 39270
13.1924 39270
13.1956 39270
13.1987 39270
13.2019 39270
13.205 39270
13.2082 39270
13.2113 39270
13.2145 39270
13.2176 39270
13.2208 39270
13.2239 39270
13.2271 39270
13.2302 39270
13.2334 39270
13.2365 39270
13.2397 39270
13.2428 39270
13.246 39270
13.2491 39270
13.2523 39270
13.2554 39270
13.2586 39270
13.2618 39270
13.2649 39270
13.2681 39270
13.2712 39270
13.2744 39270
13.2775 39270
13.2807 39270
13.2838 39270
13.287 39270
13.2901 39270
13.2933 39270
13.2964 39270
13.2996 39270
13.3027 39270
13.3059 39270
13.309 39270
13.3122 39270
13.3153 39270
13.3185 39270
13.3216 39270
13.3248 39270
13.3279 39270
13.3311 39270
13.3342 39270
13.3374 39270
13.3406 39270
13.3437 39270
13.3469 39270
13.35 39270
13.3532 39270
13.3563 39270
13.3595 39270
13.3626 39270
13.3658 39270
13.3689 39270
13.3721 39270
13.3752 39270
13.3784 39270
13.3815 39270
13.3847 39270
13.3878 39270
13.391 39270
13.3941 39270
13.3973 39270
13.4004 39270
13.4036 39270
13.4067 39270
13.4099 39270
13.413 39270
13.4162 39270
13.4194 39270
13.4225 39270
13.4257 39270
13.4288 39270
13.432 39270
13.4351 39270
13.4383 39270
13.4414 39270
13.4446 39270
13.4477 39270
13.4509 39270
13.454 39270
13.4572 39270
13.4603 39270
13.4635 39270
13.4666 39270
13.4698 39270
13.4729 39270
13.4761 39270
13.4792 39270
13.4824 39270
13.4855 39270
13.4887 39270
13.4918 39270
13.495 39270
13.4982 39270
13.5013 39270
13.5045 39270
13.5076 39270
13.5108 39270
13.5139 39270
13.5171 39270
13.5202 39270
13.5234 39270
13.5265 39270
13.5297 39270
13.5328 39270
13.536 39270
13.5391 39270
13.5423 39270
13.5454 39270
13.5486 39270
13.5517 39270
13.5549 39270
13.558 39270
13.5612 39270
13.5643 39270
13.5675 39270
13.5706 39270
13.5738 39270
13.577 39270
13.5801 39270
13.5833 39270
13.5864 39270
13.5896 39270
13.5927 39270
13.5959 39270
13.599 39270
13.6022 39270
13.6053 39270
13.6085 39270
13.6116 39270
13.6148 39270
13.6179 39270
13.6211 39270
13.6242 39270
13.6274 39270
13.6305 39270
13.6337 39270
13.6368 39270
13.64 39270
13.6431 39270
13.6463 39270
13.6494 39270
13.6526 39270
13.6558 39270
13.6589 39270
13.6621 39270
13.6652 39270
13.6684 39270
13.6715 39270
13.6747 39270
13.6778 39270
13.681 39270
13.6841 39270
13.6873 39270
13.6904 39270
13.6936 39270
13.6967 39270
13.6999 39270
13.703 39270
13.7062 39270
13.7093 39270
13.7125 39270
13.7156 39270
13.7188 39270
13.7219 39270
13.7251 39270
13.7282 39270
13.7314 39270
13.7346 39270
13.7377 39270
13.7409 39270
13.744 39270
13.7472 39270
13.7503 39270
13.7535 39270
13.7566 39270
13.7598 39270
13.7629 39270
13.7661 39270
13.7692 39270
13.7724 39270
13.7755 39270
13.7787 39270
13.7818 39270
13.785 39270
13.7881 39270
13.7913 39270
13.7944 39270
13.7976 39270
13.8007 39270
13.8039 39270
13.807 39270
13.8102 39270
13.8134 39270
13.8165 39270
13.8197 39270
13.8228 39270
13.826 39270
13.8291 39270
13.8323 39270
13.8354 39270
13.8386 39270
13.8417 39270
13.8449 39270
13.848 39270
13.8512 39270
13.8543 39270
13.8575 39270
13.8606 39270
13.8638 39270
13.8669 39270
13.8701 39270
13.8732 39270
13.8764 39270
13.8795 39270
13.8827 39270
13.8858 39270
13.889 39270
13.8922 39270
13.8953 39270
13.8985 39270
13.9016 39270
13.9048 39270
13.9079 39270
13.9111 39270
13.9142 39270
13.9174 39270
13.9205 39270
13.9237 39270
13.9268 39270
13.93 39270
13.9331 39270
13.9363 39270
13.9394 39270
13.9426 39270
13.9457 39270
13.9489 39270
13.952 39270
13.9552 39270
13.9583 39270
13.9615 39270
13.9646 39270
13.9678 39270
13.971 39270
13.9741 39270
13.9773 39270
13.9804 39270
13.9836 39270
13.9867 39270
13.9899 39270
13.993 39270
13.9962 39270
13.9993 39270
14.0025 39270
14.0056 39270
14.0088 39270
14.0119 39270
14.0151 39270
14.0182 39270
14.0214 39270
14.0245 39270
14.0277 39270
14.0308 39270
14.034 39270
14.0371 39270
14.0403 39270
14.0434 39270
14.0466 39270
14.0498 39270
14.0529 39270
14.0561 39270
14.0592 39270
14.0624 39270
14.0655 39270
14.0687 39270
14.0718 39270
14.075 39270
14.0781 39270
14.0813 39270
14.0844 39270
14.0876 39270
14.0907 39270
14.0939 39270
14.097 39270
14.1002 39270
14.1033 39270
14.1065 39270
14.1096 39270
14.1128 39270
14.1159 39270
14.1191 39270
14.1222 39270
14.1254 39270
14.1286 39270
14.1317 39270
14.1349 39270
14.138 39270
14.1412 39270
14.1443 39270
14.1475 39270
14.1506 39270
14.1538 39270
14.1569 39270
14.1601 39270
14.1632 39270
14.1664 39270
14.1695 39270
14.1727 39270
14.1758 39270
14.179 39270
14.1821 39270
14.1853 39270
14.1884 39270
14.1916 39270
14.1947 39270
14.1979 39270
14.201 39270
14.2042 39270
14.2074 39270
14.2105 39270
14.2137 39270
14.2168 39270
14.22 39270
14.2231 39270
14.2263 39270
14.2294 39270
14.2326 39270
14.2357 39270
14.2389 39270
14.242 39270
14.2452 39270
14.2483 39270
14.2515 39270
14.2546 39270
14.2578 39270
14.2609 39270
14.2641 39270
14.2672 39270
14.2704 39270
14.2735 39270
14.2767 39270
14.2798 39270
14.283 39270
14.2862 39270
14.2893 39270
14.2925 39270
14.2956 39270
14.2988 39270
14.3019 39270
14.3051 39270
14.3082 39270
14.3114 39270
14.3145 39270
14.3177 39270
14.3208 39270
14.324 39270
14.3271 39270
14.3303 39270
14.3334 39270
14.3366 39270
14.3397 39270
14.3429 39270
14.346 39270
14.3492 39270
14.3523 39270
14.3555 39270
14.3586 39270
14.3618 39270
14.3649 39270
14.3681 39270
14.3713 39270
14.3744 39270
14.3776 39270
14.3807 39270
14.3839 39270
14.387 39270
14.3902 39270
14.3933 39270
14.3965 39270
14.3996 39270
14.4028 39270
14.4059 39270
14.4091 39270
14.4122 39270
14.4154 39270
14.4201 38760
14.4201 38760
14.9197 38760
14.9229 38760
14.926 38760
14.9292 38760
14.9323 38760
14.9355 38760
14.9402 38760
14.9433 38760
14.9465 38760
14.9496 38760
14.9528 38760
14.9559 38760
14.9591 38760
14.9623 38760
14.9654 38760
14.9686 38760
14.9717 38760
14.9749 38760
14.978 38760
14.9812 38760
14.9843 38760
14.9875 38760
14.9906 38760
14.9938 38760
14.9969 38760
15.0001 38760
15.0032 38760
15.0064 38760
15.0095 38760
15.0127 38760
15.0158 38760
15.019 38760
15.0221 38760
15.0253 38760
15.0284 38760
15.0316 38760
15.0347 38760
15.0379 38760
15.0411 38760
15.0442 38760
15.0474 38760
15.0505 38760
15.0537 38760
15.0568 38760
15.06 38760
15.0631 38760
15.0663 38760
15.0694 38760
15.0726 38760
15.0757 38760
15.0789 38760
15.082 38760
15.0852 38760
15.0883 38760
15.0915 38760
15.0946 38760
15.0978 38760
15.1009 38760
15.1041 38760
15.1072 38760
15.1104 38760
15.1135 38760
15.1167 38760
15.1199 38760
15.123 38760
15.1262 38760
15.1293 38760
15.1325 38760
15.1356 38760
15.1388 38760
15.1419 38760
15.1451 38760
15.1482 38760
15.1514 38760
15.1545 38760
15.1577 38760
15.1608 38760
15.164 38760
15.1671 38760
15.1703 38760
15.1734 38760
15.1766 38760
15.1797 38760
15.1829 38760
15.186 38760
15.1892 38760
15.1923 38760
15.1955 38760
15.1987 38760
15.2018 38760
15.205 38760
15.2081 38760
15.2113 38760
15.2144 38760
15.2176 38760
15.2207 38760
15.2239 38760
15.227 38760
15.2302 38760
15.2333 38760
15.2365 38760
15.2396 38760
15.2428 38760
15.2459 38760
15.2491 38760
15.2522 38760
15.2554 38760
15.2585 38760
15.2617 38760
15.2648 38760
15.268 38760
15.2711 38760
15.2743 38760
15.2775 38760
15.2806 38760
15.2838 38760
15.2869 38760
15.2901 38760
15.2932 38760
15.2964 38760
15.2995 38760
15.3027 38760
15.3058 38760
15.309 38760
15.3121 38760
15.3153 38760
15.3184 38760
15.3216 38760
15.3247 38760
15.3279 38760
15.331 38760
15.3342 38760
15.3373 38760
15.3405 38760
15.3436 38760
15.3468 38760
15.3499 38760
15.3531 38760
15.3563 38760
15.3594 38760
15.3626 38760
15.3657 38760
15.3689 38760
15.372 38760
15.3752 38760
15.3783 38760
15.3815 38760
15.3846 38760
15.3878 38760
15.3909 38760
15.3941 38760
15.3972 38760
15.4004 38760
15.4035 38760
15.4067 38760
15.4098 38760
15.413 38760
15.4161 38760
15.4193 38760
15.4224 38760
15.4256 38760
15.4287 38760
15.4319 38760
15.4351 38760
15.4382 38760
15.4414 38760
15.4445 38760
15.4477 38760
15.4508 38760
15.454 38760
15.4571 38760
15.4603 38760
15.4634 38760
15.4666 38760
15.4697 38760
15.4729 38760
15.476 38760
15.4792 38760
15.4823 38760
15.4855 38760
15.4886 38760
15.4918 38760
15.4949 38760
15.4981 38760
15.5012 38760
15.5044 38760
15.5075 38760
15.5107 38760
15.5139 38760
15.517 38760
15.5202 38760
15.5233 38760
15.5265 38760
15.5296 38760
15.5328 38760
15.5359 38760
15.5391 38760
15.5422 38760
15.5454 38760
15.5485 38760
15.5517 38760
15.5548 38760
15.558 38760
15.5611 38760
15.5643 38760
15.5674 38760
15.5706 38760
15.5737 38760
15.5769 38760
15.58 38760
15.5832 38760
15.5863 38760
15.5895 38760
15.5927 38760
15.5958 38760
15.599 38760
15.6021 38760
15.6053 38760
15.6084 38760
15.6116 38760
15.6147 38760
15.6179 38760
15.621 38760
15.6242 38760
15.6273 38760
15.6305 38760
15.6336 38760
15.6368 38760
15.6399 38760
15.6431 38760
15.6462 38760
15.6494 38760
15.6525 38760
15.6557 38760
15.6588 38760
15.662 38760
15.6651 38760
15.6683 38760
15.6715 38760
15.6746 38760
15.6778 38760
15.6809 38760
15.6841 38760
15.6872 38760
15.6904 38760
15.6935 38760
15.6967 38760
15.6998 38760
15.703 38760
15.7061 38760
15.7093 38760
15.7124 38760
15.7156 38760
15.7187 38760
15.7219 38760
15.725 38760
15.7282 38760
15.7313 38760
15.7345 38760
15.7376 38760
15.7408 38760
15.7439 38760
15.7471 38760
15.7503 38760
15.7534 38760
15.7566 38760
15.7597 38760
15.7629 38760
15.766 38760
15.7692 38760
15.7723 38760
15.7755 38760
15.7786 38760
15.7818 38760
15.7849 38760
15.7881 38760
15.7912 38760
15.7944 38760
15.7975 38760
15.8007 38760
15.8038 38760
15.807 38760
15.8101 38760
15.8133 38760
15.8164 38760
15.8196 38760
15.8227 38760
15.8259 38760
15.8291 38760
15.8322 38760
15.8354 38760
15.8385 38760
15.8417 38760
15.8448 38760
15.848 38760
15.8511 38760
15.8543 38760
15.8574 38760
15.8606 38760
15.8637 38760
15.8669 38760
15.87 38760
15.8732 38760
15.8763 38760
15.8795 38760
15.8826 38760
15.8858 38760
15.8889 38760
15.8921 38760
15.8952 38760
15.8984 38760
15.9015 38760
15.9047 38760
15.9079 38760
15.911 38760
15.9142 38760
15.9173 38760
15.9205 38760
15.9236 38760
15.9268 38760
15.9299 38760
15.9331 38760
15.9362 38760
15.9394 38760
15.9425 38760
15.9457 38760
15.9488 38760
15.952 38760
15.9551 38760
15.9583 38760
15.9614 38760
15.9646 38760
15.9677 38760
15.9709 38760
15.974 38760
15.9772 38760
15.9803 38760
15.9835 38760
15.9867 38760
15.9898 38760
15.993 38760
15.9961 38760
15.9993 38760
16.0024 38760
16.0056 38760
16.0087 38760
16.0119 38760
16.015 38760
16.0182 38760
16.0213 38760
16.0245 38760
16.0276 38760
16.0308 38760
16.0339 38760
16.0371 38760
16.0402 38760
16.0434 38760
16.0465 38760
16.0497 38760
16.0528 38760
16.056 38760
16.0591 38760
16.0623 38760
16.0655 38760
16.0686 38760
16.0718 38760
16.0749 38760
16.0781 38760
16.0812 38760
16.0844 38760
16.0875 38760
16.0907 38760
16.0938 38760
16.097 38760
16.1001 38760
16.1033 38760
16.1064 38760
16.1096 38760
16.1127 38760
16.1159 38760
16.119 38760
16.1222 38760
16.1253 38760
16.1285 38760
16.1316 38760
16.1348 38760
16.1379 38760
16.1411 38760
16.1443 38760
16.1474 38760
16.1506 38760
16.1537 38760
16.1569 38760
16.16 38760
16.1632 38760
16.1663 38760
16.1695 38760
16.1726 38760
16.1758 38760
16.1789 38760
16.1821 38760
16.1852 38760
16.1884 38760
16.1915 38760
16.1947 38760
16.1978 38760
16.201 38760
16.2041 38760
16.2073 38760
16.2104 38760
16.2136 38760
16.2167 38760
16.2199 38760
16.2231 38760
16.2262 38760
16.2294 38760
16.2325 38760
16.2357 38760
16.2388 38760
16.242 38760
16.2451 38760
16.2483 38760
16.2514 38760
16.2546 38760
16.2577 38760
16.2609 38760
16.264 38760
16.2672 38760
16.2703 38760
16.2735 38760
16.2766 38760
16.2798 38760
16.2829 38760
16.2861 38760
16.2892 38760
16.2924 38760
16.2955 38760
16.2987 38760
16.3019 38760
16.305 38760
16.3082 38760
16.3113 38760
16.3145 38760
16.3176 38760
16.3208 38760
16.3239 38760
16.3271 38760
16.3302 38760
16.3334 38760
16.3365 38760
16.3397 38760
16.3428 38760
16.346 38760
16.3491 38760
16.3523 38760
16.3554 38760
16.3586 38760
16.3617 38760
16.3649 38760
16.368 38760
16.3712 38760
16.3743 38760
16.3775 38760
16.3807 38760
16.3838 38760
16.387 38760
16.3901 38760
16.3933 38760
16.3964 38760
16.3996 38760
16.4027 38760
16.4059 38760
16.409 38760
16.4122 38760
16.4153 38760
16.4185 38760
16.4216 38760
16.4248 38760
16.4279 38760
16.4311 38760
16.4342 38760
16.4374 38760
16.4405 38760
16.4437 38760
16.4468 38760
16.45 38760
16.4531 38760
16.4563 38760
16.4595 38760
16.4626 38760
16.4658 38760
16.4689 38760
16.4721 38760
16.4752 38760
16.4784 38760
16.4815 38760
16.4847 38760
16.4878 38760
16.491 38760
16.4941 38760
16.4973 38760
16.5004 38760
16.5036 38760
16.5067 38760
16.5099 38760
16.513 38760
16.5162 38760
16.5193 38760
16.5225 38760
16.5256 38760
16.5288 38760
16.5319 38760
16.5351 38760
16.5383 38760
16.5414 38760
16.5446 38760
16.5477 38760
16.5509 38760
16.554 38760
16.5572 38760
16.5603 38760
16.5635 38760
16.5666 38760
16.5698 38760
16.5729 38760
16.5761 38760
16.5792 38760
16.5824 38760
16.5855 38760
16.5887 38760
16.5918 38760
16.595 38760
16.5981 38760
16.6013 38760
16.6044 38760
16.6076 38760
16.6107 38760
16.6139 38760
16.6171 38760
16.6202 38760
16.6234 38760
16.6265 38760
16.6297 38760
16.6328 38760
16.636 38760
16.6391 38760
16.6423 38760
16.6454 38760
16.6486 38760
16.6517 38760
16.6549 38760
16.658 38760
16.6612 38760
16.6643 38760
16.6675 38760
16.6706 38760
16.6738 38760
16.6769 38760
16.6801 38760
16.6832 38760
16.6864 38760
16.6895 38760
16.6927 38760
16.6959 38760
16.699 38760
16.7022 38760
16.7053 38760
16.7085 38760
16.7116 38760
16.7148 38760
16.7179 38760
16.7211 38760
16.7242 38760
16.7274 38760
16.7305 38760
16.7337 38760
16.7368 38760
16.74 38760
16.7431 38760
16.7463 38760
16.7494 38760
16.7526 38760
16.7557 38760
16.7589 38760
16.762 38760
16.7652 38760
16.7683 38760
16.7715 38760
16.7747 38760
16.7778 38760
16.781 38760
16.7841 38760
16.7873 38760
16.7904 38760
16.7936 38760
16.7967 38760
16.7999 38760
16.803 38760
16.8062 38760
16.8093 38760
16.8125 38760
16.8156 38760
16.8188 38760
16.8219 38760
16.8251 38760
16.8282 38760
16.8314 38760
16.8345 38760
16.8377 38760
16.8408 38760
16.844 38760
16.8471 38760
16.8503 38760
16.8535 38760
16.8566 38760
16.8598 38760
16.8629 38760
16.8661 38760
16.8692 38760
16.8724 38760
16.8755 38760
16.8787 38760
16.8818 38760
16.885 38760
16.8881 38760
16.8913 38760
16.8944 38760
16.8976 38760
16.9007 38760
16.9039 38760
16.907 38760
16.9102 38760
16.9133 38760
16.9165 38760
16.9196 38760
16.9228 38760
16.9259 38760
16.9291 38760
16.9323 38760
16.9354 38760
16.9386 38760
16.9417 38760
16.9449 38760
16.948 38760
16.9512 38760
16.9543 38760
16.9575 38760
16.9606 38760
16.9638 38760
16.9669 38760
16.9701 38760
16.9732 38760
16.9764 38760
16.9795 38760
16.9827 38760
16.9858 38760
16.989 38760
16.9921 38760
16.9953 38760
16.9984 38760
17.0016 38760
17.0047 38760
17.0079 38760
17.0111 38760
17.0142 38760
17.0174 38760
17.0205 38760
17.0237 38760
17.0268 38760
17.03 38760
17.0331 38760
17.0363 38760
17.0394 38760
17.0426 38760
17.0457 38760
17.0489 38760
17.052 38760
17.0552 38760
17.0583 38760
17.0615 38760
17.0646 38760
17.0678 38760
17.0709 38760
17.0741 38760
17.0772 38760
17.0804 38760
17.0835 38760
17.0867 38760
17.0899 38760
17.093 38760
17.0962 38760
17.0993 38760
17.1025 38760
17.1056 38760
17.1088 38760
17.1119 38760
17.1151 38760
17.1182 38760
17.1214 38760
17.1245 38760
17.1277 38760
17.1308 38760
17.134 38760
17.1371 38760
17.1403 38760
17.1434 38760
17.1466 38760
17.1497 38760
17.1529 38760
17.156 38760
17.1592 38760
17.1623 38760
17.1655 38760
17.1687 38760
17.1718 38760
17.175 38760
17.1781 38760
17.1813 38760
17.1844 38760
17.1876 38760
17.1907 38760
17.1939 38760
17.197 38760
17.2002 38760
17.2033 38760
17.2065 38760
17.2096 38760
17.2128 38760
17.2159 38760
17.2191 38760
17.2222 38760
17.2254 38760
17.2285 38760
17.2317 38760
17.2348 38760
17.238 38760
17.2411 38760
17.2443 38760
17.2475 38760
17.2506 38760
17.2538 38760
17.2569 38760
17.2601 38760
17.2632 38760
17.2664 38760
17.2695 38760
17.2727 38760
17.2758 38760
17.279 38760
17.2821 38760
17.2853 38760
17.2884 38760
17.2916 38760
17.2947 38760
17.2979 38760
17.301 38760
17.3042 38760
17.3073 38760
17.3105 38760
17.3136 38760
17.3168 38760
17.3199 38760
17.3231 38760
17.3263 38760
17.3294 38760
17.3326 38760
17.3357 38760
17.3389 38760
17.342 38760
17.3452 38760
17.3483 38760
17.3515 38760
17.3546 38760
17.3578 38760
17.3609 38760
17.3641 38760
17.3672 38760
17.3704 38760
17.3735 38760
17.3767 38760
17.3798 38760
17.383 38760
17.3861 38760
17.3893 38760
17.3924 38760
17.3956 38760
17.3987 38760
17.4019 38760
17.4051 38760
17.4082 38760
17.4114 38760
17.4145 38760
17.4177 38760
17.4208 38760
17.424 38760
17.4271 38760
17.4303 38760
17.4334 38760
17.4366 38760
17.4397 38760
17.4429 38760
17.446 38760
17.4492 38760
17.4523 38760
17.4555 38760
17.4586 38760
17.4618 38760
17.4649 38760
17.4681 38760
17.4712 38760
17.4744 38760
17.4775 38760
17.4807 38760
17.4839 38760
17.487 38760
17.4902 38760
17.4933 38760
17.4965 38760
17.4996 38760
17.5028 38760
17.5059 38760
17.5091 38760
17.5122 38760
17.5154 38760
17.5185 38760
17.5217 38760
17.5248 38760
17.528 38760
17.5311 38760
17.5343 38760
17.5374 38760
17.5406 38760
17.5437 38760
17.5469 38760
17.55 38760
17.5532 38760
17.5563 38760
17.5595 38760
17.5627 38760
17.5658 38760
17.569 38760
17.5721 38760
17.5753 38760
17.5784 38760
17.5816 38760
17.5847 38760
17.5879 38760
17.591 38760
17.5942 38760
17.5973 38760
17.6005 38760
17.6036 38760
17.6068 38760
17.6099 38760
17.6131 38760
17.6162 38760
17.6194 38760
17.6225 38760
17.6257 38760
17.6288 38760
17.632 38760
17.6351 38760
17.6383 38760
17.6415 38760
17.6446 38760
17.6478 38760
17.6509 38760
17.6541 38760
17.6572 38760
17.6604 38760
17.6635 38760
17.6667 38760
17.6698 38760
17.673 38760
17.6761 38760
17.6793 38760
17.6824 38760
17.6856 38760
17.6887 38760
17.6919 38760
17.695 38760
17.6982 38760
17.7013 38760
17.7045 38760
17.7076 38760
17.7108 38760
17.7139 38760
17.7171 38760
17.7203 38760
17.7234 38760
17.7266 38760
17.7297 38760
17.7329 38760
17.736 38760
17.7392 38760
17.7423 38760
17.7455 38760
17.7486 38760
17.7518 38760
17.7549 38760
17.7581 38760
17.7612 38760
17.7644 38760
17.7675 38760
17.7707 38760
17.7738 38760
17.777 38760
17.7801 38760
17.7833 38760
17.7864 38760
17.7896 38760
17.7927 38760
17.7959 38760
17.7991 38760
17.8022 38760
17.8054 38760
17.8085 38760
17.8117 38760
17.8148 38760
17.818 38760
17.8211 38760
17.8243 38760
17.8274 38760
17.8306 38760
17.8337 38760
17.8369 38760
17.84 38760
17.8432 38760
17.8463 38760
17.8495 38760
17.8526 38760
17.8558 38760
17.8589 38760
17.8621 38760
17.8652 38760
17.8684 38760
17.8715 38760
17.8747 38760
17.8779 38760
17.881 38760
17.8842 38760
17.8873 38760
17.8905 38760
17.8936 38760
17.8968 38760
17.8999 38760
17.9031 38760
17.9062 38760
17.9094 38760
17.9125 38760
17.9157 38760
17.9188 38760
17.922 38760
17.9251 38760
17.9283 38760
17.9314 38760
17.9346 38760
17.9377 38760
17.9409 38760
17.944 38760
17.9472 38760
17.9503 38760
17.9535 38760
17.9567 38760
17.9598 38760
17.963 38760
17.9661 38760
17.9693 38760
17.9724 38760
17.9756 38760
17.9787 38760
17.9819 38760
17.985 38760
17.9882 38760
17.9913 38760
17.9945 38760
17.9976 38760
18.0008 38760
18.0039 38760
18.0071 38760
18.0102 38760
18.0134 38760
18.0165 38760
18.0197 38760
18.0228 38760
18.026 38760
18.0291 38760
18.0323 38760
18.0355 38760
18.0386 38760
18.0418 38760
18.0449 38760
18.0481 38760
18.0512 38760
18.0544 38760
18.0575 38760
18.0607 38760
18.0638 38760
18.067 38760
18.0701 38760
18.0733 38760
18.0764 38760
18.0796 38760
18.0827 38760
18.0859 38760
18.089 38760
18.0922 38760
18.0953 38760
18.0985 38760
18.1016 38760
18.1048 38760
18.1079 38760
18.1111 38760
18.1143 38760
18.1174 38760
18.1206 38760
18.1237 38760
18.1269 38760
18.13 38760
18.1332 38760
18.1363 38760
18.1395 38760
18.1426 38760
18.1458 38760
18.1489 38760
18.1521 38760
18.1552 38760
18.1584 38760
18.1615 38760
18.1647 38760
18.1678 38760
18.171 38760
18.1741 38760
18.1773 38760
18.1804 38760
18.1836 38760
18.1867 38760
18.1899 38760
18.1931 38760
18.1962 38760
18.1994 38760
18.2025 38760
18.2057 38760
18.2088 38760
18.212 38760
18.2151 38760
18.2183 38760
18.2214 38760
18.2246 38760
18.2277 38760
18.2309 38760
18.234 38760
18.2372 38760
18.2403 38760
18.2435 38760
18.2466 38760
18.2498 38760
18.2529 38760
18.2561 38760
18.2592 38760
18.2624 38760
18.2655 38760
18.2687 38760
18.2719 38760
18.275 38760
18.2782 38760
18.2813 38760
18.2845 38760
18.2876 38760
18.2908 38760
18.2939 38760
18.2971 38760
18.3002 38760
18.3034 38760
18.3065 38760
18.3097 38760
18.3128 38760
18.316 38760
18.3191 38760
18.3223 38760
18.3254 38760
18.3286 38760
18.3317 38760
18.3349 38760
18.338 38760
18.3412 38760
18.3443 38760
18.3475 38760
18.3507 38760
18.3538 38760
18.357 38760
18.3601 38760
18.3633 38760
18.3664 38760
18.3696 38760
18.3727 38760
18.3759 38760
18.379 38760
18.3822 38760
18.3853 38760
18.3885 38760
18.3916 38760
18.3948 38760
18.3979 38760
18.4011 38760
18.4042 38760
18.4074 38760
18.4105 38760
18.4137 38760
18.4168 38760
18.42 38760
18.4231 38760
18.4263 38760
18.4295 38760
18.4326 38760
18.4358 38760
18.4389 38760
18.4421 38760
18.4452 38760
18.4484 38760
18.4515 38760
18.4547 38760
18.4578 38760
18.461 38760
18.4641 38760
18.4673 38760
18.4704 38760
18.4736 38760
18.4767 38760
18.4799 38760
18.483 38760
18.4862 38760
18.4893 38760
18.4925 38760
18.4956 38760
18.4988 38760
18.5019 38760
18.5051 38760
18.5083 38760
18.5114 38760
18.5146 38760
18.5177 38760
18.5209 38760
18.524 38760
18.5272 38760
18.5303 38760
18.5335 38760
18.5366 38760
18.5398 38760
18.5429 38760
18.5461 38760
18.5492 38760
18.5524 38760
18.5555 38760
18.5587 38760
18.5618 38760
18.565 38760
18.5681 38760
18.5713 38760
18.5744 38760
18.5776 38760
18.5807 38760
18.5839 38760
18.5871 38760
18.5902 38760
18.5934 38760
18.5965 38760
18.5997 38760
18.6028 38760
18.606 38760
18.6091 38760
18.6123 38760
18.6154 38760
18.6186 38760
18.6217 38760
18.6249 38760
18.628 38760
18.6312 38760
18.6343 38760
18.6375 38760
18.6406 38760
18.6438 38760
18.6469 38760
18.6501 38760
18.6532 38760
18.6564 38760
18.6595 38760
18.6627 38760
18.6659 38760
18.669 38760
18.6722 38760
18.6753 38760
18.6785 38760
18.6816 38760
18.6848 38760
18.6879 38760
18.6911 38760
18.6942 38760
18.6974 38760
18.7005 38760
18.7037 38760
18.7068 38760
18.71 38760
18.7131 38760
18.7163 38760
18.7194 38760
18.7226 38760
18.7257 38760
18.7289 38760
18.732 38760
18.7352 38760
18.7383 38760
18.7415 38760
18.7447 38760
18.7478 38760
18.751 38760
18.7541 38760
18.7573 38760
18.7604 38760
18.7636 38760
18.7667 38760
18.7699 38760
18.773 38760
18.7762 38760
18.7793 38760
18.7825 38760
18.7856 38760
18.7888 38760
18.7919 38760
18.7951 38760
18.7982 38760
18.8014 38760
18.8045 38760
18.8077 38760
18.8108 38760
18.814 38760
18.8171 38760
18.8203 38760
18.8235 38760
18.8266 38760
18.8298 38760
18.8329 38760
18.8361 38760
18.8392 38760
18.8424 38760
18.8455 38760
18.8487 38760
18.8518 38760
18.855 38760
18.8581 38760
18.8613 38760
18.8644 38760
18.8676 38760
18.8707 38760
18.8739 38760
18.877 38760
18.8802 38760
18.8833 38760
18.8865 38760
18.8896 38760
18.8928 38760
18.8959 38760
18.8991 38760
18.9023 38760
18.9054 38760
18.9086 38760
18.9117 38760
18.9149 38760
18.918 38760
18.9212 38760
18.9243 38760
18.9275 38760
18.9306 38760
18.9338 38760
18.9369 38760
18.9401 38760
18.9432 38760
18.9464 38760
18.9495 38760
18.9527 38760
18.9558 38760
18.959 38760
18.9621 38760
18.9653 38760
18.9684 38760
18.9716 38760
18.9747 38760
18.9779 38760
18.9811 38760
18.9842 38760
18.9874 38760
18.9905 38760
18.9937 38760
18.9968 38760
19 38760
19.0031 38760
19.0063 38760
19.0094 38760
19.0126 38760
19.0157 38760
19.0189 38760
19.022 38760
19.0252 38760
19.0283 38760
19.0315 38760
19.0346 38760
19.0378 38760
19.0409 38760
19.0441 38760
19.0472 38760
19.0504 38760
19.0535 38760
19.0567 38760
19.0599 38760
19.063 38760
19.0662 38760
19.0693 38760
19.0725 38760
19.0756 38760
19.0788 38760
19.0819 38760
19.0851 38760
19.0882 38760
19.0914 38760
19.0945 38760
19.0977 38760
19.1008 38760
19.104 38760
19.1071 38760
19.1103 38760
19.1134 38760
19.1166 38760
19.1197 38760
19.1229 38760
19.126 38760
19.1292 38760
19.1323 38760
19.1355 38760
19.1387 38760
19.1418 38760
19.145 38760
19.1481 38760
19.1513 38760
19.1544 38760
19.1576 38760
19.1607 38760
19.1639 38760
19.167 38760
19.1702 38760
19.1733 38760
19.1765 38760
19.1796 38760
19.1828 38760
19.1859 38760
19.1891 38760
19.1922 38760
19.1954 38760
19.1985 38760
19.2017 38760
19.2048 38760
19.208 38760
19.2111 38760
19.2143 38760
19.2175 38760
19.2206 38760
19.2238 38760
19.2269 38760
19.2301 38760
19.2332 38760
19.2364 38760
19.2395 38760
19.2427 38760
19.2458 38760
19.249 38760
19.2521 38760
19.2553 38760
19.2584 38760
19.2616 38760
19.2647 38760
19.2679 38760
19.271 38760
19.2742 38760
19.2773 38760
19.2805 38760
19.2836 38760
19.2868 38760
19.2899 38760
19.2931 38760
19.2963 38760
19.2994 38760
19.3026 38760
19.3057 38760
19.3089 38760
19.312 38760
19.3152 38760
19.3183 38760
19.3215 38760
19.3246 38760
19.3278 38760
19.3309 38760
19.3341 38760
19.3372 38760
19.3404 38760
19.3435 38760
19.3467 38760
19.3498 38760
19.353 38760
19.3561 38760
19.3593 38760
19.3624 38760
19.3656 38760
19.3687 38760
19.3719 38760
19.3751 38760
19.3782 38760
19.3814 38760
19.3845 38760
19.3877 38760
19.3908 38760
19.394 38760
19.3971 38760
19.4003 38760
19.4034 38760
19.4066 38760
19.4097 38760
19.4129 38760
19.416 38760
19.4192 38760
19.4223 38760
19.4255 38760
19.4286 38760
19.4318 38760
19.4349 38760
19.4381 38760
19.4412 38760
19.4444 38760
19.4475 38760
19.4507 38760
19.4539 38760
19.457 38760
19.4602 38760
19.4633 38760
19.4665 38760
19.4696 38760
19.4728 38760
19.4759 38760
19.4791 38760
19.4822 38760
19.4854 38760
19.4885 38760
19.4917 38760
19.4948 38760
19.498 38760
19.5011 38760
19.5043 38760
19.5074 38760
19.5106 38760
19.5137 38760
19.5169 38760
19.52 38760
19.5232 38760
19.5263 38760
19.5295 38760
19.5327 38760
19.5358 38760
19.539 38760
19.5421 38760
19.5453 38760
19.5484 38760
19.5516 38760
19.5547 38760
19.5579 38760
19.561 38760
19.5642 38760
19.5673 38760
19.5705 38760
19.5736 38760
19.5768 38760
19.5799 38760
19.5831 38760
19.5862 38760
19.5894 38760
19.5925 38760
19.5957 38760
19.5988 38760
19.602 38760
19.6051 38760
19.6083 38760
19.6115 38760
19.6146 38760
19.6178 38760
19.6209 38760
19.6241 38760
19.6272 38760
19.6304 38760
19.6335 38760
19.6367 38760
19.6398 38760
19.643 38760
19.6461 38760
19.6493 38760
19.6524 38760
19.6556 38760
19.6587 38760
19.6619 38760
19.665 38760
19.6682 38760
19.6713 38760
19.6745 38760
19.6776 38760
19.6808 38760
19.6839 38760
19.6871 38760
19.6903 38760
19.6934 38760
19.6966 38760
19.6997 38760
19.7029 38760
19.706 38760
19.7092 38760
19.7123 38760
19.7155 38760
19.7186 38760
19.7218 38760
19.7249 38760
19.7281 38760
19.7312 38760
19.7344 38760
19.7375 38760
19.7407 38760
19.7438 38760
19.747 38760
19.7501 38760
19.7533 38760
19.7564 38760
19.7596 38760
19.7627 38760
19.7659 38760
19.7691 38760
19.7722 38760
19.7754 38760
19.7785 38760
19.7817 38760
19.7848 38760
19.788 38760
19.7911 38760
19.7943 38760
19.7974 38760
19.8006 38760
19.8037 38760
19.8069 38760
19.81 38760
19.8132 38760
19.8163 38760
19.8195 38760
19.8226 38760
19.8258 38760
19.8289 38760
19.8321 38760
19.8352 38760
19.8384 38760
19.8415 38760
19.8447 38760
19.8479 38760
19.851 38760
19.8542 38760
19.8573 38760
19.8605 38760
19.8636 38760
19.8668 38760
19.8699 38760
19.8731 38760
19.8762 38760
19.8794 38760
19.8825 38760
19.8857 38760
19.8888 38760
19.892 38760
19.8951 38760
19.8983 38760
19.9014 38760
19.9046 38760
19.9077 38760
19.9109 38760
19.914 38760
19.9172 38760
19.9203 38760
19.9235 38760
19.9267 38760
19.9298 38760
19.933 38760
19.9361 38760
19.9393 38760
19.9424 38760
19.9456 38760
19.9487 38760
19.9519 38760
19.955 38760
19.9582 38760
19.9613 38760
19.9645 38760
19.9692 41313
19.9692 41313
