0.0 0
0.0905768 0.09
0.18279 0.09025
0.276537 0.0907188
0.370283 0.0911289
0.462454 0.102988
0.465606 0.101989
0.5562 0.100991
0.559352 0.100492
0.562504 0.100055
0.649946 0.0991734
0.653098 0.0989017
0.65625 0.098664
0.659402 0.098456
0.742117 0.108649
0.745269 0.107068
0.748421 0.105559
0.751573 0.104614
0.754725 0.103788
0.757877 0.103064
0.834287 0.112056
0.837439 0.109924
0.840591 0.108059
0.843743 0.106801
0.846895 0.105701
0.850047 0.104864
0.853199 0.104506
0.856351 0.104192
0.859503 0.103918
0.926458 0.112054
0.92961 0.109922
0.932762 0.108057
0.935914 0.1068
0.939066 0.105825
0.942218 0.104972
0.94537 0.1046
0.948522 0.104275
0.951674 0.103866
0.954826 0.103882
0.957978 0.103897
0.96113 0.104035
0.964282 0.104531
0.967434 0.104964
1.0202 0.103594
1.02336 0.10277
1.02651 0.102048
1.02966 0.101417
1.03281 0.10124
1.03596 0.101085
1.03912 0.100949
1.04227 0.101206
1.04542 0.10143
1.04857 0.101626
1.05172 0.102173
1.05488 0.102651
1.05803 0.103195
1.06118 0.104046
1.06433 0.10479
1.06748 0.105441
1.07064 0.106386
1.07379 0.107088
1.07694 0.107702
1.08009 0.108739
1.08324 0.109647
1.11395 0.107566
1.1171 0.106245
1.12025 0.105089
1.12341 0.104078
1.12656 0.103569
1.12971 0.103122
1.13286 0.102732
1.13601 0.102891
1.13917 0.103029
1.14232 0.103026
1.14547 0.103397
1.14862 0.103723
1.15177 0.104007
1.15493 0.104631
1.15808 0.105303
1.16123 0.10589
1.16438 0.106779
1.16753 0.107556
1.17069 0.108112
1.17384 0.108973
1.17699 0.109726
1.18014 0.11051
1.18329 0.111572
1.18645 0.1125
1.1896 0.113313
1.19275 0.114399
1.1959 0.115349
1.19905 0.116305
1.20221 0.117517
1.20536 0.118452
1.20851 0.119271
1.21166 0.120362
1.21481 0.117942
1.21797 0.115699
1.22112 0.114237
1.22427 0.112957
1.22742 0.111837
1.23057 0.111233
1.23373 0.110704
1.23688 0.110241
1.24003 0.110336
1.24318 0.110419
1.24633 0.110366
1.24949 0.110696
1.25264 0.110984
1.25579 0.111236
1.25894 0.111831
1.26209 0.112477
1.26525 0.113043
1.2684 0.113912
1.27155 0.114673
1.2747 0.115339
1.27785 0.116297
1.28101 0.117135
1.28416 0.117868
1.28731 0.118884
1.29046 0.119774
1.29361 0.120552
1.29677 0.121608
1.29992 0.122532
1.30307 0.123466
1.30622 0.124657
1.30937 0.1257
1.31253 0.126488
1.31568 0.127552
1.31883 0.128483
1.32198 0.129297
1.32513 0.13051
1.32829 0.131571
1.33144 0.1325
1.33459 0.133688
1.33774 0.134727
1.34089 0.135511
1.34405 0.136697
1.3472 0.137735
1.35035 0.138643
1.3535 0.139813
1.35665 0.140836
1.35981 0.141732
1.36296 0.14289
1.36611 0.144029
1.36926 0.145025
1.37241 0.146272
1.37557 0.147238
1.37872 0.148083
1.38187 0.149198
1.38502 0.150298
1.38817 0.151261
1.39133 0.152478
1.39448 0.153543
1.39763 0.154476
1.40078 0.155666
1.40393 0.156583
1.40709 0.15751
1.41024 0.158696
1.41339 0.159734
1.41654 0.160642
1.41969 0.161812
1.42285 0.162836
1.426 0.163731
1.42915 0.165015
1.4323 0.166138
1.43545 0.166996
1.43861 0.168121
1.44176 0.169106
1.44491 0.169968
1.44806 0.171222
1.45121 0.172319
1.45437 0.173279
1.45752 0.174494
1.46067 0.175558
1.46382 0.176363
1.46697 0.177442
1.47013 0.178512
1.47328 0.179448
1.47643 0.180642
1.47958 0.181687
1.48273 0.182601
1.48589 0.183776
1.48904 0.184929
1.49219 0.185938
1.49534 0.187196
1.49849 0.188171
1.50165 0.189025
1.5048 0.190147
1.50795 0.191128
1.5111 0.192112
1.51425 0.193348
1.51741 0.19443
1.52056 0.195376
1.52371 0.196579
1.52686 0.197632
1.53001 0.198553
1.53317 0.199734
1.53632 0.200767
1.53947 0.201671
1.54262 0.202837
1.54577 0.203858
1.54893 0.20475
1.55208 0.206032
1.55523 0.207153
1.55838 0.208009
1.56153 0.209132
1.56469 0.210116
1.56784 0.210976
1.57099 0.212104
1.57414 0.213216
1.57729 0.214189
1.58045 0.215416
1.5836 0.216489
1.58675 0.217428
1.5899 0.218624
1.59305 0.219671
1.59621 0.220587
1.59936 0.221764
1.60251 0.222793
1.60566 0.223694
1.60881 0.224857
1.61197 0.225875
1.61512 0.226891
1.61827 0.228154
1.62142 0.229135
1.62457 0.229993
1.62773 0.231119
1.63088 0.232104
1.63403 0.233091
1.63718 0.23433
1.64033 0.235414
1.64349 0.236362
1.64664 0.237567
1.64979 0.238621
1.65294 0.239418
1.65609 0.240616
1.65925 0.241664
1.6624 0.242581
1.66555 0.243758
1.6687 0.244789
1.67185 0.24569
1.67501 0.246979
1.67816 0.248106
1.68131 0.249093
1.68446 0.250331
1.68761 0.25129
1.69077 0.252129
1.69392 0.253238
1.69707 0.254333
1.70022 0.255291
1.70337 0.256505
1.70653 0.257567
1.70968 0.258496
1.71283 0.259684
1.71598 0.260598
1.71913 0.261524
1.72229 0.262708
1.72544 0.263745
1.72859 0.264652
1.73174 0.26582
1.73489 0.266843
1.73805 0.267862
1.7412 0.26913
1.74435 0.270238
1.7475 0.271084
1.75065 0.272198
1.75381 0.273173
1.75696 0.274027
1.76011 0.275273
1.76326 0.276364
1.76641 0.277319
1.76957 0.278529
1.77272 0.279588
1.77587 0.280389
1.77902 0.281591
1.78217 0.282642
1.78533 0.283562
1.78848 0.284741
1.79163 0.285774
1.79478 0.286677
1.79793 0.287842
1.80109 0.288987
1.80424 0.289989
1.80739 0.29124
1.81054 0.29221
1.81369 0.293059
1.81685 0.294176
1.82 0.295154
1.82315 0.296135
1.8263 0.297368
1.82945 0.298447
1.83261 0.299391
1.83576 0.300592
1.83891 0.301518
1.84206 0.302454
1.84521 0.303647
1.84837 0.304691
1.85152 0.305605
1.85467 0.306779
1.85782 0.307807
1.86097 0.308706
1.86413 0.309993
1.86728 0.311119
1.87043 0.311979
1.87358 0.313106
1.87673 0.314093
1.87989 0.314956
1.88304 0.316212
1.88619 0.31731
1.88934 0.318272
1.89249 0.319488
1.89565 0.320552
1.8988 0.321483
1.90195 0.322672
1.9051 0.323713
1.90825 0.324624
1.91141 0.325796
1.91456 0.326822
1.91771 0.327719
1.92086 0.328879
1.92401 0.330019
1.92717 0.331017
3.03194 0.30539
3.03509 0.282966
3.03825 0.263345
3.0414 0.246177
3.04455 0.231155
3.0477 0.218011
3.05085 0.206509
3.05401 0.196446
3.05716 0.18764
3.06031 0.179935
3.06346 0.173193
3.06661 0.167294
3.06977 0.162132
3.07449 0.157866
3.07765 0.154257
3.0808 0.151225
3.08395 0.148822
3.0871 0.146969
3.09025 0.145598
3.09341 0.144523
3.09656 0.143833
3.09971 0.143354
3.10286 0.14306
3.10601 0.143177
3.10917 0.143405
3.11232 0.143854
3.11547 0.144373
3.11862 0.144951
3.12177 0.145707
3.12493 0.146494
3.12808 0.147557
3.13123 0.148612
3.13438 0.149786
3.13753 0.150938
3.14069 0.15207
3.14384 0.153312
3.14699 0.154523
3.15014 0.155957
3.15329 0.157338
3.15645 0.158795
3.1596 0.160196
3.16275 0.161547
3.1659 0.162978
3.16905 0.164481
3.17221 0.166046
3.17536 0.16754
3.17851 0.169098
3.18166 0.170585
3.18481 0.172012
3.18797 0.173511
3.19112 0.175072
3.19427 0.176688
3.19742 0.178227
3.20057 0.179824
3.20373 0.181346
3.20688 0.182802
3.21003 0.184452
3.21318 0.186021
3.21633 0.187643
3.21949 0.189188
3.22264 0.190664
3.22579 0.192206
3.22894 0.19368
3.23209 0.195345
3.23525 0.196927
3.2384 0.198186
3.24155 0.199163
3.2447 0.200018
3.24785 0.200765
3.25101 0.201545
3.25416 0.202227
3.25731 0.202823
3.26046 0.20322
3.26361 0.203568
3.26677 0.203872
3.26992 0.204138
3.27307 0.204496
3.27622 0.204809
3.27937 0.204833
3.28252 0.204479
3.28568 0.203669
3.28883 0.202585
3.29198 0.201262
3.29513 0.199729
3.29828 0.198013
3.30144 0.196136
3.30459 0.194119
3.30774 0.191854
3.31089 0.189498
3.31404 0.187185
3.3172 0.184662
3.32035 0.182079
3.3235 0.179445
3.32665 0.177139
3.3298 0.174622
3.33296 0.172044
3.33611 0.169538
3.33926 0.166846
3.34241 0.164115
3.34556 0.161351
3.34872 0.158432
3.35187 0.155503
3.35502 0.15269
3.35817 0.149854
3.36132 0.146872
3.36448 0.144263
3.36763 0.14198
3.37078 0.139983
3.37393 0.138235
3.37708 0.136706
3.38024 0.135367
3.38339 0.134196
3.38654 0.133172
3.38969 0.132275
3.39284 0.131491
3.396 0.130805
3.39915 0.130204
3.4023 0.129679
3.40545 0.129219
3.4086 0.128816
3.41176 0.128464
3.41491 0.128156
3.41806 0.128012
3.42121 0.12776
3.42436 0.12754
3.42752 0.127348
3.43067 0.127179
3.43382 0.127032
3.43697 0.126903
3.44012 0.12679
3.44328 0.126691
3.44643 0.126605
3.44958 0.126529
3.45273 0.126463
3.45588 0.126405
3.45904 0.12648
3.46219 0.12642
3.46534 0.126367
3.46849 0.126321
3.47164 0.126281
3.4748 0.126246
3.47795 0.126215
3.4811 0.126188
3.48425 0.126165
3.4874 0.126144
3.49056 0.126126
3.49371 0.12611
3.49686 0.126097
3.50001 0.12621
3.50316 0.126183
3.50632 0.12616
3.50947 0.12614
3.51262 0.126123
3.51577 0.126107
3.51892 0.126094
3.52208 0.126207
3.52523 0.126181
3.52838 0.126159
3.53153 0.126139
3.53468 0.126121
3.53784 0.126106
3.54099 0.126093
3.54414 0.126081
3.54729 0.126071
3.55044 0.126062
3.5536 0.126055
3.55675 0.126048
3.5599 0.126042
3.56305 0.126537
3.5662 0.126969
3.56936 0.127223
3.57251 0.127445
3.57566 0.12764
3.57881 0.12781
3.58196 0.127959
3.58512 0.128214
3.58827 0.128312
3.59142 0.128398
3.59457 0.128473
3.59772 0.128539
3.60088 0.128597
3.60403 0.128772
3.60718 0.128926
3.61033 0.128935
3.61348 0.128943
3.61664 0.12895
3.61979 0.128956
3.62294 0.128962
3.62609 0.129092
3.62924 0.12908
3.6324 0.12907
3.63555 0.129061
3.6387 0.129054
3.64185 0.129047
3.645 0.129166
3.64816 0.12927
3.65131 0.129237
3.65446 0.129207
3.65761 0.129181
3.66076 0.129158
3.66392 0.129139
3.66707 0.129246
3.67022 0.129341
3.67337 0.129298
3.67652 0.129261
3.67968 0.129228
3.68283 0.1292
3.68598 0.129175
3.68913 0.129278
3.69228 0.129243
3.69544 0.129213
3.69859 0.129186
3.70174 0.129163
3.70489 0.129142
3.70804 0.12925
3.7112 0.129343
3.71435 0.129301
3.7175 0.129263
3.72065 0.12923
3.7238 0.129201
3.72696 0.129176
3.73011 0.129279
3.73326 0.129244
3.73641 0.129214
3.73956 0.129187
3.74272 0.129164
3.74587 0.129143
3.74902 0.12925
3.75217 0.129344
3.75532 0.129301
3.75848 0.129263
3.76163 0.12923
3.76478 0.129202
3.76793 0.129176
3.77108 0.129279
3.77424 0.129244
3.77739 0.129214
3.78054 0.129187
3.78369 0.129164
3.78684 0.129143
3.79 0.129125
3.79315 0.129235
3.7963 0.129205
3.79945 0.12918
3.8026 0.129157
3.80576 0.129138
3.80891 0.12912
3.81206 0.12923
3.81521 0.129327
3.81836 0.129286
3.82152 0.12925
3.82467 0.129219
3.82782 0.129191
3.83097 0.129167
3.83412 0.129272
3.83728 0.129238
3.84043 0.129208
3.84358 0.129182
3.84673 0.129159
3.84988 0.129139
3.85304 0.129247
3.85619 0.129341
3.85934 0.129298
3.86249 0.129261
3.86564 0.129228
3.8688 0.1292
3.87195 0.129175
3.8751 0.129278
3.87825 0.129243
3.8814 0.129213
3.88456 0.129186
3.88771 0.129163
3.89086 0.129143
3.89401 0.12925
3.89716 0.129344
3.90032 0.129301
3.90347 0.129263
3.90662 0.12923
3.90977 0.129201
3.91292 0.129176
3.91608 0.129279
3.91923 0.129369
3.92238 0.129323
3.92553 0.129283
3.92868 0.129247
3.93184 0.129216
3.93499 0.129189
3.93814 0.129291
3.94129 0.129254
3.94444 0.129223
3.9476 0.129195
3.95075 0.12917
3.9539 0.129149
3.95705 0.129255
3.9602 0.129349
3.96336 0.129305
3.96651 0.129267
3.96966 0.129233
3.97281 0.129204
3.97596 0.129179
3.97912 0.129281
3.98227 0.129246
3.98542 0.129215
3.98857 0.129189
3.99172 0.129165
3.99488 0.129144
3.99803 0.129251
4.00118 0.129345
4.00433 0.129302
4.00748 0.129264
4.01064 0.129231
4.01379 0.129202
4.01694 0.129177
4.02009 0.12928
4.02324 0.129245
4.0264 0.129214
4.02955 0.129187
4.0327 0.129164
4.03585 0.129144
4.039 0.129251
4.04216 0.129344
4.04531 0.129301
4.04846 0.129264
4.05161 0.129231
4.05476 0.129202
4.05792 0.129177
4.06107 0.129279
4.06422 0.12937
4.06737 0.129323
4.07052 0.129283
4.07368 0.129248
4.07683 0.129217
4.07998 0.12919
4.08313 0.129291
4.08628 0.129254
4.08944 0.129223
4.09259 0.129195
4.09574 0.12917
4.09889 0.129149
4.10204 0.129631
4.1052 0.130052
4.10835 0.13042
4.1115 0.130618
4.11465 0.130791
4.1178 0.130942
4.12096 0.131074
4.12411 0.131315
4.12726 0.131525
4.13041 0.131585
4.13356 0.131637
4.13672 0.131682
4.13987 0.131722
4.14302 0.131882
4.14617 0.132021
4.14932 0.132144
4.15248 0.132126
4.15563 0.13211
4.15878 0.132096
4.16193 0.132084
4.16508 0.132199
4.16824 0.132299
4.17139 0.132262
4.17454 0.132229
4.17769 0.1322
4.18084 0.132175
4.184 0.132153
4.18715 0.132259
4.1903 0.132352
4.19345 0.132308
4.1966 0.132269
4.19976 0.132236
4.20291 0.132206
4.20606 0.132305
4.20921 0.132392
4.21236 0.132468
4.21552 0.13241
4.21867 0.132358
4.22182 0.132314
4.22497 0.132274
4.22812 0.132365
4.23128 0.132444
4.23443 0.132389
4.23758 0.13234
4.24073 0.132298
4.24388 0.132261
4.24704 0.132353
4.25019 0.132434
4.25334 0.132505
4.25649 0.132442
4.25964 0.132386
4.2628 0.132338
4.26595 0.132296
4.2691 0.132384
4.27225 0.132461
4.2754 0.132403
4.27856 0.132353
4.28171 0.132309
4.28486 0.13227
4.28801 0.132361
4.29116 0.132441
4.29432 0.132511
4.29747 0.132447
4.30062 0.132391
4.30377 0.132342
4.30692 0.1323
4.31008 0.132387
4.31323 0.132464
4.31638 0.132531
4.31953 0.132464
4.32268 0.132406
4.32584 0.132356
4.32899 0.132311
4.33214 0.132397
4.33529 0.132473
4.33844 0.132414
4.3416 0.132362
4.34475 0.132317
4.3479 0.132277
4.35105 0.132367
4.3542 0.132446
4.35736 0.132516
4.36051 0.132451
4.36366 0.132395
4.36681 0.132345
4.36996 0.132302
4.37312 0.132389
4.37627 0.132466
4.37942 0.132408
4.38257 0.132357
4.38572 0.132312
4.38888 0.132273
4.39203 0.132364
4.39518 0.132443
4.39833 0.132513
4.40148 0.132449
4.40464 0.132393
4.40779 0.132344
4.41094 0.132301
4.41409 0.132388
4.41724 0.132465
4.4204 0.132407
4.42355 0.132356
4.4267 0.132311
4.42985 0.132272
4.433 0.132363
4.43616 0.132443
4.43931 0.132513
4.44246 0.132448
4.44561 0.132392
4.44876 0.132343
4.45192 0.1323
4.45507 0.132388
4.45822 0.132464
4.46137 0.132531
4.46452 0.132465
4.46768 0.132407
4.47083 0.132356
4.47398 0.132311
4.47713 0.132398
4.48028 0.132473
4.48344 0.132414
4.48659 0.132362
4.48974 0.132317
4.49289 0.132277
4.49604 0.132368
4.4992 0.132447
4.50235 0.132516
4.5055 0.132451
4.50865 0.132395
4.5118 0.132346
4.51496 0.132302
4.51811 0.13239
4.52126 0.132466
4.52441 0.132408
4.52756 0.132357
4.53072 0.132312
4.53387 0.132273
4.53702 0.132364
4.54017 0.132443
4.54332 0.132513
4.54648 0.132449
4.54963 0.132393
4.55278 0.132344
4.55593 0.132301
4.55908 0.132388
4.56224 0.132465
4.56539 0.132407
4.56854 0.132356
4.57169 0.132311
4.57484 0.132272
4.578 0.132238
4.58115 0.132334
4.5843 0.132417
4.58745 0.132365
4.5906 0.132319
4.59376 0.132279
4.59691 0.132244
4.60006 0.132339
4.60321 0.132421
4.60636 0.132494
4.60952 0.132432
4.61267 0.132378
4.61582 0.132331
4.61897 0.132289
4.62212 0.132378
4.62528 0.132456
4.62843 0.132399
4.63158 0.132349
4.63473 0.132305
4.63788 0.132267
4.64104 0.132734
4.64419 0.133142
4.64734 0.133499
4.65049 0.133812
4.65364 0.13396
4.6568 0.13409
4.65995 0.134204
4.6631 0.134429
4.66625 0.134625
4.6694 0.134797
4.67256 0.134822
4.67571 0.134844
4.67886 0.134864
4.68201 0.135006
4.68516 0.13513
4.68832 0.135239
4.69147 0.135334
4.69462 0.135292
4.69777 0.135256
4.70092 0.135224
4.70408 0.135321
4.70723 0.135406
4.71038 0.13548
4.71353 0.135545
4.71668 0.135477
4.71984 0.135417
4.72299 0.135365
4.72614 0.135444
4.72929 0.135514
4.73244 0.135575
4.7356 0.135503
4.73875 0.13544
4.7419 0.135385
4.74505 0.135462
4.7482 0.135529
4.75136 0.135588
4.75451 0.135639
4.75766 0.13556
4.76081 0.13549
4.76396 0.135428
4.76712 0.1355
4.77027 0.135562
4.77342 0.135617
4.77657 0.13554
4.77972 0.135472
4.78288 0.135413
4.78603 0.135487
4.78918 0.135551
4.79233 0.135607
4.79548 0.135656
4.79864 0.135574
4.80179 0.135502
4.80494 0.13544
4.80809 0.13551
4.81124 0.135571
4.8144 0.135625
4.81755 0.135546
4.8207 0.135478
4.82385 0.135418
4.827 0.135491
4.83016 0.135555
4.83331 0.13561
4.83646 0.135659
4.83961 0.135577
4.84276 0.135505
4.84592 0.135442
4.84907 0.135511
4.85222 0.135572
4.85537 0.135626
4.85852 0.135673
4.86168 0.135589
4.86483 0.135515
4.86798 0.135451
4.87113 0.135519
4.87428 0.135579
4.87744 0.135632
4.88059 0.135553
4.88374 0.135484
4.88689 0.135423
4.89004 0.135495
4.8932 0.135559
4.89635 0.135614
4.8995 0.135662
4.90265 0.135579
4.9058 0.135507
4.90896 0.135443
4.91211 0.135513
4.91526 0.135574
4.91841 0.135627
4.92156 0.135549
4.92472 0.13548
4.92787 0.13542
4.93102 0.135493
4.93417 0.135556
4.93732 0.135612
4.94048 0.13566
4.94363 0.135578
4.94678 0.135505
4.94993 0.135442
4.95308 0.135512
4.95624 0.135573
4.95939 0.135626
4.96254 0.135548
4.96569 0.13548
4.96884 0.13542
4.972 0.135367
4.97515 0.135446
4.9783 0.135515
4.98145 0.135576
4.9846 0.135504
4.98776 0.135441
4.99091 0.135386
4.99406 0.135463
4.99721 0.13553
5.00036 0.135589
5.00352 0.13564
5.00667 0.13556
5.00982 0.13549
5.01297 0.135429
5.01612 0.1355
5.01928 0.135563
5.02243 0.135617
5.02558 0.13554
5.02873 0.135473
5.03188 0.135414
5.03504 0.135487
5.03819 0.135551
5.04134 0.135607
5.04449 0.135656
5.04764 0.135574
5.0508 0.135502
5.05395 0.13544
5.0571 0.13551
5.06025 0.135571
5.0634 0.135625
5.06656 0.135547
5.06971 0.135478
5.07286 0.135418
5.07601 0.135491
5.07916 0.135555
5.08232 0.13561
5.08547 0.135659
5.08862 0.135577
5.09177 0.135505
5.09492 0.135442
5.09808 0.135511
5.10123 0.135572
5.10438 0.135626
5.10753 0.135673
5.11068 0.135589
5.11384 0.135515
5.11699 0.135451
5.12014 0.135519
5.12329 0.135579
5.12644 0.135632
5.1296 0.135553
5.13275 0.135484
5.1359 0.135423
5.13905 0.135495
5.1422 0.135559
5.14536 0.135614
5.14851 0.135662
5.15166 0.135579
5.15481 0.135507
5.15796 0.135443
5.16112 0.135513
5.16427 0.135574
5.16742 0.135627
5.17057 0.135549
5.17372 0.13548
5.17688 0.13542
5.18003 0.135493
5.18318 0.135556
5.18633 0.135612
5.18948 0.13566
5.19264 0.135578
5.19579 0.135505
5.19894 0.135442
5.20209 0.135512
5.20524 0.135573
5.2084 0.135626
5.21155 0.135548
5.2147 0.13548
5.21785 0.13542
5.221 0.135492
5.22416 0.135556
5.22731 0.135611
5.23046 0.13566
5.23361 0.135577
5.23676 0.135505
5.23992 0.135442
5.24307 0.135512
5.24622 0.135573
5.24937 0.135626
5.25252 0.135673
5.25568 0.135589
5.25883 0.135515
5.26198 0.135451
5.26513 0.135519
5.26828 0.13558
5.27144 0.135632
5.27459 0.135553
5.27774 0.135484
5.28089 0.135423
5.28404 0.135496
5.2872 0.135559
5.29035 0.135614
5.2935 0.135662
5.29665 0.135579
5.2998 0.135507
5.30296 0.135444
5.30611 0.135513
5.30926 0.135574
5.31241 0.135627
5.31556 0.135549
5.31872 0.13548
5.32187 0.13542
5.32502 0.135493
5.32817 0.135556
5.33132 0.135612
5.33448 0.13566
5.33763 0.135578
5.34078 0.135505
5.34393 0.135442
5.34708 0.135512
5.35024 0.135573
5.35339 0.135626
5.35654 0.136048
5.35969 0.136292
5.36284 0.136506
5.366 0.136692
5.36915 0.136981
5.3723 0.137233
5.37545 0.137454
5.3786 0.137647
5.38176 0.137691
5.38491 0.13773
5.38806 0.137889
5.39121 0.138028
5.39436 0.138149
5.39752 0.138256
5.40067 0.138349
5.40382 0.138305
5.40697 0.138267
5.41012 0.138359
5.41328 0.138439
5.41643 0.138509
5.41958 0.13857
5.42273 0.138499
5.42588 0.138437
5.42904 0.138507
5.43219 0.138569
5.43534 0.138623
5.43849 0.13867
5.44164 0.138711
5.4448 0.138622
5.44795 0.138544
5.4511 0.138601
5.45425 0.138651
5.4574 0.138695
5.46056 0.138733
5.46371 0.138641
5.46686 0.138561
5.47001 0.138616
5.47316 0.138664
5.47632 0.138706
5.47947 0.138743
5.48262 0.138775
5.48577 0.138678
5.48892 0.138593
5.49208 0.138644
5.49523 0.138689
5.49838 0.138728
5.50153 0.138762
5.50468 0.138791
5.50784 0.138692
5.51099 0.138606
5.51414 0.138655
5.51729 0.138698
5.52044 0.138736
5.5236 0.138769
5.52675 0.138673
5.5299 0.138589
5.53305 0.13864
5.5362 0.138685
5.53936 0.138724
5.54251 0.138759
5.54566 0.138789
5.54881 0.13869
5.55196 0.138604
5.55512 0.138654
5.55827 0.138697
5.56142 0.138735
5.56457 0.138768
5.56772 0.138672
5.57088 0.138588
5.57403 0.138639
5.57718 0.138685
5.58033 0.138724
5.58348 0.138758
5.58664 0.138789
5.58979 0.13869
5.59294 0.138604
5.59609 0.138653
5.59924 0.138697
5.6024 0.138735
5.60555 0.138768
5.6087 0.138672
5.61185 0.138588
5.615 0.138639
5.61816 0.138684
5.62131 0.138724
5.62446 0.138758
5.62761 0.138789
5.63076 0.13869
5.63392 0.138604
5.63707 0.138653
5.64022 0.138697
5.64337 0.138735
5.64652 0.138768
5.64968 0.138797
5.65283 0.138697
5.65598 0.13861
5.65913 0.138659
5.66228 0.138701
5.66544 0.138739
5.66859 0.138771
5.67174 0.138675
5.67489 0.138591
5.67804 0.138642
5.6812 0.138687
5.68435 0.138726
5.6875 0.13876
5.69065 0.13879
5.6938 0.138691
5.69696 0.138605
5.70011 0.138654
5.70326 0.138697
5.70641 0.138735
5.70956 0.138768
5.71272 0.138672
5.71587 0.138588
5.71902 0.13864
5.72217 0.138685
5.72532 0.138724
5.72848 0.138759
5.73163 0.138789
5.73478 0.13869
5.73793 0.138604
5.74108 0.138653
5.74424 0.138697
5.74739 0.138735
5.75054 0.138768
5.75369 0.138672
5.75684 0.138588
5.76 0.138514
5.76315 0.138575
5.7663 0.138628
5.76945 0.138675
5.7726 0.138715
5.77576 0.138626
5.77891 0.138548
5.78206 0.138604
5.78521 0.138654
5.78836 0.138697
5.79152 0.138735
5.79467 0.138768
5.79782 0.138672
5.80097 0.138588
5.80412 0.138639
5.80728 0.138685
5.81043 0.138724
5.81358 0.138758
5.81673 0.138664
5.81988 0.138581
5.82304 0.138633
5.82619 0.138679
5.82934 0.138719
5.83249 0.138754
5.83564 0.138785
5.8388 0.138687
5.84195 0.138601
5.8451 0.138651
5.84825 0.138694
5.8514 0.138733
5.85456 0.138766
5.85771 0.13867
5.86086 0.138587
5.86401 0.138638
5.86716 0.138683
5.87032 0.138723
5.87347 0.138758
5.87662 0.138788
5.87977 0.138689
5.88292 0.138603
5.88608 0.138653
5.88923 0.138696
5.89238 0.138734
5.89553 0.138767
5.89868 0.138797
5.90184 0.138697
5.90499 0.13861
5.90814 0.138659
5.91129 0.138701
5.91444 0.138739
5.9176 0.138771
5.92075 0.138675
5.9239 0.138591
5.92705 0.138642
5.9302 0.138686
5.93336 0.138726
5.93651 0.13876
5.93966 0.13879
5.94281 0.138691
5.94596 0.138605
5.94912 0.138654
5.95227 0.138697
5.95542 0.138735
5.95857 0.138768
5.96172 0.138672
5.96488 0.138588
5.96803 0.13864
5.97118 0.138685
5.97433 0.138724
5.97748 0.138759
5.98064 0.138789
5.98379 0.13869
5.98694 0.138604
5.99009 0.138653
5.99324 0.138697
5.9964 0.138735
5.99955 0.138768
6.0027 0.138672
6.00585 0.138588
6.009 0.138639
6.01216 0.138684
6.01531 0.138724
6.01846 0.138758
6.02161 0.138789
6.02476 0.13869
6.02792 0.138604
6.03107 0.138653
6.03422 0.138697
6.03737 0.138735
6.04052 0.138768
6.04368 0.138797
6.04683 0.138697
6.04998 0.13861
6.05313 0.138659
6.05628 0.138701
6.05944 0.138739
6.06259 0.138771
6.06574 0.138675
6.06889 0.138591
6.07204 0.138642
6.0752 0.139062
6.07835 0.139429
6.0815 0.13975
6.08465 0.140031
6.0878 0.140278
6.09096 0.140368
6.09411 0.140572
6.09726 0.14075
6.10041 0.140907
6.10356 0.141043
6.10672 0.141163
6.10987 0.141142
6.11302 0.14125
6.11617 0.141343
6.11932 0.141426
6.12248 0.141497
6.12563 0.14156
6.12878 0.141615
6.13193 0.141538
6.13508 0.141596
6.13824 0.141646
6.14139 0.141691
6.14454 0.141729
6.14769 0.141763
6.15084 0.141668
6.154 0.141584
6.15715 0.141636
6.1603 0.141682
6.16345 0.141722
6.1666 0.141756
6.16976 0.141787
6.17291 0.141688
6.17606 0.141727
6.17921 0.141761
6.18236 0.141791
6.18552 0.141817
6.18867 0.14184
6.19182 0.14186
6.19497 0.141753
6.19812 0.141784
6.20128 0.141811
6.20443 0.141834
6.20758 0.141855
6.21073 0.141873
6.21388 0.141764
6.21704 0.141793
6.22019 0.141819
6.22334 0.141842
6.22649 0.141862
6.22964 0.141879
6.2328 0.141894
6.23595 0.141782
6.2391 0.14181
6.24225 0.141833
6.2454 0.141854
6.24856 0.141872
6.25171 0.141888
6.25486 0.141777
6.25801 0.141805
6.26116 0.141829
6.26432 0.141851
6.26747 0.141869
6.27062 0.141886
6.27377 0.1419
6.27692 0.141788
6.28008 0.141814
6.28323 0.141837
6.28638 0.141858
6.28953 0.141875
6.29268 0.141891
6.29584 0.141905
6.29899 0.141792
6.30214 0.141818
6.30529 0.14184
6.30844 0.14186
6.3116 0.141878
6.31475 0.141893
6.3179 0.141781
6.32105 0.141809
6.3242 0.141833
6.32736 0.141854
6.33051 0.141872
6.33366 0.141888
6.33681 0.141902
6.33996 0.141789
6.34312 0.141816
6.34627 0.141839
6.34942 0.141859
6.35257 0.141876
6.35572 0.141892
6.35888 0.14178
6.36203 0.141808
6.36518 0.141832
6.36833 0.141853
6.37148 0.141871
6.37464 0.141887
6.37779 0.141901
6.38094 0.141789
6.38409 0.141815
6.38724 0.141838
6.3904 0.141858
6.39355 0.141876
6.3967 0.141892
6.39985 0.14178
6.403 0.141808
6.40616 0.141832
6.40931 0.141853
6.41246 0.141871
6.41561 0.141887
6.41876 0.141901
6.42192 0.141789
6.42507 0.141815
6.42822 0.141838
6.43137 0.141858
6.43452 0.141876
6.43767 0.141892
6.44083 0.141905
6.44398 0.141792
6.44713 0.141818
6.45028 0.141841
6.45343 0.141861
6.45659 0.141878
6.45974 0.141893
6.46289 0.141782
6.46604 0.141809
6.46919 0.141833
6.47235 0.141854
6.4755 0.141872
6.47865 0.141888
6.4818 0.141902
6.48495 0.141789
6.48811 0.141816
6.49126 0.141839
6.49441 0.141859
6.49756 0.141876
6.50071 0.141892
6.50387 0.14178
6.50702 0.141808
6.51017 0.141832
6.51332 0.141853
6.51647 0.141871
6.51963 0.141887
6.52278 0.141901
6.52593 0.141789
6.52908 0.141815
6.53223 0.141838
6.53539 0.141858
6.53854 0.141876
6.54169 0.141892
6.54484 0.14178
6.54799 0.141683
6.55115 0.141722
6.5543 0.141757
6.55745 0.141787
6.5606 0.141814
6.56375 0.141837
6.56691 0.141733
6.57006 0.141766
6.57321 0.141795
6.57636 0.141821
6.57951 0.141843
6.58267 0.141863
6.58582 0.14188
6.58897 0.14177
6.59212 0.141799
6.59527 0.141824
6.59843 0.141846
6.60158 0.141865
6.60473 0.141882
6.60788 0.141772
6.61103 0.1418
6.61419 0.141825
6.61734 0.141847
6.62049 0.141866
6.62364 0.141883
6.62679 0.141898
6.62995 0.141785
6.6331 0.141812
6.63625 0.141836
6.6394 0.141856
6.64255 0.141874
6.64571 0.14189
6.64886 0.141779
6.65201 0.141806
6.65516 0.141831
6.65831 0.141852
6.66147 0.14187
6.66462 0.141886
6.66777 0.141901
6.67092 0.141788
6.67407 0.141815
6.67723 0.141838
6.68038 0.141858
6.68353 0.141876
6.68668 0.141891
6.68983 0.141905
6.69299 0.141792
6.69614 0.141818
6.69929 0.141841
6.70244 0.141861
6.70559 0.141878
6.70875 0.141893
6.7119 0.141782
6.71505 0.141809
6.7182 0.141833
6.72135 0.141854
6.72451 0.141872
6.72766 0.141888
6.73081 0.141902
6.73396 0.141789
6.73711 0.141816
6.74027 0.141839
6.74342 0.141859
6.74657 0.141876
6.74972 0.141892
6.75287 0.14178
6.75603 0.141808
6.75918 0.141832
6.76233 0.141853
6.76548 0.141871
6.76863 0.141887
6.77179 0.141901
6.77494 0.141789
6.77809 0.141815
6.78124 0.141838
6.78439 0.141858
6.78755 0.141876
6.7907 0.141892
6.79385 0.14228
6.797 0.14262
6.80015 0.142918
6.80331 0.143178
6.80646 0.143406
6.80961 0.143605
6.81276 0.143779
6.81591 0.143932
6.81907 0.144065
6.82222 0.144182
6.82537 0.144284
6.82852 0.144374
6.83167 0.144452
6.83483 0.144521
6.83798 0.144581
6.84113 0.144633
6.84428 0.144679
6.84743 0.144719
6.85059 0.144754
6.85374 0.144785
6.85689 0.144812
6.86004 0.144835
6.86319 0.144856
6.86635 0.144874
6.8695 0.14489
6.87265 0.144903
6.8758 0.144916
6.87895 0.144926
6.88211 0.144935
6.88526 0.144943
6.88841 0.14495
6.89156 0.144957
6.89471 0.144962
6.89787 0.144967
6.90102 0.144971
6.90417 0.144975
6.90732 0.144978
6.91047 0.144981
6.91363 0.144983
6.91678 0.144985
6.91993 0.144987
6.92308 0.144989
6.92623 0.14499
6.92939 0.144991
6.93254 0.144992
6.93569 0.144993
6.93884 0.144994
6.94199 0.14487
6.94515 0.144886
6.9483 0.1449
6.95145 0.144913
6.9546 0.144924
6.95775 0.144933
6.96091 0.144942
6.96406 0.144949
6.96721 0.144955
6.97036 0.144961
6.97351 0.144966
6.97667 0.14497
6.97982 0.144974
6.98297 0.144977
6.98612 0.14498
6.98927 0.144982
6.99243 0.144985
6.99558 0.144987
6.99873 0.144988
7.00188 0.14499
7.00503 0.144991
7.00819 0.144992
7.01134 0.144993
7.01449 0.144994
7.01764 0.144995
7.02079 0.144995
7.02395 0.144996
7.0271 0.144996
7.03025 0.144997
7.0334 0.144997
7.03655 0.144998
7.03971 0.144998
7.04286 0.144998
7.04601 0.144998
7.04916 0.144999
7.05231 0.144999
7.05547 0.144999
7.05862 0.144999
7.06177 0.144999
7.06492 0.144999
7.06807 0.144999
7.07123 0.144999
7.07438 0.145
7.07753 0.145
7.08068 0.145
7.08383 0.145
7.08699 0.145
7.09014 0.145
7.09329 0.145
7.09644 0.145
7.09959 0.145
7.10275 0.145
7.1059 0.145
7.10905 0.145
7.1122 0.145
7.11535 0.145
7.11851 0.145
7.12166 0.145
7.12481 0.145
7.12796 0.145
7.13111 0.145
7.13427 0.145
7.13742 0.145
7.14057 0.145
7.14372 0.145
7.14687 0.145
7.15003 0.145
7.15318 0.145
7.15633 0.145
7.15948 0.145
7.16263 0.145
7.16579 0.145
7.16894 0.145
7.17209 0.145
7.17524 0.145
7.17839 0.145
7.18155 0.145
7.1847 0.145
7.18785 0.145
7.33599 0.144875
7.33915 0.144891
7.3423 0.144904
7.34545 0.144916
7.3486 0.144927
7.35175 0.144936
7.35491 0.144944
7.35806 0.144951
7.36121 0.144957
7.36436 0.144962
7.36751 0.144967
7.37067 0.144971
7.37382 0.144975
7.37697 0.144978
7.38012 0.144981
7.38327 0.144983
7.38643 0.144985
7.38958 0.144987
7.39273 0.144989
7.39588 0.14499
7.39903 0.144991
7.40219 0.144992
7.40534 0.144993
7.40849 0.144994
7.41164 0.144995
7.41479 0.144996
7.41795 0.144996
7.4211 0.144997
7.42425 0.144997
7.4274 0.144997
7.43055 0.144998
7.43371 0.144998
7.43686 0.144998
7.44001 0.144998
7.44316 0.144999
7.44631 0.144999
7.44947 0.144999
7.45262 0.144999
7.45577 0.144999
7.45892 0.144999
7.46207 0.144999
7.46523 0.144999
7.46838 0.145
7.47153 0.145
7.47468 0.145
7.47783 0.145
7.48099 0.145
7.48414 0.145
7.48729 0.145
7.49044 0.145
7.49359 0.145
7.49675 0.145
7.4999 0.145
7.50305 0.145
7.5062 0.145
7.50935 0.145375
7.51251 0.145703
7.51566 0.14599
7.51881 0.146241
7.52196 0.146461
7.52511 0.146779
7.52827 0.146931
7.53142 0.147065
7.53457 0.147182
7.53772 0.147284
7.54087 0.147374
7.54403 0.147577
7.54718 0.14763
7.55033 0.147676
7.55348 0.147717
7.55663 0.147752
7.55979 0.147783
7.56294 0.14781
7.56609 0.147959
7.56924 0.147964
7.57239 0.147968
7.57555 0.147972
7.5787 0.147976
7.58185 0.147979
7.585 0.148107
7.58815 0.148093
7.59131 0.148082
7.59446 0.148071
7.59761 0.148062
7.60076 0.148055
7.60391 0.148048
7.60707 0.148167
7.61022 0.148146
7.61337 0.148128
7.61652 0.148112
7.61967 0.148098
7.62283 0.148086
7.62598 0.148075
7.62913 0.148191
7.63228 0.148167
7.63543 0.148146
7.63859 0.148128
7.64174 0.148112
7.64489 0.148098
7.64804 0.14821
7.65119 0.148184
7.65435 0.148161
7.6575 0.148141
7.66065 0.148123
7.6638 0.148108
7.66695 0.148094
7.67011 0.148208
7.67326 0.148182
7.67641 0.148159
7.67956 0.148139
7.68271 0.148122
7.68587 0.148107
7.68902 0.148218
7.69217 0.148191
7.69532 0.148167
7.69847 0.148146
7.70163 0.148128
7.70478 0.148112
7.70793 0.148098
7.71108 0.148211
7.71423 0.148184
7.71739 0.148161
7.72054 0.148141
7.72369 0.148123
7.72684 0.148108
7.72999 0.148095
7.73315 0.148083
7.7363 0.148072
7.73945 0.148063
7.7426 0.148055
7.74575 0.148048
7.74891 0.148042
7.75206 0.148162
7.75521 0.148142
7.75836 0.148124
7.76151 0.148109
7.76467 0.148095
7.76782 0.148083
7.77097 0.148073
7.77412 0.148189
7.77727 0.148165
7.78043 0.148144
7.78358 0.148126
7.78673 0.148111
7.78988 0.148097
7.79303 0.14821
7.79619 0.148183
7.79934 0.148161
7.80249 0.14814
7.80564 0.148123
7.80879 0.148108
7.81195 0.148094
7.8151 0.148207
7.81825 0.148181
7.8214 0.148159
7.82455 0.148139
7.82771 0.148122
7.83086 0.148106
7.83401 0.148218
7.83716 0.148191
7.84031 0.148167
7.84347 0.148146
7.84662 0.148128
7.84977 0.148112
7.85292 0.148098
7.85607 0.148211
7.85923 0.148184
7.86238 0.148161
7.86553 0.148141
7.86868 0.148123
7.87183 0.148108
7.87499 0.148095
7.87814 0.148208
7.88129 0.148182
7.88444 0.148159
7.88759 0.148139
7.89075 0.148122
7.8939 0.148107
7.89705 0.148218
7.9002 0.148191
7.90335 0.148167
7.90651 0.148146
7.90966 0.148128
7.91281 0.148112
7.91596 0.148098
7.91911 0.148211
7.92227 0.148184
7.92542 0.148161
7.92857 0.148141
7.93172 0.148124
7.93487 0.148108
7.93803 0.14822
7.94118 0.148192
7.94433 0.148168
7.94748 0.148147
7.95063 0.148129
7.95379 0.148113
7.95694 0.148099
7.96009 0.148211
7.96324 0.148185
7.96639 0.148162
7.96955 0.148141
7.9727 0.148124
7.97585 0.148108
7.979 0.14822
7.98215 0.148192
7.98531 0.148168
7.98846 0.148147
7.99161 0.148129
7.99476 0.148113
7.99791 0.148099
8.00107 0.148211
8.00422 0.148185
8.00737 0.148162
8.01052 0.148142
8.01367 0.148124
8.01683 0.148108
8.01998 0.148095
8.02313 0.148208
8.02628 0.148182
8.02943 0.148159
8.03259 0.148139
8.03574 0.148122
8.03889 0.148107
8.04204 0.148218
8.04519 0.148191
8.04835 0.148167
8.0515 0.148146
8.05465 0.148128
8.0578 0.148112
8.06095 0.148098
8.06411 0.148211
8.06726 0.148184
8.07041 0.148161
8.07356 0.148141
8.07671 0.148124
8.07987 0.148108
8.08302 0.14822
8.08617 0.148192
8.08932 0.148168
8.09247 0.148147
8.09563 0.148129
8.09878 0.148113
8.10193 0.148099
8.10508 0.148211
8.10823 0.148185
8.11139 0.148162
8.11454 0.148142
8.11769 0.148124
8.12084 0.148108
8.12399 0.148095
8.12715 0.148083
8.1303 0.148073
8.13345 0.148064
8.1366 0.148056
8.13975 0.148049
8.14291 0.148043
8.14606 0.148162
8.14921 0.148142
8.15236 0.148124
8.15551 0.148109
8.15867 0.148095
8.16182 0.148083
8.16497 0.148073
8.16812 0.148189
8.17127 0.148165
8.17443 0.148144
8.17758 0.148126
8.18073 0.148111
8.18388 0.148097
8.18703 0.14821
8.19019 0.148183
8.19334 0.148161
8.19649 0.14814
8.19964 0.148123
8.20279 0.148108
8.20595 0.148094
8.2091 0.148207
8.21225 0.148181
8.2154 0.148159
8.21855 0.148139
8.22171 0.148122
8.22486 0.148106
8.22801 0.148593
8.23116 0.149019
8.23431 0.149267
8.23747 0.149483
8.24062 0.149673
8.24377 0.149839
8.24692 0.149984
8.25007 0.150236
8.25323 0.150456
8.25638 0.150524
8.25953 0.150584
8.26268 0.150636
8.26583 0.150681
8.26899 0.150721
8.27214 0.150881
8.27529 0.151021
8.27844 0.151018
8.28159 0.151016
8.28475 0.151014
8.2879 0.151012
8.29105 0.151136
8.2942 0.151244
8.29735 0.151213
8.30051 0.151187
8.30366 0.151163
8.30681 0.151143
8.30996 0.151125
8.31311 0.151234
8.31627 0.15133
8.31942 0.151289
8.32257 0.151253
8.32572 0.151221
8.32887 0.151193
8.33203 0.151294
8.33518 0.151383
8.33833 0.151335
8.34148 0.151293
8.34463 0.151256
8.34779 0.151224
8.35094 0.151196
8.35409 0.151297
8.35724 0.151385
8.36039 0.151337
8.36355 0.151294
8.3667 0.151258
8.36985 0.151225
8.373 0.151322
8.37615 0.151407
8.37931 0.151356
8.38246 0.151312
8.38561 0.151273
8.38876 0.151239
8.39191 0.151209
8.39507 0.151308
8.39822 0.151394
8.40137 0.151345
8.40452 0.151302
8.40767 0.151264
8.41083 0.151231
8.41398 0.151202
8.41713 0.151302
8.42028 0.151389
8.42343 0.151341
8.42659 0.151298
8.42974 0.151261
8.43289 0.151228
8.43604 0.151325
8.43919 0.151409
8.44235 0.151358
8.4455 0.151313
8.44865 0.151274
8.4518 0.15124
8.45495 0.15121
8.45811 0.151309
8.46126 0.151395
8.46441 0.151346
8.46756 0.151302
8.47071 0.151265
8.47387 0.151232
8.47702 0.151328
8.48017 0.151412
8.48332 0.15136
8.48647 0.151315
8.48963 0.151276
8.49278 0.151241
8.49593 0.151211
8.49908 0.15131
8.50223 0.151396
8.50539 0.151347
8.50854 0.151303
8.51169 0.151265
8.51484 0.151232
8.51799 0.151203
8.52115 0.151303
8.5243 0.151265
8.52745 0.151232
8.5306 0.151203
8.53375 0.151177
8.53691 0.151155
8.54006 0.151261
8.54321 0.151353
8.54636 0.151309
8.54951 0.15127
8.55267 0.151237
8.55582 0.151207
8.55897 0.151181
8.56212 0.151284
8.56527 0.151373
8.56843 0.151326
8.57158 0.151286
8.57473 0.15125
8.57788 0.151219
8.58103 0.151316
8.58419 0.151402
8.58734 0.151352
8.59049 0.151308
8.59364 0.151269
8.59679 0.151236
8.59995 0.151206
8.6031 0.151305
8.60625 0.151392
8.6094 0.151343
8.61255 0.1513
8.61571 0.151263
8.61886 0.15123
8.62201 0.151326
8.62516 0.15141
8.62831 0.151359
8.63147 0.151314
8.63462 0.151275
8.63777 0.151241
8.64092 0.15121
8.64407 0.151309
8.64723 0.151396
8.65038 0.151346
8.65353 0.151303
8.65668 0.151265
8.65983 0.151232
8.66299 0.151203
8.66614 0.151303
8.66929 0.15139
8.67244 0.151341
8.67559 0.151298
8.67875 0.151261
8.6819 0.151228
8.68505 0.151325
8.6882 0.151409
8.69135 0.151358
8.69451 0.151313
8.69766 0.151274
8.70081 0.15124
8.70396 0.15121
8.70711 0.151309
8.71027 0.151395
8.71342 0.151346
8.71657 0.151302
8.71972 0.151265
8.72287 0.151232
8.72603 0.151328
8.72918 0.151412
8.73233 0.15136
8.73548 0.151315
8.73863 0.151276
8.74179 0.151241
8.74494 0.151211
8.74809 0.15131
8.75124 0.151396
8.75439 0.151347
8.75755 0.151303
8.7607 0.151265
8.76385 0.151232
8.767 0.151328
8.77015 0.151412
8.77331 0.151361
8.77646 0.151316
8.77961 0.151276
8.78276 0.151242
8.78591 0.151211
8.78907 0.15131
8.79222 0.151396
8.79537 0.151347
8.79852 0.151303
8.80167 0.151265
8.80483 0.151232
8.80798 0.151203
8.81113 0.151303
8.81428 0.15139
8.81743 0.151341
8.82059 0.151299
8.82374 0.151261
8.82689 0.151229
8.83004 0.151325
8.83319 0.151409
8.83635 0.151358
8.8395 0.151313
8.84265 0.151274
8.8458 0.15124
8.84895 0.15121
8.85211 0.151309
8.85526 0.151395
8.85841 0.151346
8.86156 0.151303
8.86471 0.151265
8.86787 0.151232
8.87102 0.151328
8.87417 0.151412
8.87732 0.15136
8.88047 0.151315
8.88363 0.151276
8.88678 0.151241
8.88993 0.151211
8.89308 0.15131
8.89623 0.151396
8.89939 0.151347
8.90254 0.151303
8.90569 0.151265
8.90884 0.151232
8.91199 0.151203
8.91515 0.151303
8.9183 0.151265
8.92145 0.151232
8.9246 0.151203
8.92775 0.151177
8.93091 0.151155
8.93406 0.151261
8.93721 0.151353
8.94036 0.151309
8.94351 0.15127
8.94667 0.151612
8.94982 0.15191
8.95297 0.152171
8.95612 0.152525
8.95927 0.152834
8.96243 0.153105
8.96558 0.153217
8.96873 0.153315
8.97188 0.1534
8.97503 0.1536
8.97819 0.153775
8.98134 0.153928
8.98449 0.153937
8.98764 0.153945
8.99079 0.153952
8.99395 0.153958
8.9971 0.154088
9.00025 0.154202
9.0034 0.154302
9.00655 0.154264
9.00971 0.154231
9.01286 0.154202
9.01601 0.154302
9.01916 0.154389
9.02231 0.154466
9.02547 0.154407
9.02862 0.154356
9.03177 0.154312
9.03492 0.154273
9.03807 0.154364
9.04123 0.154443
9.04438 0.154513
9.04753 0.154449
9.05068 0.154393
9.05383 0.154344
9.05699 0.154301
9.06014 0.154388
9.06329 0.154465
9.06644 0.154531
9.06959 0.154465
9.07275 0.154407
9.0759 0.154356
9.07905 0.154437
9.0822 0.154507
9.08535 0.154569
9.08851 0.154498
9.09166 0.154435
9.09481 0.154381
9.09796 0.154333
9.10111 0.154417
9.10427 0.15449
9.10742 0.154553
9.11057 0.154484
9.11372 0.154424
9.11687 0.154371
9.12003 0.154449
9.12318 0.154518
9.12633 0.154578
9.12948 0.154506
9.13263 0.154443
9.13579 0.154387
9.13894 0.154339
9.14209 0.154422
9.14524 0.154494
9.14839 0.154557
9.15155 0.154488
9.1547 0.154427
9.15785 0.154373
9.161 0.154452
9.16415 0.15452
9.16731 0.15458
9.17046 0.154508
9.17361 0.154444
9.17676 0.154389
9.17991 0.15434
9.18307 0.154423
9.18622 0.154495
9.18937 0.154558
9.19252 0.154488
9.19567 0.154427
9.19883 0.154374
9.20198 0.154327
9.20513 0.154411
9.20828 0.154485
9.21143 0.154549
9.21459 0.154481
9.21774 0.15442
9.22089 0.154368
9.22404 0.154447
9.22719 0.154516
9.23035 0.154577
9.2335 0.154504
9.23665 0.154441
9.2398 0.154386
9.24295 0.154338
9.24611 0.154421
9.24926 0.154493
9.25241 0.154556
9.25556 0.154487
9.25871 0.154426
9.26187 0.154373
9.26502 0.154451
9.26817 0.15452
9.27132 0.15458
9.27447 0.154507
9.27763 0.154444
9.28078 0.154388
9.28393 0.15434
9.28708 0.154422
9.29023 0.154495
9.29339 0.154558
9.29654 0.154488
9.29969 0.154427
9.30284 0.154374
9.30599 0.154327
9.30915 0.154411
9.3123 0.154485
9.31545 0.154424
9.3186 0.154371
9.32175 0.154325
9.32491 0.154284
9.32806 0.154374
9.33121 0.154452
9.33436 0.15452
9.33751 0.154455
9.34067 0.154398
9.34382 0.154349
9.34697 0.154305
9.35012 0.154392
9.35327 0.154468
9.35643 0.154534
9.35958 0.154468
9.36273 0.154409
9.36588 0.154358
9.36903 0.154438
9.37219 0.154508
9.37534 0.15457
9.37849 0.154499
9.38164 0.154436
9.38479 0.154382
9.38795 0.154334
9.3911 0.154417
9.39425 0.15449
9.3974 0.154554
9.40055 0.154485
9.40371 0.154424
9.40686 0.154371
9.41001 0.15445
9.41316 0.154518
9.41631 0.154579
9.41947 0.154506
9.42262 0.154443
9.42577 0.154388
9.42892 0.154339
9.43207 0.154422
9.43523 0.154494
9.43838 0.154557
9.44153 0.154488
9.44468 0.154427
9.44783 0.154373
9.45099 0.154327
9.45414 0.154411
9.45729 0.154484
9.46044 0.154549
9.46359 0.15448
9.46675 0.15442
9.4699 0.154368
9.47305 0.154447
9.4762 0.154516
9.47935 0.154576
9.48251 0.154504
9.48566 0.154441
9.48881 0.154386
9.49196 0.154338
9.49511 0.154421
9.49827 0.154493
9.50142 0.154556
9.50457 0.154487
9.50772 0.154426
9.51087 0.154373
9.51403 0.154451
9.51718 0.15452
9.52033 0.15458
9.52348 0.154507
9.52663 0.154444
9.52979 0.154388
9.53294 0.15434
9.53609 0.154422
9.53924 0.154495
9.54239 0.154558
9.54555 0.154488
9.5487 0.154427
9.55185 0.154374
9.555 0.154452
9.55815 0.15452
9.56131 0.15458
9.56446 0.154508
9.56761 0.154444
9.57076 0.154389
9.57391 0.15434
9.57706 0.154423
9.58022 0.154495
9.58337 0.154558
9.58652 0.154488
9.58967 0.154427
9.59282 0.154374
9.59598 0.154327
9.59913 0.154411
9.60228 0.154485
9.60543 0.154549
9.60858 0.154481
9.61174 0.15442
9.61489 0.154368
9.61804 0.154447
9.62119 0.154516
9.62434 0.154577
9.6275 0.154504
9.63065 0.154441
9.6338 0.154386
9.63695 0.154338
9.6401 0.154421
9.64326 0.154493
9.64641 0.154556
9.64956 0.154487
9.65271 0.154426
9.65586 0.154373
9.65902 0.154451
9.66217 0.154895
9.66532 0.155283
9.66847 0.155623
9.67162 0.155795
9.67478 0.155945
9.67793 0.156077
9.68108 0.156318
9.68423 0.156528
9.68738 0.156712
9.69054 0.156873
9.69369 0.156889
9.69684 0.156903
9.69999 0.156915
9.70314 0.157051
9.7063 0.157169
9.70945 0.157273
9.7126 0.157239
9.71575 0.157209
9.7189 0.157183
9.72206 0.157285
9.72521 0.157374
9.72836 0.157453
9.73151 0.157521
9.73466 0.157456
9.73782 0.157399
9.74097 0.157349
9.74412 0.15743
9.74727 0.157502
9.75042 0.157564
9.75358 0.157618
9.75673 0.157541
9.75988 0.157473
9.76303 0.157539
9.76618 0.157597
9.76934 0.157647
9.77249 0.157691
9.77564 0.157605
9.77879 0.157529
9.78194 0.157463
9.7851 0.15753
9.78825 0.157589
9.7914 0.15764
9.79455 0.157685
9.7977 0.1576
9.80086 0.157525
9.80401 0.157584
9.80716 0.157636
9.81031 0.157682
9.81346 0.157721
9.81662 0.157631
9.81977 0.157552
9.82292 0.157483
9.82607 0.157548
9.82922 0.157604
9.83238 0.157654
9.83553 0.157697
9.83868 0.15761
9.84183 0.157534
9.84498 0.157467
9.84814 0.157534
9.85129 0.157592
9.85444 0.157643
9.85759 0.157688
9.86074 0.157602
9.8639 0.157526
9.86705 0.157586
9.8702 0.157637
9.87335 0.157683
9.8765 0.157722
9.87966 0.157632
9.88281 0.157553
9.88596 0.157484
9.88911 0.157548
9.89226 0.157605
9.89542 0.157654
9.89857 0.157697
9.90172 0.15761
9.90487 0.157534
9.90802 0.157592
9.91118 0.157643
9.91433 0.157688
9.91748 0.157727
9.92063 0.157636
9.92378 0.157556
9.92694 0.157487
9.93009 0.157551
9.93324 0.157607
9.93639 0.157656
9.93954 0.157699
9.9427 0.157612
9.94585 0.157535
9.949 0.157593
9.95215 0.157644
9.9553 0.157689
9.95846 0.157728
9.96161 0.157637
9.96476 0.157557
9.96791 0.157487
9.97106 0.157552
9.97422 0.157608
9.97737 0.157657
9.98052 0.1577
9.98367 0.157612
9.98682 0.157536
9.98998 0.157469
9.99313 0.157535
9.99628 0.157593
9.99943 0.157644
10.0026 0.157689
10.0057 0.157602
10.0089 0.157527
10.012 0.157586
10.0152 0.157638
10.0183 0.157683
10.0215 0.157723
10.0246 0.157632
10.0278 0.157553
10.031 0.157484
10.0341 0.157549
10.0373 0.157605
10.0404 0.157654
10.0436 0.157698
10.0467 0.15761
10.0499 0.157534
10.053 0.157592
10.0562 0.157643
10.0593 0.157688
10.0625 0.157727
10.0656 0.157636
10.0688 0.157557
10.0719 0.157487
10.0751 0.157551
10.0782 0.157607
10.0814 0.157656
10.0845 0.157699
10.0877 0.157612
10.0908 0.157535
10.094 0.157468
10.0971 0.157535
10.1003 0.157593
10.1034 0.157644
10.1066 0.157563
10.1098 0.157493
10.1129 0.157431
10.1161 0.157502
10.1192 0.157565
10.1224 0.157619
10.1255 0.157667
10.1287 0.157583
10.1318 0.15751
10.135 0.157447
10.1381 0.157516
10.1413 0.157576
10.1444 0.157629
10.1476 0.157676
10.1507 0.157591
10.1539 0.157517
10.157 0.157578
10.1602 0.15763
10.1633 0.157677
10.1665 0.157717
10.1696 0.157627
10.1728 0.157549
10.1759 0.15748
10.1791 0.157545
10.1822 0.157602
10.1854 0.157652
10.1886 0.157695
10.1917 0.157608
10.1949 0.157532
10.198 0.157591
10.2012 0.157642
10.2043 0.157687
10.2075 0.157726
10.2106 0.157635
10.2138 0.157556
10.2169 0.157486
10.2201 0.157551
10.2232 0.157607
10.2264 0.157656
10.2295 0.157699
10.2327 0.157612
10.2358 0.157535
10.239 0.157468
10.2421 0.157535
10.2453 0.157593
10.2484 0.157644
10.2516 0.157688
10.2547 0.157602
10.2579 0.157527
10.261 0.157586
10.2642 0.157638
10.2674 0.157683
10.2705 0.157723
10.2737 0.157632
10.2768 0.157553
10.28 0.157484
10.2831 0.157549
10.2863 0.157605
10.2894 0.157654
10.2926 0.157698
10.2957 0.15761
10.2989 0.157534
10.302 0.157592
10.3052 0.157643
10.3083 0.157688
10.3115 0.157727
10.3146 0.157636
10.3178 0.157557
10.3209 0.157487
10.3241 0.157551
10.3272 0.157607
10.3304 0.157656
10.3335 0.157699
10.3367 0.157612
10.3398 0.157535
10.343 0.157593
10.3462 0.157644
10.3493 0.157689
10.3525 0.157728
10.3556 0.157637
10.3588 0.157557
10.3619 0.157487
10.3651 0.157552
10.3682 0.157608
10.3714 0.157657
10.3745 0.1577
10.3777 0.157612
10.3808 0.157911
10.384 0.158172
10.3871 0.158525
10.3903 0.158835
10.3934 0.159105
10.3966 0.159342
10.3997 0.159549
10.4029 0.159606
10.406 0.15978
10.4092 0.159932
10.4123 0.160066
10.4155 0.160183
10.4186 0.160285
10.4218 0.160249
10.425 0.160218
10.4281 0.160316
10.4313 0.160401
10.4344 0.160476
10.4376 0.160542
10.4407 0.160599
10.4439 0.160524
10.447 0.160584
10.4502 0.160636
10.4533 0.160681
10.4565 0.160721
10.4596 0.160756
10.4628 0.160661
10.4659 0.160579
10.4691 0.160631
10.4722 0.160677
10.4754 0.160718
10.4785 0.160753
10.4817 0.160784
10.4848 0.160686
10.488 0.1606
10.4911 0.16065
10.4943 0.160694
10.4974 0.160732
10.5006 0.160766
10.5038 0.16067
10.5069 0.160586
10.5101 0.160638
10.5132 0.160683
10.5164 0.160723
10.5195 0.160757
10.5227 0.160788
10.5258 0.160689
10.529 0.160603
10.5321 0.160653
10.5353 0.160696
10.5384 0.160734
10.5416 0.160767
10.5447 0.160796
10.5479 0.160697
10.551 0.160735
10.5542 0.160768
10.5573 0.160797
10.5605 0.160822
10.5636 0.160845
10.5668 0.160739
10.5699 0.160647
10.5731 0.160691
10.5762 0.160729
10.5794 0.160763
10.5826 0.160793
10.5857 0.160819
10.5889 0.160716
10.592 0.160752
10.5952 0.160783
10.5983 0.16081
10.6015 0.160834
10.6046 0.160855
10.6078 0.160748
10.6109 0.160654
10.6141 0.160697
10.6172 0.160735
10.6204 0.160768
10.6235 0.160797
10.6267 0.160823
10.6298 0.16072
10.633 0.16063
10.6361 0.160676
10.6393 0.160717
10.6424 0.160752
10.6456 0.160783
10.6487 0.16081
10.6519 0.160709
10.655 0.160745
10.6582 0.160777
10.6614 0.160805
10.6645 0.160829
10.6677 0.160851
10.6708 0.160744
10.674 0.160651
10.6771 0.160695
10.6803 0.160733
10.6834 0.160766
10.6866 0.160796
10.6897 0.160821
10.6929 0.160719
10.696 0.160754
10.6992 0.160784
10.7023 0.160811
10.7055 0.160835
10.7086 0.160856
10.7118 0.160749
10.7149 0.160655
10.7181 0.160698
10.7212 0.160736
10.7244 0.160769
10.7275 0.160798
10.7307 0.160823
10.7338 0.16072
10.737 0.160755
10.7402 0.160786
10.7433 0.160813
10.7465 0.160836
10.7496 0.160856
10.7528 0.160749
10.7559 0.160656
10.7591 0.160699
10.7622 0.160736
10.7654 0.160769
10.7685 0.160798
10.7717 0.160823
10.7748 0.16072
10.778 0.16063
10.7811 0.160677
10.7843 0.160717
10.7874 0.160752
10.7906 0.160783
10.7937 0.16081
10.7969 0.160709
10.8 0.160745
10.8032 0.160777
10.8063 0.160805
10.8095 0.16083
10.8126 0.160851
10.8158 0.160744
10.819 0.160651
10.8221 0.160695
10.8253 0.160733
10.8284 0.160766
10.8316 0.160796
10.8347 0.160821
10.8379 0.160719
10.841 0.160754
10.8442 0.160785
10.8473 0.160811
10.8505 0.160835
10.8536 0.160856
10.8568 0.160749
10.8599 0.160655
10.8631 0.160698
10.8662 0.160736
10.8694 0.160769
10.8725 0.160798
10.8757 0.160823
10.8788 0.16072
10.882 0.16063
10.8851 0.160676
10.8883 0.160717
10.8914 0.160752
10.8946 0.160783
10.8978 0.160685
10.9009 0.1606
10.9041 0.16065
10.9072 0.160693
10.9104 0.160732
10.9135 0.160765
10.9167 0.160795
10.9198 0.160695
10.923 0.160608
10.9261 0.160657
10.9293 0.1607
10.9324 0.160738
10.9356 0.16077
10.9387 0.160799
10.9419 0.160699
10.945 0.160737
10.9482 0.16077
10.9513 0.160799
10.9545 0.160824
10.9576 0.160846
10.9608 0.16074
10.9639 0.160648
10.9671 0.160692
10.9702 0.16073
10.9734 0.160764
10.9766 0.160793
10.9797 0.160819
10.9829 0.160717
10.986 0.160752
10.9892 0.160783
10.9923 0.16081
10.9955 0.160834
10.9986 0.160855
11.0018 0.160748
11.0049 0.160654
11.0081 0.160698
11.0112 0.160735
11.0144 0.160768
11.0175 0.160797
11.0207 0.160823
11.0238 0.16072
11.027 0.16063
11.0301 0.160676
11.0333 0.160717
11.0364 0.160752
11.0396 0.160783
11.0427 0.16081
11.0459 0.160709
11.049 0.160745
11.0522 0.160777
11.0554 0.160805
11.0585 0.160829
11.0617 0.160851
11.0648 0.160744
11.068 0.160651
11.0711 0.160695
11.0743 0.160733
11.0774 0.160766
11.0806 0.160796
11.0837 0.160821
11.0869 0.160719
11.09 0.160754
11.0932 0.160784
11.0963 0.160811
11.0995 0.16121
11.1026 0.161559
11.1058 0.161864
11.1089 0.162006
11.1121 0.162255
11.1152 0.162473
11.1184 0.162664
11.1215 0.162831
11.1247 0.162977
11.1278 0.163105
11.131 0.163217
11.1342 0.163315
11.1373 0.1634
11.1405 0.163475
11.1436 0.163541
11.1468 0.163598
11.1499 0.163524
11.1531 0.163583
11.1562 0.163635
11.1594 0.163681
11.1625 0.163721
11.1657 0.163756
11.1688 0.163786
11.172 0.163688
11.1751 0.163727
11.1783 0.163761
11.1814 0.163791
11.1846 0.163817
11.1877 0.16384
11.1909 0.16386
11.194 0.163877
11.1972 0.163893
11.2003 0.163906
11.2035 0.163918
11.2066 0.163928
11.2098 0.163937
11.213 0.16382
11.2161 0.163842
11.2193 0.163862
11.2224 0.163879
11.2256 0.163894
11.2287 0.163908
11.2319 0.163919
11.235 0.163929
11.2382 0.163938
11.2413 0.163946
11.2445 0.163953
11.2476 0.163959
11.2508 0.163964
11.2539 0.163843
11.2571 0.163863
11.2602 0.16388
11.2634 0.163895
11.2665 0.163908
11.2697 0.16392
11.2728 0.16393
11.276 0.163813
11.2791 0.163837
11.2823 0.163857
11.2854 0.163875
11.2886 0.163891
11.2918 0.163904
11.2949 0.163791
11.2981 0.163817
11.3012 0.16384
11.3044 0.16386
11.3075 0.163878
11.3107 0.163893
11.3138 0.163906
11.317 0.163793
11.3201 0.163819
11.3233 0.163842
11.3264 0.163861
11.3296 0.163879
11.3327 0.163894
11.3359 0.163907
11.339 0.163919
11.3422 0.163929
11.3453 0.163938
11.3485 0.163946
11.3516 0.163952
11.3548 0.163958
11.3579 0.163839
11.3611 0.163859
11.3642 0.163876
11.3674 0.163892
11.3706 0.163905
11.3737 0.163917
11.3769 0.163928
11.38 0.163937
11.3832 0.163945
11.3863 0.163951
11.3895 0.163958
11.3926 0.163963
11.3958 0.163967
11.3989 0.163847
11.4021 0.163866
11.4052 0.163883
11.4084 0.163897
11.4115 0.16391
11.4147 0.163921
11.4178 0.163931
11.421 0.163815
11.4241 0.163838
11.4273 0.163858
11.4304 0.163876
11.4336 0.163891
11.4367 0.163905
11.4399 0.163917
11.443 0.163927
11.4462 0.163936
11.4494 0.163944
11.4525 0.163951
11.4557 0.163957
11.4588 0.163963
11.462 0.163842
11.4651 0.163862
11.4683 0.163879
11.4714 0.163894
11.4746 0.163908
11.4777 0.163919
11.4809 0.163929
11.484 0.163938
11.4872 0.163946
11.4903 0.163953
11.4935 0.163959
11.4966 0.163964
11.4998 0.163968
11.5029 0.163847
11.5061 0.163866
11.5092 0.163883
11.5124 0.163898
11.5155 0.16391
11.5187 0.163922
11.5218 0.163931
11.525 0.163815
11.5282 0.163838
11.5313 0.163858
11.5345 0.163876
11.5376 0.163892
11.5408 0.163905
11.5439 0.163792
11.5471 0.163818
11.5502 0.163841
11.5534 0.163861
11.5565 0.163878
11.5597 0.163893
11.5628 0.163907
11.566 0.163793
11.5691 0.163819
11.5723 0.163842
11.5754 0.163862
11.5786 0.163879
11.5817 0.163894
11.5849 0.163907
11.588 0.163919
11.5912 0.163929
11.5943 0.163938
11.5975 0.163946
11.6006 0.163952
11.6038 0.163958
11.607 0.163839
11.6101 0.163859
11.6133 0.163876
11.6164 0.163892
11.6196 0.163905
11.6227 0.163917
11.6259 0.163928
11.629 0.163937
11.6322 0.163945
11.6353 0.163951
11.6385 0.163958
11.6416 0.163963
11.6448 0.163967
11.6479 0.163847
11.6511 0.163866
11.6542 0.163883
11.6574 0.163897
11.6605 0.16391
11.6637 0.163921
11.6668 0.163931
11.67 0.163815
11.6731 0.163838
11.6763 0.163858
11.6794 0.163876
11.6826 0.163891
11.6858 0.163905
11.6889 0.163917
11.6921 0.163927
11.6952 0.163936
11.6984 0.163944
11.7015 0.163951
11.7047 0.163957
11.7078 0.163963
11.711 0.163842
11.7141 0.163862
11.7173 0.163879
11.7204 0.163894
11.7236 0.163908
11.7267 0.163919
11.7299 0.163929
11.733 0.163938
11.7362 0.163946
11.7393 0.163953
11.7425 0.163959
11.7456 0.163964
11.7488 0.163968
11.7519 0.163847
11.7551 0.163866
11.7582 0.163883
11.7614 0.163898
11.7646 0.16391
11.7677 0.163922
11.7709 0.163931
11.774 0.16394
11.7772 0.163947
11.7803 0.163954
11.7835 0.16396
11.7866 0.163965
11.7898 0.163969
11.7929 0.163848
11.7961 0.163867
11.7992 0.163884
11.8024 0.163898
11.8055 0.163911
11.8087 0.163922
11.8118 0.163932
11.815 0.164315
11.8181 0.164651
11.8213 0.164945
11.8244 0.165201
11.8276 0.165426
11.8307 0.165623
11.8339 0.165795
11.837 0.166071
11.8402 0.166187
11.8434 0.166289
11.8465 0.166377
11.8497 0.166455
11.8528 0.166523
11.856 0.166583
11.8591 0.166635
11.8623 0.166681
11.8654 0.166721
11.8686 0.166756
11.8717 0.166786
11.8749 0.166813
11.878 0.166961
11.8812 0.166966
11.8843 0.16697
11.8875 0.166974
11.8906 0.166977
11.8938 0.16698
11.8969 0.166983
11.9001 0.166985
11.9032 0.166987
11.9064 0.166988
11.9095 0.16699
11.9127 0.166991
11.9158 0.166992
11.919 0.166993
11.9222 0.166994
11.9253 0.166995
11.9285 0.166995
11.9316 0.166996
11.9348 0.166996
11.9379 0.166997
11.9411 0.166997
11.9442 0.166998
11.9474 0.166998
11.9505 0.166998
11.9537 0.166998
11.9568 0.166999
11.96 0.166999
11.9631 0.166999
11.9663 0.166999
11.9694 0.166999
11.9726 0.166999
11.9757 0.166999
11.9789 0.166999
11.982 0.167125
11.9852 0.167109
11.9883 0.167095
11.9915 0.167083
11.9946 0.167073
11.9978 0.167064
12.001 0.167056
12.0041 0.167049
12.0073 0.167043
12.0104 0.167037
12.0136 0.167033
12.0167 0.167029
12.0199 0.167025
12.023 0.167147
12.0262 0.167129
12.0293 0.167113
12.0325 0.167098
12.0356 0.167086
12.0388 0.167075
12.0419 0.167066
12.0451 0.167058
12.0482 0.16705
12.0514 0.167044
12.0545 0.167039
12.0577 0.167034
12.0608 0.16703
12.064 0.167026
12.0671 0.167023
12.0703 0.16702
12.0734 0.167017
12.0766 0.167015
12.0798 0.167013
12.0829 0.167012
12.0861 0.167135
12.0892 0.167118
12.0924 0.167103
12.0955 0.167091
12.0987 0.167079
12.1018 0.167069
12.105 0.167061
12.1081 0.167053
12.1113 0.167046
12.1144 0.167041
12.1176 0.167036
12.1207 0.167031
12.1239 0.167027
12.127 0.167149
12.1302 0.16713
12.1333 0.167114
12.1365 0.1671
12.1396 0.167087
12.1428 0.167076
12.1459 0.167067
12.1491 0.167058
12.1522 0.167051
12.1554 0.167045
12.1586 0.167039
12.1617 0.167034
12.1649 0.16703
12.168 0.167151
12.1712 0.167132
12.1743 0.167116
12.1775 0.167101
12.1806 0.167089
12.1838 0.167078
12.1869 0.167068
12.1901 0.167059
12.1932 0.167052
12.1964 0.167045
12.1995 0.16704
12.2027 0.167035
12.2058 0.16703
12.209 0.167027
12.2121 0.167023
12.2153 0.16702
12.2184 0.167018
12.2216 0.167016
12.2247 0.167014
12.2279 0.167012
12.231 0.167135
12.2342 0.167119
12.2374 0.167104
12.2405 0.167091
12.2437 0.167079
12.2468 0.167069
12.25 0.167061
12.2531 0.167053
12.2563 0.167047
12.2594 0.167041
12.2626 0.167036
12.2657 0.167031
12.2689 0.167027
12.272 0.167149
12.2752 0.16713
12.2783 0.167114
12.2815 0.1671
12.2846 0.167087
12.2878 0.167076
12.2909 0.167067
12.2941 0.167058
12.2972 0.167051
12.3004 0.167045
12.3035 0.167039
12.3067 0.167034
12.3098 0.16703
12.313 0.167026
12.3162 0.167023
12.3193 0.16702
12.3225 0.167018
12.3256 0.167015
12.3288 0.167013
12.3319 0.167012
12.3351 0.16701
12.3382 0.167009
12.3414 0.167008
12.3445 0.167007
12.3477 0.167006
12.3508 0.167005
12.354 0.167005
12.3571 0.167004
12.3603 0.167004
12.3634 0.167003
12.3666 0.167003
12.3697 0.167002
12.3729 0.167002
12.376 0.167127
12.3792 0.167111
12.3823 0.167097
12.3855 0.167085
12.3886 0.167074
12.3918 0.167065
12.395 0.167057
12.3981 0.16705
12.4013 0.167044
12.4044 0.167038
12.4076 0.167033
12.4107 0.167029
12.4139 0.167026
12.417 0.167147
12.4202 0.167129
12.4233 0.167113
12.4265 0.167099
12.4296 0.167086
12.4328 0.167076
12.4359 0.167066
12.4391 0.167058
12.4422 0.167051
12.4454 0.167044
12.4485 0.167039
12.4517 0.167034
12.4548 0.16703
12.458 0.167026
12.4611 0.167023
12.4643 0.16702
12.4674 0.167017
12.4706 0.167015
12.4738 0.167013
12.4769 0.167012
12.4801 0.167135
12.4832 0.167118
12.4864 0.167104
12.4895 0.167091
12.4927 0.167079
12.4958 0.167069
12.499 0.167061
12.5021 0.167053
12.5053 0.167046
12.5084 0.167041
12.5116 0.167036
12.5147 0.167031
12.5179 0.167027
12.521 0.167149
12.5242 0.16713
12.5273 0.167114
12.5305 0.1671
12.5336 0.167462
12.5368 0.167779
12.5399 0.168057
12.5431 0.168425
12.5462 0.168622
12.5494 0.168794
12.5526 0.168945
12.5557 0.169077
12.5589 0.169192
12.562 0.169418
12.5652 0.169616
12.5683 0.169664
12.5715 0.169706
12.5746 0.169743
12.5778 0.169775
12.5809 0.169803
12.5841 0.169953
12.5872 0.169959
12.5904 0.169964
12.5935 0.169968
12.5967 0.169972
12.5998 0.169976
12.603 0.169979
12.6061 0.170106
12.6093 0.170093
12.6124 0.170081
12.6156 0.170071
12.6187 0.170062
12.6219 0.170055
12.625 0.170173
12.6282 0.170276
12.6314 0.170242
12.6345 0.170211
12.6377 0.170185
12.6408 0.170162
12.644 0.170142
12.6471 0.170249
12.6503 0.170218
12.6534 0.170191
12.6566 0.170167
12.6597 0.170146
12.6629 0.170128
12.666 0.170237
12.6692 0.170332
12.6723 0.170291
12.6755 0.170254
12.6786 0.170222
12.6818 0.170195
12.6849 0.17017
12.6881 0.170274
12.6912 0.17024
12.6944 0.17021
12.6975 0.170184
12.7007 0.170161
12.7038 0.170141
12.707 0.170123
12.7102 0.170233
12.7133 0.170204
12.7165 0.170178
12.7196 0.170156
12.7228 0.170136
12.7259 0.170119
12.7291 0.170229
12.7322 0.170201
12.7354 0.170176
12.7385 0.170154
12.7417 0.170134
12.7448 0.170118
12.748 0.170103
12.7511 0.170215
12.7543 0.170188
12.7574 0.170165
12.7606 0.170144
12.7637 0.170126
12.7669 0.17011
12.77 0.170222
12.7732 0.170319
12.7763 0.170279
12.7795 0.170244
12.7826 0.170214
12.7858 0.170187
12.789 0.170164
12.7921 0.170268
12.7953 0.170235
12.7984 0.170205
12.8016 0.17018
12.8047 0.170157
12.8079 0.170138
12.811 0.170245
12.8142 0.17034
12.8173 0.170297
12.8205 0.17026
12.8236 0.170228
12.8268 0.170199
12.8299 0.170174
12.8331 0.170277
12.8362 0.170243
12.8394 0.170212
12.8425 0.170186
12.8457 0.170163
12.8488 0.170142
12.852 0.170125
12.8551 0.170234
12.8583 0.170205
12.8614 0.170179
12.8646 0.170157
12.8678 0.170137
12.8709 0.17012
12.8741 0.17023
12.8772 0.170326
12.8804 0.170285
12.8835 0.17025
12.8867 0.170219
12.8898 0.170191
12.893 0.170167
12.8961 0.170271
12.8993 0.170237
12.9024 0.170208
12.9056 0.170182
12.9087 0.170159
12.9119 0.170139
12.915 0.170247
12.9182 0.170341
12.9213 0.170298
12.9245 0.170261
12.9276 0.170228
12.9308 0.1702
12.9339 0.170175
12.9371 0.170278
12.9402 0.170243
12.9434 0.170213
12.9466 0.170186
12.9497 0.170163
12.9529 0.170143
12.956 0.17025
12.9592 0.170344
12.9623 0.170301
12.9655 0.170263
12.9686 0.17023
12.9718 0.170201
12.9749 0.170176
12.9781 0.170279
12.9812 0.170244
12.9844 0.170214
12.9875 0.170187
12.9907 0.170164
12.9938 0.170143
12.997 0.170125
13.0001 0.170235
13.0033 0.170205
13.0064 0.17018
13.0096 0.170157
13.0127 0.170138
13.0159 0.17012
13.019 0.17023
13.0222 0.170327
13.0254 0.170286
13.0285 0.17025
13.0317 0.170219
13.0348 0.170191
13.038 0.170167
13.0411 0.170272
13.0443 0.170238
13.0474 0.170208
13.0506 0.170182
13.0537 0.170159
13.0569 0.170139
13.06 0.170247
13.0632 0.170341
13.0663 0.170298
13.0695 0.170261
13.0726 0.170228
13.0758 0.1702
13.0789 0.170175
13.0821 0.170278
13.0852 0.170243
13.0884 0.170213
13.0915 0.170186
13.0947 0.170163
13.0978 0.170143
13.101 0.170125
13.1042 0.170234
13.1073 0.170205
13.1105 0.170179
13.1136 0.170157
13.1168 0.170137
13.1199 0.17012
13.1231 0.17023
13.1262 0.170201
13.1294 0.170176
13.1325 0.170154
13.1357 0.170135
13.1388 0.170118
13.142 0.170103
13.1451 0.170215
13.1483 0.170188
13.1514 0.170165
13.1546 0.170144
13.1577 0.170126
13.1609 0.17011
13.164 0.170222
13.1672 0.170319
13.1703 0.170279
13.1735 0.170244
13.1766 0.170214
13.1798 0.170187
13.183 0.170164
13.1861 0.170268
13.1893 0.170235
13.1924 0.170205
13.1956 0.17018
13.1987 0.170157
13.2019 0.170138
13.205 0.170245
13.2082 0.17034
13.2113 0.170297
13.2145 0.17026
13.2176 0.170228
13.2208 0.170199
13.2239 0.170174
13.2271 0.170277
13.2302 0.170243
13.2334 0.170212
13.2365 0.170186
13.2397 0.170163
13.2428 0.170142
13.246 0.170125
13.2491 0.170234
13.2523 0.170705
13.2554 0.170992
13.2586 0.171243
13.2618 0.171462
13.2649 0.171655
13.2681 0.171948
13.2712 0.172204
13.2744 0.172429
13.2775 0.1725
13.2807 0.172563
13.2838 0.172617
13.287 0.172665
13.2901 0.172832
13.2933 0.172978
13.2964 0.172981
13.2996 0.172983
13.3027 0.172985
13.3059 0.172987
13.309 0.173114
13.3122 0.173224
13.3153 0.173321
13.3185 0.173281
13.3216 0.173246
13.3248 0.173215
13.3279 0.173188
13.3311 0.17329
13.3342 0.173379
13.3374 0.173331
13.3406 0.17329
13.3437 0.173254
13.3469 0.173222
13.35 0.173319
13.3532 0.173404
13.3563 0.173479
13.3595 0.173419
13.3626 0.173367
13.3658 0.173321
13.3689 0.173281
13.3721 0.173371
13.3752 0.173449
13.3784 0.173393
13.3815 0.173344
13.3847 0.173301
13.3878 0.173263
13.391 0.17323
13.3941 0.173327
13.3973 0.173411
13.4004 0.173359
13.4036 0.173315
13.4067 0.173275
13.4099 0.173241
13.413 0.173336
13.4162 0.173419
13.4194 0.173491
13.4225 0.17343
13.4257 0.173376
13.4288 0.173329
13.432 0.173288
13.4351 0.173377
13.4383 0.173455
13.4414 0.173398
13.4446 0.173348
13.4477 0.173305
13.4509 0.173267
13.454 0.173358
13.4572 0.173439
13.4603 0.173509
13.4635 0.173445
13.4666 0.173389
13.4698 0.173341
13.4729 0.173298
13.4761 0.173386
13.4792 0.173463
13.4824 0.173405
13.4855 0.173354
13.4887 0.17331
13.4918 0.173271
13.495 0.173237
13.4982 0.173333
13.5013 0.173416
13.5045 0.173364
13.5076 0.173319
13.5108 0.173279
13.5139 0.173244
13.5171 0.173338
13.5202 0.173421
13.5234 0.173368
13.5265 0.173322
13.5297 0.173282
13.5328 0.173247
13.536 0.173216
13.5391 0.173314
13.5423 0.1734
13.5454 0.17335
13.5486 0.173306
13.5517 0.173268
13.5549 0.173234
13.558 0.17333
13.5612 0.173414
13.5643 0.173487
13.5675 0.173426
13.5706 0.173373
13.5738 0.173326
13.577 0.173285
13.5801 0.173375
13.5833 0.173453
13.5864 0.173396
13.5896 0.173347
13.5927 0.173303
13.5959 0.173266
13.599 0.173357
13.6022 0.173438
13.6053 0.173508
13.6085 0.173444
13.6116 0.173389
13.6148 0.17334
13.6179 0.173298
13.6211 0.173386
13.6242 0.173462
13.6274 0.173405
13.6305 0.173354
13.6337 0.17331
13.6368 0.173271
13.64 0.173237
13.6431 0.173332
13.6463 0.173416
13.6494 0.173364
13.6526 0.173318
13.6558 0.173279
13.6589 0.173244
13.6621 0.173338
13.6652 0.173421
13.6684 0.173493
13.6715 0.173432
13.6747 0.173378
13.6778 0.173331
13.681 0.173289
13.6841 0.173378
13.6873 0.173456
13.6904 0.173399
13.6936 0.173349
13.6967 0.173305
13.6999 0.173267
13.703 0.173359
13.7062 0.173439
13.7093 0.173509
13.7125 0.173445
13.7156 0.17339
13.7188 0.173341
13.7219 0.173298
13.7251 0.173386
13.7282 0.173463
13.7314 0.173405
13.7346 0.173354
13.7377 0.17331
13.7409 0.173271
13.744 0.173362
13.7472 0.173442
13.7503 0.173512
13.7535 0.173448
13.7566 0.173392
13.7598 0.173343
13.7629 0.1733
13.7661 0.173388
13.7692 0.173464
13.7724 0.173406
13.7755 0.173355
13.7787 0.173311
13.7818 0.173272
13.785 0.173238
13.7881 0.173333
13.7913 0.173417
13.7944 0.173365
13.7976 0.173319
13.8007 0.173279
13.8039 0.173244
13.807 0.173339
13.8102 0.173421
13.8134 0.173494
13.8165 0.173432
13.8197 0.173378
13.8228 0.173331
13.826 0.173289
13.8291 0.173378
13.8323 0.173456
13.8354 0.173399
13.8386 0.173349
13.8417 0.173305
13.8449 0.173267
13.848 0.173359
13.8512 0.173439
13.8543 0.173509
13.8575 0.173445
13.8606 0.17339
13.8638 0.173341
13.8669 0.173298
13.8701 0.173386
13.8732 0.173463
13.8764 0.173405
13.8795 0.173354
13.8827 0.17331
13.8858 0.173271
13.889 0.173237
13.8922 0.173333
13.8953 0.173416
13.8985 0.173364
13.9016 0.173319
13.9048 0.173279
13.9079 0.173244
13.9111 0.173338
13.9142 0.173421
13.9174 0.173368
13.9205 0.173322
13.9237 0.173282
13.9268 0.173247
13.93 0.173216
13.9331 0.173314
13.9363 0.1734
13.9394 0.17335
13.9426 0.173306
13.9457 0.173268
13.9489 0.173234
13.952 0.17333
13.9552 0.173414
13.9583 0.173487
13.9615 0.173426
13.9646 0.173373
13.9678 0.173701
13.971 0.173989
13.9741 0.174365
13.9773 0.174694
13.9804 0.174983
13.9836 0.17511
13.9867 0.175221
13.9899 0.175318
13.993 0.175529
13.9962 0.175713
13.9993 0.175873
14.0025 0.176014
14.0056 0.176013
14.0088 0.176011
14.0119 0.17601
14.0151 0.176133
14.0182 0.176242
14.0214 0.176336
14.0245 0.176294
14.0277 0.176258
14.0308 0.176225
14.034 0.176197
14.0371 0.176298
14.0403 0.176385
14.0434 0.176462
14.0466 0.176404
14.0498 0.176354
14.0529 0.17631
14.0561 0.176396
14.0592 0.176471
14.0624 0.176538
14.0655 0.176595
14.0687 0.176521
14.0718 0.176456
14.075 0.176399
14.0781 0.176474
14.0813 0.17654
14.0844 0.176597
14.0876 0.176523
14.0907 0.176457
14.0939 0.1764
14.097 0.176475
14.1002 0.176541
14.1033 0.176598
14.1065 0.176648
14.1096 0.176567
14.1128 0.176496
14.1159 0.176434
14.1191 0.176505
14.1222 0.176567
14.1254 0.176621
14.1286 0.176543
14.1317 0.176475
14.1349 0.176416
14.138 0.176489
14.1412 0.176553
14.1443 0.176609
14.1475 0.176658
14.1506 0.176575
14.1538 0.176504
14.1569 0.176441
14.1601 0.176511
14.1632 0.176572
14.1664 0.176625
14.1695 0.176547
14.1727 0.176479
14.1758 0.176419
14.179 0.176367
14.1821 0.176446
14.1853 0.176515
14.1884 0.176576
14.1916 0.176504
14.1947 0.176441
14.1979 0.176386
14.201 0.176462
14.2042 0.17653
14.2074 0.176588
14.2105 0.17664
14.2137 0.17656
14.2168 0.17649
14.22 0.176429
14.2231 0.1765
14.2263 0.176563
14.2294 0.176617
14.2326 0.17654
14.2357 0.176473
14.2389 0.176414
14.242 0.176487
14.2452 0.176551
14.2483 0.176607
14.2515 0.176656
14.2546 0.176574
14.2578 0.176502
14.2609 0.17644
14.2641 0.17651
14.2672 0.176571
14.2704 0.176625
14.2735 0.176547
14.2767 0.176478
14.2798 0.176418
14.283 0.176366
14.2862 0.176445
14.2893 0.176515
14.2925 0.176575
14.2956 0.176503
14.2988 0.17644
14.3019 0.176385
14.3051 0.176462
14.3082 0.176529
14.3114 0.176588
14.3145 0.176515
14.3177 0.17645
14.3208 0.176394
14.324 0.176345
14.3271 0.176427
14.3303 0.176498
14.3334 0.176561
14.3366 0.176491
14.3397 0.17643
14.3429 0.176376
14.346 0.176454
14.3492 0.176522
14.3523 0.176582
14.3555 0.176634
14.3586 0.176555
14.3618 0.176486
14.3649 0.176425
14.3681 0.176497
14.3713 0.17656
14.3744 0.176615
14.3776 0.176538
14.3807 0.176471
14.3839 0.176412
14.387 0.176485
14.3902 0.17655
14.3933 0.176606
14.3965 0.176655
14.3996 0.176573
14.4028 0.176502
14.4059 0.176439
14.4091 0.176509
14.4122 0.17657
14.4154 0.176624
14.4185 0.176546
14.4217 0.176478
14.4248 0.176418
14.428 0.176366
14.4311 0.176445
14.4343 0.176514
14.4374 0.176575
14.4406 0.176503
14.4437 0.17644
14.4469 0.176385
14.4501 0.176462
14.4532 0.176529
14.4564 0.176588
14.4595 0.17664
14.4627 0.17656
14.4658 0.17649
14.469 0.176429
14.4721 0.1765
14.4753 0.176562
14.4784 0.176617
14.4816 0.17654
14.4847 0.176473
14.4879 0.176413
14.491 0.176487
14.4942 0.176551
14.4973 0.176607
14.5005 0.176656
14.5036 0.176574
14.5068 0.176502
14.5099 0.17644
14.5131 0.17651
14.5162 0.176571
14.5194 0.176625
14.5225 0.176546
14.5257 0.176478
14.5289 0.176418
14.532 0.176491
14.5352 0.176555
14.5383 0.17661
14.5415 0.176659
14.5446 0.176577
14.5478 0.176505
14.5509 0.176442
14.5541 0.176511
14.5572 0.176572
14.5604 0.176626
14.5635 0.176548
14.5667 0.176479
14.5698 0.176419
14.573 0.176367
14.5761 0.176446
14.5793 0.176515
14.5824 0.176576
14.5856 0.176504
14.5887 0.176441
14.5919 0.176386
14.595 0.176463
14.5982 0.17653
14.6013 0.176589
14.6045 0.17664
14.6077 0.17656
14.6108 0.17649
14.614 0.176429
14.6171 0.1765
14.6203 0.176563
14.6234 0.176617
14.6266 0.17654
14.6297 0.176473
14.6329 0.176414
14.636 0.176487
14.6392 0.176551
14.6423 0.176607
14.6455 0.176656
14.6486 0.176574
14.6518 0.176502
14.6549 0.17644
14.6581 0.17651
14.6612 0.176571
14.6644 0.176625
14.6675 0.176547
14.6707 0.176478
14.6738 0.176418
14.677 0.176366
14.6801 0.176445
14.6833 0.176515
14.6865 0.17695
14.6896 0.177332
14.6928 0.17754
14.6959 0.177723
14.6991 0.178007
14.7022 0.178256
14.7054 0.178474
14.7085 0.178665
14.7117 0.178707
14.7148 0.178744
14.718 0.178776
14.7211 0.178929
14.7243 0.179063
14.7274 0.17918
14.7306 0.179282
14.7337 0.179247
14.7369 0.179216
14.74 0.179314
14.7432 0.1794
14.7463 0.179475
14.7495 0.17954
14.7526 0.179598
14.7558 0.179523
14.7589 0.179458
14.7621 0.179526
14.7653 0.179585
14.7684 0.179637
14.7716 0.179682
14.7747 0.179597
14.7779 0.179522
14.781 0.179582
14.7842 0.179634
14.7873 0.17968
14.7905 0.17972
14.7936 0.179755
14.7968 0.179661
14.7999 0.179578
14.8031 0.179631
14.8062 0.179677
14.8094 0.179717
14.8125 0.179753
14.8157 0.179659
14.8188 0.179576
14.822 0.179504
14.8251 0.179566
14.8283 0.17962
14.8314 0.179668
14.8346 0.179709
14.8377 0.179621
14.8409 0.179543
14.8441 0.1796
14.8472 0.17965
14.8504 0.179694
14.8535 0.179732
14.8567 0.179766
14.8598 0.17967
14.863 0.179586
14.8661 0.179638
14.8693 0.179683
14.8724 0.179723
14.8756 0.179757
14.8787 0.179663
14.8819 0.17958
14.885 0.179632
14.8882 0.179678
14.8913 0.179719
14.8945 0.179754
14.8976 0.179785
14.9008 0.179686
14.9039 0.179601
14.9071 0.179651
14.9102 0.179694
14.9134 0.179732
14.9165 0.179766
14.9197 0.17967
14.9229 0.179586
14.926 0.179638
14.9292 0.179683
14.9323 0.179723
14.9355 0.179758
14.9386 0.179788
14.9418 0.179689
14.9449 0.179603
14.9481 0.179653
14.9512 0.179696
14.9544 0.179734
14.9575 0.179767
14.9607 0.179671
14.9638 0.179588
14.967 0.179514
14.9701 0.179575
14.9733 0.179628
14.9764 0.179674
14.9796 0.179715
14.9827 0.179626
14.9859 0.179548
14.989 0.179604
14.9922 0.179654
14.9953 0.179697
14.9985 0.179735
15.0017 0.179768
15.0048 0.179672
15.008 0.179588
15.0111 0.179639
15.0143 0.179685
15.0174 0.179724
15.0206 0.179758
15.0237 0.179664
15.0269 0.179581
15.03 0.179633
15.0332 0.179679
15.0363 0.179719
15.0395 0.179754
15.0426 0.179785
15.0458 0.179687
15.0489 0.179601
15.0521 0.179651
15.0552 0.179694
15.0584 0.179733
15.0615 0.179766
15.0647 0.17967
15.0678 0.179587
15.071 0.179513
15.0741 0.179574
15.0773 0.179627
15.0805 0.179674
15.0836 0.179715
15.0868 0.179625
15.0899 0.179547
15.0931 0.179604
15.0962 0.179653
15.0994 0.179697
15.1025 0.179735
15.1057 0.179643
15.1088 0.179562
15.112 0.179492
15.1151 0.179556
15.1183 0.179611
15.1214 0.17966
15.1246 0.179702
15.1277 0.179614
15.1309 0.179538
15.134 0.179595
15.1372 0.179646
15.1403 0.17969
15.1435 0.179729
15.1466 0.179763
15.1498 0.179668
15.1529 0.179584
15.1561 0.179636
15.1593 0.179682
15.1624 0.179721
15.1656 0.179756
15.1687 0.179662
15.1719 0.179579
15.175 0.179632
15.1782 0.179678
15.1813 0.179718
15.1845 0.179753
15.1876 0.179784
15.1908 0.179686
15.1939 0.1796
15.1971 0.17965
15.2002 0.179694
15.2034 0.179732
15.2065 0.179766
15.2097 0.17967
15.2128 0.179586
15.216 0.179513
15.2191 0.179574
15.2223 0.179627
15.2254 0.179674
15.2286 0.179714
15.2317 0.179625
15.2349 0.179547
15.2381 0.179604
15.2412 0.179653
15.2444 0.179697
15.2475 0.179734
15.2507 0.179768
15.2538 0.179672
15.257 0.179588
15.2601 0.179639
15.2633 0.179684
15.2664 0.179724
15.2696 0.179758
15.2727 0.179664
15.2759 0.179581
15.279 0.179633
15.2822 0.179679
15.2853 0.179719
15.2885 0.179754
15.2916 0.179785
15.2948 0.179687
15.2979 0.179601
15.3011 0.179651
15.3042 0.179694
15.3074 0.179733
15.3105 0.179766
15.3137 0.17967
15.3169 0.179587
15.32 0.179638
15.3232 0.179683
15.3263 0.179723
15.3295 0.179758
15.3326 0.179788
15.3358 0.179689
15.3389 0.179603
15.3421 0.179653
15.3452 0.179696
15.3484 0.179734
15.3515 0.179767
15.3547 0.179672
15.3578 0.179588
15.361 0.179514
15.3641 0.179575
15.3673 0.179628
15.3704 0.179674
15.3736 0.179715
15.3767 0.179626
15.3799 0.179548
15.383 0.179604
15.3862 0.179654
15.3893 0.179697
15.3925 0.179735
15.3957 0.179768
15.3988 0.179672
15.402 0.179588
15.4051 0.179639
15.4083 0.179685
15.4114 0.179724
15.4146 0.179758
15.4177 0.179664
15.4209 0.179581
15.424 0.179633
15.4272 0.179679
15.4303 0.179719
15.4335 0.179754
15.4366 0.179785
15.4398 0.179687
15.4429 0.179601
15.4461 0.179651
15.4492 0.179694
15.4524 0.179733
15.4555 0.179766
15.4587 0.17967
15.4618 0.179587
15.465 0.179513
15.4681 0.179574
15.4713 0.179627
15.4745 0.179674
15.4776 0.179715
15.4808 0.179625
15.4839 0.179547
15.4871 0.179604
15.4902 0.179653
15.4934 0.179697
15.4965 0.179735
15.4997 0.179643
15.5028 0.179562
15.506 0.179492
15.5091 0.179556
15.5123 0.179611
15.5154 0.17966
15.5186 0.179702
15.5217 0.179614
15.5249 0.179538
15.528 0.179595
15.5312 0.179646
15.5343 0.17969
15.5375 0.179729
15.5406 0.179763
15.5438 0.179668
15.5469 0.179584
15.5501 0.179636
15.5533 0.179682
15.5564 0.179721
15.5596 0.179756
15.5627 0.179662
15.5659 0.179579
15.569 0.179632
15.5722 0.179678
15.5753 0.179718
15.5785 0.179753
15.5816 0.179784
15.5848 0.179686
15.5879 0.1796
15.5911 0.17965
15.5942 0.179694
15.5974 0.179732
15.6005 0.179766
15.6037 0.17967
15.6068 0.179586
15.61 0.179513
15.6131 0.179574
15.6163 0.179627
15.6194 0.179674
15.6226 0.179714
15.6257 0.179625
15.6289 0.179547
15.6321 0.179604
15.6352 0.179653
15.6384 0.179697
15.6415 0.179734
15.6447 0.179768
15.6478 0.179672
15.651 0.179588
15.6541 0.179639
15.6573 0.179684
15.6604 0.179724
15.6636 0.179758
15.6667 0.179664
15.6699 0.179581
15.673 0.179633
15.6762 0.179679
15.6793 0.179719
15.6825 0.179754
15.6856 0.179785
15.6888 0.179687
15.6919 0.179601
15.6951 0.179651
15.6982 0.179694
15.7014 0.180108
15.7045 0.180469
15.7077 0.180786
15.7109 0.180937
15.714 0.181195
15.7172 0.181421
15.7203 0.181618
15.7235 0.181791
15.7266 0.181942
15.7298 0.182074
15.7329 0.182065
15.7361 0.182182
15.7392 0.182284
15.7424 0.182374
15.7455 0.182452
15.7487 0.18252
15.7518 0.182455
15.755 0.182398
15.7581 0.182474
15.7613 0.182539
15.7644 0.182597
15.7676 0.182647
15.7707 0.182691
15.7739 0.182605
15.777 0.182654
15.7802 0.182698
15.7833 0.182735
15.7865 0.182768
15.7897 0.182797
15.7928 0.182823
15.796 0.18272
15.7991 0.182755
15.8023 0.182786
15.8054 0.182812
15.8086 0.182836
15.8117 0.182856
15.8149 0.182749
15.818 0.182781
15.8212 0.182808
15.8243 0.182832
15.8275 0.182853
15.8306 0.182871
15.8338 0.182887
15.8369 0.182777
15.8401 0.182804
15.8432 0.182829
15.8464 0.18285
15.8495 0.182869
15.8527 0.182885
15.8558 0.182775
15.859 0.182678
15.8621 0.182718
15.8653 0.182753
15.8685 0.182784
15.8716 0.182811
15.8748 0.182835
15.8779 0.18273
15.8811 0.182764
15.8842 0.182794
15.8874 0.182819
15.8905 0.182842
15.8937 0.182862
15.8968 0.182754
15.9 0.18266
15.9031 0.182702
15.9063 0.18274
15.9094 0.182772
15.9126 0.182801
15.9157 0.182825
15.9189 0.182722
15.922 0.182757
15.9252 0.182787
15.9283 0.182814
15.9315 0.182837
15.9346 0.182858
15.9378 0.182875
15.9409 0.182766
15.9441 0.182795
15.9473 0.182821
15.9504 0.182843
15.9536 0.182863
15.9567 0.18288
15.9599 0.18277
15.963 0.182799
15.9662 0.182824
15.9693 0.182846
15.9725 0.182865
15.9756 0.182882
15.9788 0.182897
15.9819 0.182785
15.9851 0.182812
15.9882 0.182835
15.9914 0.182856
15.9945 0.182874
15.9977 0.18289
16.0008 0.182778
16.004 0.182681
16.0071 0.182721
16.0103 0.182756
16.0134 0.182786
16.0166 0.182813
16.0197 0.182836
16.0229 0.182732
16.0261 0.182765
16.0292 0.182795
16.0324 0.18282
16.0355 0.182843
16.0387 0.182862
16.0418 0.18288
16.045 0.18277
16.0481 0.182798
16.0513 0.182824
16.0544 0.182846
16.0576 0.182865
16.0607 0.182882
16.0639 0.182772
16.067 0.1828
16.0702 0.182825
16.0733 0.182847
16.0765 0.182866
16.0796 0.182883
16.0828 0.182898
16.0859 0.182785
16.0891 0.182812
16.0922 0.182836
16.0954 0.182856
16.0985 0.182874
16.1017 0.18289
16.1049 0.182779
16.108 0.182806
16.1112 0.182831
16.1143 0.182852
16.1175 0.18287
16.1206 0.182886
16.1238 0.182901
16.1269 0.182788
16.1301 0.182815
16.1332 0.182838
16.1364 0.182858
16.1395 0.182876
16.1427 0.182891
16.1458 0.18278
16.149 0.182682
16.1521 0.182722
16.1553 0.182757
16.1584 0.182787
16.1616 0.182814
16.1647 0.182837
16.1679 0.182732
16.171 0.182766
16.1742 0.182795
16.1773 0.182821
16.1805 0.182843
16.1837 0.182863
16.1868 0.18288
16.19 0.18277
16.1931 0.182799
16.1963 0.182824
16.1994 0.182846
16.2026 0.182865
16.2057 0.182882
16.2089 0.182772
16.212 0.1828
16.2152 0.182825
16.2183 0.182847
16.2215 0.182866
16.2246 0.182883
16.2278 0.182898
16.2309 0.182785
16.2341 0.182812
16.2372 0.182836
16.2404 0.182856
16.2435 0.182874
16.2467 0.18289
16.2498 0.182779
16.253 0.182681
16.2561 0.182721
16.2593 0.182756
16.2625 0.182787
16.2656 0.182813
16.2688 0.182837
16.2719 0.182732
16.2751 0.182765
16.2782 0.182795
16.2814 0.18282
16.2845 0.182843
16.2877 0.182863
16.2908 0.182755
16.294 0.18266
16.2971 0.182703
16.3003 0.18274
16.3034 0.182772
16.3066 0.182801
16.3097 0.182826
16.3129 0.182723
16.316 0.182757
16.3192 0.182788
16.3223 0.182814
16.3255 0.182837
16.3286 0.182858
16.3318 0.182875
16.3349 0.182766
16.3381 0.182795
16.3413 0.182821
16.3444 0.182843
16.3476 0.182863
16.3507 0.18288
16.3539 0.18277
16.357 0.182799
16.3602 0.182824
16.3633 0.182846
16.3665 0.182865
16.3696 0.182882
16.3728 0.182897
16.3759 0.182785
16.3791 0.182812
16.3822 0.182835
16.3854 0.182856
16.3885 0.182874
16.3917 0.18289
16.3948 0.182778
16.398 0.182681
16.4011 0.182721
16.4043 0.182756
16.4074 0.182786
16.4106 0.182813
16.4137 0.182836
16.4169 0.182732
16.4201 0.182765
16.4232 0.182795
16.4264 0.18282
16.4295 0.182843
16.4327 0.182862
16.4358 0.18288
16.439 0.18277
16.4421 0.182798
16.4453 0.182824
16.4484 0.182846
16.4516 0.182865
16.4547 0.182882
16.4579 0.182772
16.461 0.1828
16.4642 0.182825
16.4673 0.182847
16.4705 0.182866
16.4736 0.182883
16.4768 0.182898
16.4799 0.182785
16.4831 0.182812
16.4862 0.182836
16.4894 0.182856
16.4925 0.182874
16.4957 0.18289
16.4989 0.182779
16.502 0.182806
16.5052 0.182831
16.5083 0.182852
16.5115 0.18287
16.5146 0.182886
16.5178 0.182901
16.5209 0.182788
16.5241 0.182815
16.5272 0.182838
16.5304 0.182858
16.5335 0.182876
16.5367 0.182891
16.5398 0.18278
16.543 0.182682
16.5461 0.182722
16.5493 0.182757
16.5524 0.182787
16.5556 0.182814
16.5587 0.182837
16.5619 0.182732
16.565 0.182766
16.5682 0.182795
16.5713 0.182821
16.5745 0.182843
16.5777 0.182863
16.5808 0.18288
16.584 0.18277
16.5871 0.182799
16.5903 0.182824
16.5934 0.182846
16.5966 0.182865
16.5997 0.182882
16.6029 0.182772
16.606 0.1828
16.6092 0.182825
16.6123 0.182847
16.6155 0.182866
16.6186 0.182883
16.6218 0.182898
16.6249 0.182785
16.6281 0.182812
16.6312 0.182836
16.6344 0.182856
16.6375 0.182874
16.6407 0.18289
16.6438 0.182779
16.647 0.182681
16.6501 0.182721
16.6533 0.182756
16.6565 0.182787
16.6596 0.182813
16.6628 0.182837
16.6659 0.182732
16.6691 0.182765
16.6722 0.182795
16.6754 0.18282
16.6785 0.182843
16.6817 0.182863
16.6848 0.182755
16.688 0.18266
16.6911 0.182703
16.6943 0.18274
16.6974 0.182772
16.7006 0.182801
16.7037 0.182826
16.7069 0.182723
16.71 0.182757
16.7132 0.182788
16.7163 0.182814
16.7195 0.182837
16.7226 0.182858
16.7258 0.182875
16.7289 0.182766
16.7321 0.182795
16.7353 0.182821
16.7384 0.182843
16.7416 0.182863
16.7447 0.18288
16.7479 0.18277
16.751 0.182799
16.7542 0.182824
16.7573 0.182846
16.7605 0.182865
16.7636 0.182882
16.7668 0.182897
16.7699 0.182785
16.7731 0.182812
16.7762 0.18321
16.7794 0.183559
16.7825 0.183864
16.7857 0.184131
16.7888 0.184365
16.792 0.184444
16.7951 0.184639
16.7983 0.184809
16.8014 0.184958
16.8046 0.185088
16.8077 0.185202
16.8109 0.185302
16.8141 0.185389
16.8172 0.185465
16.8204 0.185532
16.8235 0.185591
16.8267 0.185642
16.8298 0.185687
16.833 0.185726
16.8361 0.18576
16.8393 0.18579
16.8424 0.185816
16.8456 0.185839
16.8487 0.185859
16.8519 0.185877
16.855 0.185892
16.8582 0.185906
16.8613 0.185918
16.8645 0.185928
16.8676 0.185937
16.8708 0.185945
16.8739 0.185952
16.8771 0.185958
16.8802 0.185963
16.8834 0.185968
16.8865 0.185972
16.8897 0.185975
16.8929 0.185978
16.896 0.185981
16.8992 0.185983
16.9023 0.185985
16.9055 0.185987
16.9086 0.185989
16.9118 0.18599
16.9149 0.185991
16.9181 0.185993
16.9212 0.185993
16.9244 0.185994
16.9275 0.185995
16.9307 0.185996
16.9338 0.185996
16.937 0.185872
16.9401 0.185888
16.9433 0.185902
16.9464 0.185914
16.9496 0.185925
16.9527 0.185934
16.9559 0.185942
16.959 0.18595
16.9622 0.185956
16.9653 0.185961
16.9685 0.185966
16.9717 0.18597
16.9748 0.185974
16.978 0.185977
16.9811 0.18598
16.9843 0.185983
16.9874 0.185985
16.9906 0.185987
16.9937 0.185988
16.9969 0.18599
17 0.185991
17.0032 0.185992
17.0063 0.185993
17.0095 0.185994
17.0126 0.185995
17.0158 0.185995
17.0189 0.185996
17.0221 0.185997
17.0252 0.185997
17.0284 0.185997
17.0315 0.185998
17.0347 0.185998
17.0378 0.185998
17.041 0.185873
17.0441 0.185889
17.0473 0.185903
17.0505 0.185915
17.0536 0.185926
17.0568 0.185935
17.0599 0.185943
17.0631 0.18595
17.0662 0.185957
17.0694 0.185962
17.0725 0.185967
17.0757 0.185971
17.0788 0.185975
17.082 0.185853
17.0851 0.185871
17.0883 0.185887
17.0914 0.185901
17.0946 0.185914
17.0977 0.185924
17.1009 0.185934
17.104 0.185942
17.1072 0.185949
17.1103 0.185956
17.1135 0.185961
17.1166 0.185966
17.1198 0.18597
17.1229 0.185974
17.1261 0.185977
17.1293 0.18598
17.1324 0.185983
17.1356 0.185985
17.1387 0.185987
17.1419 0.185988
17.145 0.18599
17.1482 0.185991
17.1513 0.185992
17.1545 0.185993
17.1576 0.185994
17.1608 0.185995
17.1639 0.185995
17.1671 0.185996
17.1702 0.185996
17.1734 0.185997
17.1765 0.185997
17.1797 0.185998
17.1828 0.185998
17.186 0.185873
17.1891 0.185889
17.1923 0.185903
17.1954 0.185915
17.1986 0.185926
17.2017 0.185935
17.2049 0.185943
17.2081 0.18595
17.2112 0.185956
17.2144 0.185962
17.2175 0.185967
17.2207 0.185971
17.2238 0.185974
17.227 0.185978
17.2301 0.18598
17.2333 0.185983
17.2364 0.185985
17.2396 0.185987
17.2427 0.185989
17.2459 0.18599
17.249 0.185991
17.2522 0.185992
17.2553 0.185993
17.2585 0.185994
17.2616 0.185995
17.2648 0.185995
17.2679 0.185996
17.2711 0.185997
17.2742 0.185997
17.2774 0.185997
17.2805 0.185998
17.2837 0.185998
17.2869 0.185998
17.29 0.185998
17.2932 0.185999
17.2963 0.185999
17.2995 0.185999
17.3026 0.185999
17.3058 0.185999
17.3089 0.185999
17.3121 0.185999
17.3152 0.185999
17.3184 0.186
17.3215 0.186
17.3247 0.186
17.3278 0.186
17.331 0.185875
17.3341 0.18589
17.3373 0.185904
17.3404 0.185916
17.3436 0.185927
17.3467 0.185936
17.3499 0.185944
17.353 0.185951
17.3562 0.185957
17.3593 0.185962
17.3625 0.185967
17.3657 0.185971
17.3688 0.185975
17.372 0.185978
17.3751 0.185981
17.3783 0.185983
17.3814 0.185985
17.3846 0.185987
17.3877 0.185989
17.3909 0.18599
17.394 0.185991
17.3972 0.185992
17.4003 0.185993
17.4035 0.185994
17.4066 0.185995
17.4098 0.185996
17.4129 0.185996
17.4161 0.185997
17.4192 0.185997
17.4224 0.185997
17.4255 0.185998
17.4287 0.185998
17.4318 0.185998
17.435 0.185873
17.4381 0.185889
17.4413 0.185903
17.4445 0.185915
17.4476 0.185926
17.4508 0.185935
17.4539 0.185943
17.4571 0.18595
17.4602 0.185957
17.4634 0.185962
17.4665 0.185967
17.4697 0.185971
17.4728 0.185975
17.476 0.185853
17.4791 0.185871
17.4823 0.185887
17.4854 0.185901
17.4886 0.185914
17.4917 0.185924
17.4949 0.185934
17.498 0.185942
17.5012 0.185949
17.5043 0.185956
17.5075 0.185961
17.5106 0.185966
17.5138 0.18597
17.5169 0.185974
17.5201 0.185977
17.5233 0.18598
17.5264 0.185983
17.5296 0.185985
17.5327 0.185987
17.5359 0.185988
17.539 0.18599
17.5422 0.185991
17.5453 0.185992
17.5485 0.185993
17.5516 0.185994
17.5548 0.185995
17.5579 0.185995
17.5611 0.185996
17.5642 0.185996
17.5674 0.185997
17.5705 0.185997
17.5737 0.185998
17.5768 0.185998
17.58 0.185873
17.5831 0.185889
17.5863 0.185903
17.5894 0.185915
17.5926 0.185926
17.5957 0.185935
17.5989 0.185943
17.6021 0.18595
17.6052 0.185956
17.6084 0.185962
17.6115 0.185967
17.6147 0.185971
17.6178 0.185974
17.621 0.185978
17.6241 0.18598
17.6273 0.185983
17.6304 0.185985
17.6336 0.185987
17.6367 0.185989
17.6399 0.18599
17.643 0.185991
17.6462 0.185992
17.6493 0.185993
17.6525 0.185994
17.6556 0.185995
17.6588 0.185995
17.6619 0.185996
17.6651 0.185997
17.6682 0.185997
17.6714 0.185997
17.6745 0.185998
17.6777 0.185998
17.6809 0.185998
17.684 0.185998
17.6872 0.185999
17.6903 0.185999
17.6935 0.185999
17.6966 0.185999
17.6998 0.185999
17.7029 0.185999
17.7061 0.185999
17.7092 0.185999
17.7124 0.186
17.7155 0.186
17.7187 0.186
17.7218 0.186
17.725 0.185875
17.7281 0.18589
17.7313 0.185904
17.7344 0.185916
17.7376 0.185927
17.7407 0.185936
17.7439 0.185944
17.747 0.185951
17.7502 0.185957
17.7533 0.185962
17.7565 0.185967
17.7597 0.185971
17.7628 0.185975
17.766 0.185978
17.7691 0.185981
17.7723 0.185983
17.7754 0.185985
17.7786 0.185987
17.7817 0.185989
17.7849 0.18599
17.788 0.185991
17.7912 0.185992
17.7943 0.185993
17.7975 0.185994
17.8006 0.185995
17.8038 0.185996
17.8069 0.185996
17.8101 0.185997
17.8132 0.185997
17.8164 0.185997
17.8195 0.185998
17.8227 0.185998
17.8258 0.185998
17.829 0.185873
17.8321 0.185889
17.8353 0.185903
17.8385 0.185915
17.8416 0.185926
17.8448 0.185935
17.8479 0.185943
17.8511 0.18645
17.8542 0.186769
17.8574 0.187048
17.8605 0.187292
17.8637 0.187505
17.8668 0.187692
17.87 0.187856
17.8731 0.187999
17.8763 0.188124
17.8794 0.188233
17.8826 0.188329
17.8857 0.188413
17.8889 0.188486
17.892 0.188676
17.8952 0.188716
17.8983 0.188752
17.9015 0.188783
17.9046 0.18881
17.9078 0.188834
17.9109 0.188854
17.9141 0.188998
17.9173 0.188998
17.9204 0.188998
17.9236 0.188998
17.9267 0.188999
17.9299 0.188999
17.933 0.189124
17.9362 0.189108
17.9393 0.189095
17.9425 0.189083
17.9456 0.189073
17.9488 0.189064
17.9519 0.189056
17.9551 0.189174
17.9582 0.189152
17.9614 0.189133
17.9645 0.189116
17.9677 0.189102
17.9708 0.189089
17.974 0.189078
17.9771 0.189068
17.9803 0.18906
17.9834 0.189052
17.9866 0.189046
17.9897 0.18904
17.9929 0.189035
17.9961 0.189156
17.9992 0.189136
18.0024 0.189119
18.0055 0.189104
18.0087 0.189091
18.0118 0.18908
18.015 0.18907
18.0181 0.189186
18.0213 0.189163
18.0244 0.189142
18.0276 0.189125
18.0307 0.189109
18.0339 0.189095
18.037 0.189209
18.0402 0.189182
18.0433 0.18916
18.0465 0.18914
18.0496 0.189122
18.0528 0.189107
18.0559 0.189094
18.0591 0.189207
18.0622 0.189181
18.0654 0.189158
18.0685 0.189139
18.0717 0.189121
18.0749 0.189106
18.078 0.189218
18.0812 0.189191
18.0843 0.189167
18.0875 0.189146
18.0906 0.189128
18.0938 0.189112
18.0969 0.189098
18.1001 0.189211
18.1032 0.189184
18.1064 0.189161
18.1095 0.189141
18.1127 0.189123
18.1158 0.189108
18.119 0.189094
18.1221 0.189083
18.1253 0.189072
18.1284 0.189063
18.1316 0.189055
18.1347 0.189048
18.1379 0.189042
18.141 0.189162
18.1442 0.189142
18.1473 0.189124
18.1505 0.189109
18.1537 0.189095
18.1568 0.189083
18.16 0.189073
18.1631 0.189189
18.1663 0.189165
18.1694 0.189144
18.1726 0.189126
18.1757 0.189111
18.1789 0.189097
18.182 0.18921
18.1852 0.189183
18.1883 0.189161
18.1915 0.18914
18.1946 0.189123
18.1978 0.189108
18.2009 0.189094
18.2041 0.189207
18.2072 0.189181
18.2104 0.189159
18.2135 0.189139
18.2167 0.189122
18.2198 0.189106
18.223 0.189093
18.2261 0.189081
18.2293 0.189071
18.2325 0.189062
18.2356 0.189055
18.2388 0.189048
18.2419 0.189042
18.2451 0.189162
18.2482 0.189141
18.2514 0.189124
18.2545 0.189108
18.2577 0.189095
18.2608 0.189083
18.264 0.189072
18.2671 0.189063
18.2703 0.189056
18.2734 0.189049
18.2766 0.189042
18.2797 0.189037
18.2829 0.189033
18.286 0.189153
18.2892 0.189134
18.2923 0.189117
18.2955 0.189103
18.2986 0.18909
18.3018 0.189079
18.3049 0.189069
18.3081 0.189185
18.3113 0.189162
18.3144 0.189142
18.3176 0.189124
18.3207 0.189109
18.3239 0.189095
18.327 0.189208
18.3302 0.189182
18.3333 0.189159
18.3365 0.189139
18.3396 0.189122
18.3428 0.189107
18.3459 0.189093
18.3491 0.189207
18.3522 0.189181
18.3554 0.189158
18.3585 0.189138
18.3617 0.189121
18.3648 0.189106
18.368 0.189093
18.3711 0.189081
18.3743 0.189071
18.3774 0.189062
18.3806 0.189054
18.3837 0.189048
18.3869 0.189042
18.3901 0.189161
18.3932 0.189141
18.3964 0.189124
18.3995 0.189108
18.4027 0.189095
18.4058 0.189083
18.409 0.189072
18.4121 0.189188
18.4153 0.189165
18.4184 0.189144
18.4216 0.189126
18.4247 0.18911
18.4279 0.189097
18.431 0.18921
18.4342 0.189183
18.4373 0.18916
18.4405 0.18914
18.4436 0.189123
18.4468 0.189107
18.4499 0.189094
18.4531 0.189207
18.4562 0.189181
18.4594 0.189159
18.4625 0.189139
18.4657 0.189122
18.4689 0.189106
18.472 0.189218
18.4752 0.189191
18.4783 0.189167
18.4815 0.189146
18.4846 0.189128
18.4878 0.189112
18.4909 0.189098
18.4941 0.189211
18.4972 0.189184
18.5004 0.189161
18.5035 0.189141
18.5067 0.189123
18.5098 0.189108
18.513 0.189095
18.5161 0.189083
18.5193 0.189072
18.5224 0.189063
18.5256 0.189055
18.5287 0.189048
18.5319 0.189042
18.535 0.189162
18.5382 0.189142
18.5413 0.189124
18.5445 0.189109
18.5477 0.189095
18.5508 0.189083
18.554 0.189073
18.5571 0.189189
18.5603 0.189165
18.5634 0.189144
18.5666 0.189126
18.5697 0.189111
18.5729 0.189097
18.576 0.18921
18.5792 0.189183
18.5823 0.189161
18.5855 0.18914
18.5886 0.189123
18.5918 0.189108
18.5949 0.189094
18.5981 0.189207
18.6012 0.189181
18.6044 0.189159
18.6075 0.189139
18.6107 0.189122
18.6138 0.189106
18.617 0.189093
18.6201 0.189081
18.6233 0.189071
18.6265 0.189062
18.6296 0.189055
18.6328 0.189048
18.6359 0.189042
18.6391 0.189162
18.6422 0.189141
18.6454 0.189124
18.6485 0.189108
18.6517 0.189095
18.6548 0.189083
18.658 0.189072
18.6611 0.189063
18.6643 0.189056
18.6674 0.189049
18.6706 0.189042
18.6737 0.189037
18.6769 0.189033
18.68 0.189153
18.6832 0.189134
18.6863 0.189117
18.6895 0.189103
18.6926 0.18909
18.6958 0.189079
18.6989 0.189069
18.7021 0.189185
18.7053 0.189162
18.7084 0.189142
18.7116 0.189124
18.7147 0.189109
18.7179 0.189095
18.721 0.189208
18.7242 0.189182
18.7273 0.189159
18.7305 0.189139
18.7336 0.189122
18.7368 0.189107
18.7399 0.189093
18.7431 0.189207
18.7462 0.189181
18.7494 0.189158
18.7525 0.189138
18.7557 0.189121
18.7588 0.189106
18.762 0.189093
18.7651 0.189081
18.7683 0.189071
18.7714 0.189062
18.7746 0.189054
18.7777 0.189048
18.7809 0.189042
18.7841 0.189161
18.7872 0.189141
18.7904 0.189124
18.7935 0.189108
18.7967 0.189095
18.7998 0.189083
18.803 0.189072
18.8061 0.189188
18.8093 0.189165
18.8124 0.189144
18.8156 0.189126
18.8187 0.18911
18.8219 0.189097
18.825 0.18921
18.8282 0.189183
18.8313 0.18916
18.8345 0.18914
18.8376 0.189123
18.8408 0.189107
18.8439 0.189094
18.8471 0.189207
18.8502 0.189181
18.8534 0.189159
18.8565 0.189139
18.8597 0.189122
18.8629 0.189106
18.866 0.189218
18.8692 0.189191
18.8723 0.189167
18.8755 0.189146
18.8786 0.189128
18.8818 0.189112
18.8849 0.189098
18.8881 0.189211
18.8912 0.189184
18.8944 0.189161
18.8975 0.189141
18.9007 0.189123
18.9038 0.189108
18.907 0.189095
18.9101 0.189083
18.9133 0.189072
18.9164 0.189063
18.9196 0.189055
18.9227 0.189048
18.9259 0.189417
18.929 0.189865
18.9322 0.190257
18.9353 0.190475
18.9385 0.190666
18.9417 0.190832
18.9448 0.190978
18.948 0.191106
18.9511 0.191343
18.9543 0.19155
18.9574 0.191606
18.9606 0.191655
18.9637 0.191698
18.9669 0.191736
18.97 0.191894
18.9732 0.192032
18.9763 0.192028
18.9795 0.192025
18.9826 0.192022
18.9858 0.192019
18.9889 0.192017
18.9921 0.19214
18.9952 0.192247
18.9984 0.192216
19.0015 0.192189
19.0047 0.192166
19.0078 0.192145
19.011 0.192127
19.0141 0.192236
19.0173 0.192206
19.0205 0.192181
19.0236 0.192158
19.0268 0.192138
19.0299 0.192121
19.0331 0.192231
19.0362 0.192327
19.0394 0.192286
19.0425 0.19225
19.0457 0.192219
19.0488 0.192192
19.052 0.192168
19.0551 0.192272
19.0583 0.192238
19.0614 0.192208
19.0646 0.192182
19.0677 0.192159
19.0709 0.192139
19.074 0.192247
19.0772 0.192341
19.0803 0.192298
19.0835 0.192261
19.0866 0.192229
19.0898 0.1922
19.0929 0.192175
19.0961 0.192278
19.0993 0.192368
19.1024 0.192322
19.1056 0.192282
19.1087 0.192247
19.1119 0.192216
19.115 0.192314
19.1182 0.1924
19.1213 0.19235
19.1245 0.192306
19.1276 0.192268
19.1308 0.192234
19.1339 0.192205
19.1371 0.192304
19.1402 0.192391
19.1434 0.192342
19.1465 0.1923
19.1497 0.192262
19.1528 0.192229
19.156 0.192201
19.1591 0.192301
19.1623 0.192263
19.1654 0.19223
19.1686 0.192201
19.1717 0.192176
19.1749 0.192154
19.1781 0.19226
19.1812 0.192352
19.1844 0.192308
19.1875 0.19227
19.1907 0.192236
19.1938 0.192207
19.197 0.192181
19.2001 0.192283
19.2033 0.192373
19.2064 0.192326
19.2096 0.192285
19.2127 0.19225
19.2159 0.192219
19.219 0.192316
19.2222 0.192402
19.2253 0.192351
19.2285 0.192308
19.2316 0.192269
19.2348 0.192235
19.2379 0.192206
19.2411 0.192305
19.2442 0.192392
19.2474 0.192343
19.2505 0.1923
19.2537 0.192263
19.2569 0.19223
19.26 0.192326
19.2632 0.19241
19.2663 0.192359
19.2695 0.192314
19.2726 0.192275
19.2758 0.192241
19.2789 0.19221
19.2821 0.192309
19.2852 0.192396
19.2884 0.192346
19.2915 0.192303
19.2947 0.192265
19.2978 0.192232
19.301 0.192203
19.3041 0.192303
19.3073 0.192265
19.3104 0.192232
19.3136 0.192203
19.3167 0.192177
19.3199 0.192155
19.323 0.192261
19.3262 0.192353
19.3293 0.192309
19.3325 0.19227
19.3357 0.192237
19.3388 0.192207
19.342 0.192181
19.3451 0.192283
19.3483 0.192373
19.3514 0.192326
19.3546 0.192286
19.3577 0.19225
19.3609 0.192219
19.364 0.192316
19.3672 0.192402
19.3703 0.192352
19.3735 0.192308
19.3766 0.192269
19.3798 0.192236
19.3829 0.192206
19.3861 0.192305
19.3892 0.192392
19.3924 0.192343
19.3955 0.1923
19.3987 0.192263
19.4018 0.19223
19.405 0.192201
19.4081 0.192301
19.4113 0.192263
19.4145 0.19223
19.4176 0.192202
19.4208 0.192176
19.4239 0.192154
19.4271 0.19226
19.4302 0.192353
19.4334 0.192309
19.4365 0.19227
19.4397 0.192236
19.4428 0.192207
19.446 0.192181
19.4491 0.192283
19.4523 0.192248
19.4554 0.192217
19.4586 0.19219
19.4617 0.192166
19.4649 0.192145
19.468 0.192252
19.4712 0.192346
19.4743 0.192302
19.4775 0.192265
19.4806 0.192232
19.4838 0.192203
19.4869 0.192177
19.4901 0.19228
19.4933 0.19237
19.4964 0.192324
19.4996 0.192283
19.5027 0.192248
19.5059 0.192217
19.509 0.192315
19.5122 0.1924
19.5153 0.19235
19.5185 0.192307
19.5216 0.192268
19.5248 0.192235
19.5279 0.192205
19.5311 0.192305
19.5342 0.192392
19.5374 0.192343
19.5405 0.1923
19.5437 0.192262
19.5468 0.19223
19.55 0.192201
19.5531 0.192301
19.5563 0.192263
19.5594 0.19223
19.5626 0.192201
19.5657 0.192176
19.5689 0.192154
19.5721 0.19226
19.5752 0.192352
19.5784 0.192308
19.5815 0.19227
19.5847 0.192236
19.5878 0.192207
19.591 0.192181
19.5941 0.192283
19.5973 0.192373
19.6004 0.192326
19.6036 0.192285
19.6067 0.19225
19.6099 0.192219
19.613 0.192316
19.6162 0.192402
19.6193 0.192351
19.6225 0.192308
19.6256 0.192269
19.6288 0.192235
19.6319 0.192206
19.6351 0.192305
19.6382 0.192392
19.6414 0.192343
19.6445 0.1923
19.6477 0.192263
19.6509 0.19223
19.654 0.192326
19.6572 0.19241
19.6603 0.192359
19.6635 0.192314
19.6666 0.192275
19.6698 0.192241
19.6729 0.19221
19.6761 0.192309
19.6792 0.192396
19.6824 0.192346
19.6855 0.192303
19.6887 0.192265
19.6918 0.192232
19.695 0.192203
19.6981 0.192303
19.7013 0.192265
19.7044 0.192232
19.7076 0.192203
19.7107 0.192177
19.7139 0.192155
19.717 0.192261
19.7202 0.192353
19.7233 0.192309
19.7265 0.19227
19.7297 0.192237
19.7328 0.192207
19.736 0.192181
19.7391 0.192283
19.7423 0.192373
19.7454 0.192326
19.7486 0.192286
19.7517 0.19225
19.7549 0.192219
19.758 0.192316
19.7612 0.192402
19.7643 0.192352
19.7675 0.192308
19.7706 0.192269
19.7738 0.192236
19.7769 0.192206
19.7801 0.192305
19.7832 0.192392
19.7864 0.192343
19.7895 0.1923
19.7927 0.192263
19.7958 0.19223
19.799 0.192201
19.8021 0.192301
19.8053 0.192263
19.8085 0.19223
19.8116 0.192202
19.8148 0.192176
19.8179 0.192154
19.8211 0.19226
19.8242 0.192353
19.8274 0.192309
19.8305 0.19227
19.8337 0.192236
19.8368 0.192207
19.84 0.192181
19.8431 0.192283
19.8463 0.192248
19.8494 0.192217
19.8526 0.19219
19.8557 0.192166
19.8589 0.192145
19.862 0.192252
19.8652 0.192346
19.8683 0.192302
19.8715 0.192265
19.8746 0.192232
19.8778 0.192203
19.8809 0.192177
19.8841 0.19228
19.8873 0.19237
19.8904 0.192324
19.8936 0.192283
19.8967 0.192248
19.8999 0.192217
19.903 0.192315
19.9062 0.1924
19.9093 0.19235
19.9125 0.192307
19.9156 0.192268
19.9188 0.192235
19.9219 0.192205
19.9251 0.192305
19.9282 0.192392
19.9314 0.192343
19.9345 0.1923
19.9377 0.192262
19.9408 0.19223
19.944 0.192201
19.9471 0.192301
19.9503 0.192263
19.9534 0.19223
19.9566 0.192201
19.9597 0.192176
19.9629 0.192154
19.9661 0.19226
19.9692 0.192352
19.9724 0.192308
19.9755 0.19227
19.9787 0.192236
19.9818 0.192207
19.985 0.192181
19.9881 0.192283
19.9913 0.192373
19.9944 0.192326
19.9976 0.192285
20.0007 0.192625
20.0039 0.192922
20.007 0.193306
20.0102 0.193643
20.0133 0.193938
20.0165 0.194071
20.0196 0.194187
20.0228 0.194288
20.0259 0.194377
20.0291 0.19458
20.0322 0.194758
20.0354 0.194913
20.0385 0.194924
20.0417 0.194933
20.0449 0.194942
20.048 0.195074
20.0512 0.19519
20.0543 0.195291
20.0575 0.195255
20.0606 0.195223
20.0638 0.195195
20.0669 0.195171
20.0701 0.195274
20.0732 0.195365
20.0764 0.195444
20.0795 0.195389
20.0827 0.19534
20.0858 0.195298
20.089 0.19526
20.0921 0.195353
20.0953 0.195434
20.0984 0.19538
