0.0 0
0.0905768 4294967295
0.18279 4294967295
0.276537 4294967295
0.370283 4294967295
0.462454 4294967295
0.465606 4294967295
0.5562 4294967295
0.559352 4294967295
0.562504 4294967295
0.649946 4294967295
0.653098 4294967295
0.65625 4294967295
0.659402 4294967295
0.742117 4294967295
0.745269 4294967295
0.748421 4294967295
0.751573 4294967295
0.754725 4294967295
0.757877 4294967295
0.834287 4294967295
0.837439 4294967295
0.840591 4294967295
0.843743 4294967295
0.846895 4294967295
0.850047 4294967295
0.853199 4294967295
0.856351 4294967295
0.859503 4294967295
0.926458 4294967295
0.92961 4294967295
0.932762 4294967295
0.935914 4294967295
0.939066 4294967295
0.942218 4294967295
0.94537 4294967295
0.948522 4294967295
0.951674 4294967295
0.954826 4294967295
0.957978 4294967295
0.96113 4294967295
0.964282 4294967295
0.967434 4294967295
1.0202 4294967295
1.02336 4294967295
1.02651 4294967295
1.02966 4294967295
1.03281 4294967295
1.03596 4294967295
1.03912 4294967295
1.04227 4294967295
1.04542 4294967295
1.04857 4294967295
1.05172 4294967295
1.05488 4294967295
1.05803 4294967295
1.06118 4294967295
1.06433 4294967295
1.06748 4294967295
1.07064 4294967295
1.07379 4294967295
1.07694 4294967295
1.08009 4294967295
1.08324 4294967295
1.11395 4294967295
1.1171 4294967295
1.12025 4294967295
1.12341 4294967295
1.12656 4294967295
1.12971 4294967295
1.13286 4294967295
1.13601 4294967295
1.13917 4294967295
1.14232 4294967295
1.14547 4294967295
1.14862 4294967295
1.15177 4294967295
1.15493 4294967295
1.15808 4294967295
1.16123 4294967295
1.16438 4294967295
1.16753 4294967295
1.17069 4294967295
1.17384 4294967295
1.17699 4294967295
1.18014 4294967295
1.18329 4294967295
1.18645 4294967295
1.1896 4294967295
1.19275 4294967295
1.1959 4294967295
1.19905 4294967295
1.20221 4294967295
1.20536 4294967295
1.20851 4294967295
1.21166 4294967295
1.21481 4294967295
1.21797 4294967295
1.22112 4294967295
1.22427 4294967295
1.22742 4294967295
1.23057 4294967295
1.23373 4294967295
1.23688 4294967295
1.24003 4294967295
1.24318 4294967295
1.24633 4294967295
1.24949 4294967295
1.25264 4294967295
1.25579 4294967295
1.25894 4294967295
1.26209 4294967295
1.26525 4294967295
1.2684 4294967295
1.27155 4294967295
1.2747 4294967295
1.27785 4294967295
1.28101 4294967295
1.28416 4294967295
1.28731 4294967295
1.29046 4294967295
1.29361 4294967295
1.29677 4294967295
1.29992 4294967295
1.30307 4294967295
1.30622 4294967295
1.30937 4294967295
1.31253 4294967295
1.31568 4294967295
1.31883 4294967295
1.32198 4294967295
1.32513 4294967295
1.32829 4294967295
1.33144 4294967295
1.33459 4294967295
1.33774 4294967295
1.34089 4294967295
1.34405 4294967295
1.3472 4294967295
1.35035 4294967295
1.3535 4294967295
1.35665 4294967295
1.35981 4294967295
1.36296 4294967295
1.36611 4294967295
1.36926 4294967295
1.37241 4294967295
1.37557 4294967295
1.37872 4294967295
1.38187 4294967295
1.38502 4294967295
1.38817 4294967295
1.39133 4294967295
1.39448 4294967295
1.39763 4294967295
1.40078 4294967295
1.40393 4294967295
1.40709 4294967295
1.41024 4294967295
1.41339 4294967295
1.41654 4294967295
1.41969 4294967295
1.42285 4294967295
1.426 4294967295
1.42915 4294967295
1.4323 4294967295
1.43545 4294967295
1.43861 4294967295
1.44176 4294967295
1.44491 4294967295
1.44806 4294967295
1.45121 4294967295
1.45437 4294967295
1.45752 4294967295
1.46067 4294967295
1.46382 4294967295
1.46697 4294967295
1.47013 4294967295
1.47328 4294967295
1.47643 4294967295
1.47958 4294967295
1.48273 4294967295
1.48589 4294967295
1.48904 4294967295
1.49219 4294967295
1.49534 4294967295
1.49849 4294967295
1.50165 4294967295
1.5048 4294967295
1.50795 4294967295
1.5111 4294967295
1.51425 4294967295
1.51741 4294967295
1.52056 4294967295
1.52371 4294967295
1.52686 4294967295
1.53001 4294967295
1.53317 4294967295
1.53632 4294967295
1.53947 4294967295
1.54262 4294967295
1.54577 4294967295
1.54893 4294967295
1.55208 4294967295
1.55523 4294967295
1.55838 4294967295
1.56153 4294967295
1.56469 4294967295
1.56784 4294967295
1.57099 4294967295
1.57414 4294967295
1.57729 4294967295
1.58045 4294967295
1.5836 4294967295
1.58675 4294967295
1.5899 4294967295
1.59305 4294967295
1.59621 4294967295
1.59936 4294967295
1.60251 4294967295
1.60566 4294967295
1.60881 4294967295
1.61197 4294967295
1.61512 4294967295
1.61827 4294967295
1.62142 4294967295
1.62457 4294967295
1.62773 4294967295
1.63088 4294967295
1.63403 4294967295
1.63718 4294967295
1.64033 4294967295
1.64349 4294967295
1.64664 4294967295
1.64979 4294967295
1.65294 4294967295
1.65609 4294967295
1.65925 4294967295
1.6624 4294967295
1.66555 4294967295
1.6687 4294967295
1.67185 4294967295
1.67501 4294967295
1.67816 4294967295
1.68131 4294967295
1.68446 4294967295
1.68761 4294967295
1.69077 4294967295
1.69392 4294967295
1.69707 4294967295
1.70022 4294967295
1.70337 4294967295
1.70653 4294967295
1.70968 4294967295
1.71283 4294967295
1.71598 4294967295
1.71913 4294967295
1.72229 4294967295
1.72544 4294967295
1.72859 4294967295
1.73174 4294967295
1.73489 4294967295
1.73805 4294967295
1.7412 4294967295
1.74435 4294967295
1.7475 4294967295
1.75065 4294967295
1.75381 4294967295
1.75696 4294967295
1.76011 4294967295
1.76326 4294967295
1.76641 4294967295
1.76957 4294967295
1.77272 4294967295
1.77587 4294967295
1.77902 4294967295
1.78217 4294967295
1.78533 4294967295
1.78848 4294967295
1.79163 4294967295
1.79478 4294967295
1.79793 4294967295
1.80109 4294967295
1.80424 4294967295
1.80739 4294967295
1.81054 4294967295
1.81369 4294967295
1.81685 4294967295
1.82 4294967295
1.82315 4294967295
1.8263 4294967295
1.82945 4294967295
1.83261 4294967295
1.83576 4294967295
1.83891 4294967295
1.84206 4294967295
1.84521 4294967295
1.84837 4294967295
1.85152 4294967295
1.85467 4294967295
1.85782 4294967295
1.86097 4294967295
1.86413 4294967295
1.86728 4294967295
1.87043 4294967295
1.87358 4294967295
1.87673 4294967295
1.87989 4294967295
1.88304 4294967295
1.88619 4294967295
1.88934 4294967295
1.89249 4294967295
1.89565 4294967295
1.8988 4294967295
1.90195 4294967295
1.9051 4294967295
1.90825 4294967295
1.91141 4294967295
1.91456 4294967295
1.91771 4294967295
1.92086 4294967295
1.92401 4294967295
1.92717 4294967295
1.93197 54400
1.93197 54400
2.73565 54400
2.74046 27030
2.74046 27030
3.03194 27030
3.03509 27030
3.03825 27030
3.0414 27030
3.04455 27030
3.0477 27030
3.05085 27030
3.05401 27030
3.05716 27030
3.06031 27030
3.06346 27030
3.06661 27030
3.06977 27030
3.07449 27030
3.07765 27030
3.0808 27030
3.08395 27030
3.0871 27030
3.09025 27030
3.09341 27030
3.09656 27030
3.09971 27030
3.10286 27030
3.10601 27030
3.10917 27030
3.11232 27030
3.11547 27030
3.11862 27030
3.12177 27030
3.12493 27030
3.12808 27030
3.13123 27030
3.13438 27030
3.13753 27030
3.14069 27030
3.14384 27030
3.14699 27030
3.15014 27030
3.15329 27030
3.15645 27030
3.1596 27030
3.16275 27030
3.1659 27030
3.16905 27030
3.17221 27030
3.17536 27030
3.17851 27030
3.18166 27030
3.18481 27030
3.18797 27030
3.19112 27030
3.19427 27030
3.19742 27030
3.20057 27030
3.20373 27030
3.20688 27030
3.21003 27030
3.21318 27030
3.21633 27030
3.21949 27030
3.22264 27030
3.22579 27030
3.22894 27030
3.23209 27030
3.23525 27030
3.2384 27030
3.24155 27030
3.2447 27030
3.24785 27030
3.25101 27030
3.25416 27030
3.25731 27030
3.26046 27030
3.26361 27030
3.26677 27030
3.26992 27030
3.27307 27030
3.27622 27030
3.27937 27030
3.28252 27030
3.28568 27030
3.28883 27030
3.29198 27030
3.29513 27030
3.29828 27030
3.30144 27030
3.30459 27030
3.30774 27030
3.31089 27030
3.31404 27030
3.3172 27030
3.32035 27030
3.3235 27030
3.32665 27030
3.3298 27030
3.33296 27030
3.33611 27030
3.33926 27030
3.34241 27030
3.34556 27030
3.34872 27030
3.35187 27030
3.35502 27030
3.35817 27030
3.36132 27030
3.36448 27030
3.36763 27030
3.37078 27030
3.37393 27030
3.37708 27030
3.38024 27030
3.38339 27030
3.38654 27030
3.38969 27030
3.39284 27030
3.396 27030
3.39915 27030
3.4023 27030
3.40545 27030
3.4086 27030
3.41176 27030
3.41491 27030
3.41806 27030
3.42121 27030
3.42436 27030
3.42752 27030
3.43067 27030
3.43382 27030
3.43697 27030
3.44012 27030
3.44328 27030
3.44643 27030
3.44958 27030
3.45273 27030
3.45588 27030
3.45904 27030
3.46219 27030
3.46534 27030
3.46849 27030
3.47164 27030
3.4748 27030
3.47795 27030
3.4811 27030
3.48425 27030
3.4874 27030
3.49056 27030
3.49371 27030
3.49686 27030
3.50001 27030
3.50316 27030
3.50632 27030
3.50947 27030
3.51262 27030
3.51577 27030
3.51892 27030
3.52208 27030
3.52523 27030
3.52838 27030
3.53153 27030
3.53468 27030
3.53784 27030
3.54099 27030
3.54414 27030
3.54729 27030
3.55044 27030
3.5536 27030
3.55675 27030
3.5599 27030
3.56305 27030
3.5662 27030
3.56936 27030
3.57251 27030
3.57566 27030
3.57881 27030
3.58196 27030
3.58512 27030
3.58827 27030
3.59142 27030
3.59457 27030
3.59772 27030
3.60088 27030
3.60403 27030
3.60718 27030
3.61033 27030
3.61348 27030
3.61664 27030
3.61979 27030
3.62294 27030
3.62609 27030
3.62924 27030
3.6324 27030
3.63555 27030
3.6387 27030
3.64185 27030
3.645 27030
3.64816 27030
3.65131 27030
3.65446 27030
3.65761 27030
3.66076 27030
3.66392 27030
3.66707 27030
3.67022 27030
3.67337 27030
3.67652 27030
3.67968 27030
3.68283 27030
3.68598 27030
3.68913 27030
3.69228 27030
3.69544 27030
3.69859 27030
3.70174 27030
3.70489 27030
3.70804 27030
3.7112 27030
3.71435 27030
3.7175 27030
3.72065 27030
3.7238 27030
3.72696 27030
3.73011 27030
3.73326 27030
3.73641 27030
3.73956 27030
3.74272 27030
3.74587 27030
3.74902 27030
3.75217 27030
3.75532 27030
3.75848 27030
3.76163 27030
3.76478 27030
3.76793 27030
3.77108 27030
3.77424 27030
3.77739 27030
3.78054 27030
3.78369 27030
3.78684 27030
3.79 27030
3.79315 27030
3.7963 27030
3.79945 27030
3.8026 27030
3.80576 27030
3.80891 27030
3.81206 27030
3.81521 27030
3.81836 27030
3.82152 27030
3.82467 27030
3.82782 27030
3.83097 27030
3.83412 27030
3.83728 27030
3.84043 27030
3.84358 27030
3.84673 27030
3.84988 27030
3.85304 27030
3.85619 27030
3.85934 27030
3.86249 27030
3.86564 27030
3.8688 27030
3.87195 27030
3.8751 27030
3.87825 27030
3.8814 27030
3.88456 27030
3.88771 27030
3.89086 27030
3.89401 27030
3.89716 27030
3.90032 27030
3.90347 27030
3.90662 27030
3.90977 27030
3.91292 27030
3.91608 27030
3.91923 27030
3.92238 27030
3.92553 27030
3.92868 27030
3.93184 27030
3.93499 27030
3.93814 27030
3.94129 27030
3.94444 27030
3.9476 27030
3.95075 27030
3.9539 27030
3.95705 27030
3.9602 27030
3.96336 27030
3.96651 27030
3.96966 27030
3.97281 27030
3.97596 27030
3.97912 27030
3.98227 27030
3.98542 27030
3.98857 27030
3.99172 27030
3.99488 27030
3.99803 27030
4.00118 27030
4.00433 27030
4.00748 27030
4.01064 27030
4.01379 27030
4.01694 27030
4.02009 27030
4.02324 27030
4.0264 27030
4.02955 27030
4.0327 27030
4.03585 27030
4.039 27030
4.04216 27030
4.04531 27030
4.04846 27030
4.05161 27030
4.05476 27030
4.05792 27030
4.06107 27030
4.06422 27030
4.06737 27030
4.07052 27030
4.07368 27030
4.07683 27030
4.07998 27030
4.08313 27030
4.08628 27030
4.08944 27030
4.09259 27030
4.09574 27030
4.09889 27030
4.10204 27030
4.1052 27030
4.10835 27030
4.1115 27030
4.11465 27030
4.1178 27030
4.12096 27030
4.12411 27030
4.12726 27030
4.13041 27030
4.13356 27030
4.13672 27030
4.13987 27030
4.14302 27030
4.14617 27030
4.14932 27030
4.15248 27030
4.15563 27030
4.15878 27030
4.16193 27030
4.16508 27030
4.16824 27030
4.17139 27030
4.17454 27030
4.17769 27030
4.18084 27030
4.184 27030
4.18715 27030
4.1903 27030
4.19345 27030
4.1966 27030
4.19976 27030
4.20291 27030
4.20606 27030
4.20921 27030
4.21236 27030
4.21552 27030
4.21867 27030
4.22182 27030
4.22497 27030
4.22812 27030
4.23128 27030
4.23443 27030
4.23758 27030
4.24073 27030
4.24388 27030
4.24704 27030
4.25019 27030
4.25334 27030
4.25649 27030
4.25964 27030
4.2628 27030
4.26595 27030
4.2691 27030
4.27225 27030
4.2754 27030
4.27856 27030
4.28171 27030
4.28486 27030
4.28801 27030
4.29116 27030
4.29432 27030
4.29747 27030
4.30062 27030
4.30377 27030
4.30692 27030
4.31008 27030
4.31323 27030
4.31638 27030
4.31953 27030
4.32268 27030
4.32584 27030
4.32899 27030
4.33214 27030
4.33529 27030
4.33844 27030
4.3416 27030
4.34475 27030
4.3479 27030
4.35105 27030
4.3542 27030
4.35736 27030
4.36051 27030
4.36366 27030
4.36681 27030
4.36996 27030
4.37312 27030
4.37627 27030
4.37942 27030
4.38257 27030
4.38572 27030
4.38888 27030
4.39203 27030
4.39518 27030
4.39833 27030
4.40148 27030
4.40464 27030
4.40779 27030
4.41094 27030
4.41409 27030
4.41724 27030
4.4204 27030
4.42355 27030
4.4267 27030
4.42985 27030
4.433 27030
4.43616 27030
4.43931 27030
4.44246 27030
4.44561 27030
4.44876 27030
4.45192 27030
4.45507 27030
4.45822 27030
4.46137 27030
4.46452 27030
4.46768 27030
4.47083 27030
4.47398 27030
4.47713 27030
4.48028 27030
4.48344 27030
4.48659 27030
4.48974 27030
4.49289 27030
4.49604 27030
4.4992 27030
4.50235 27030
4.5055 27030
4.50865 27030
4.5118 27030
4.51496 27030
4.51811 27030
4.52126 27030
4.52441 27030
4.52756 27030
4.53072 27030
4.53387 27030
4.53702 27030
4.54017 27030
4.54332 27030
4.54648 27030
4.54963 27030
4.55278 27030
4.55593 27030
4.55908 27030
4.56224 27030
4.56539 27030
4.56854 27030
4.57169 27030
4.57484 27030
4.578 27030
4.58115 27030
4.5843 27030
4.58745 27030
4.5906 27030
4.59376 27030
4.59691 27030
4.60006 27030
4.60321 27030
4.60636 27030
4.60952 27030
4.61267 27030
4.61582 27030
4.61897 27030
4.62212 27030
4.62528 27030
4.62843 27030
4.63158 27030
4.63473 27030
4.63788 27030
4.64104 27030
4.64419 27030
4.64734 27030
4.65049 27030
4.65364 27030
4.6568 27030
4.65995 27030
4.6631 27030
4.66625 27030
4.6694 27030
4.67256 27030
4.67571 27030
4.67886 27030
4.68201 27030
4.68516 27030
4.68832 27030
4.69147 27030
4.69462 27030
4.69777 27030
4.70092 27030
4.70408 27030
4.70723 27030
4.71038 27030
4.71353 27030
4.71668 27030
4.71984 27030
4.72299 27030
4.72614 27030
4.72929 27030
4.73244 27030
4.7356 27030
4.73875 27030
4.7419 27030
4.74505 27030
4.7482 27030
4.75136 27030
4.75451 27030
4.75766 27030
4.76081 27030
4.76396 27030
4.76712 27030
4.77027 27030
4.77342 27030
4.77657 27030
4.77972 27030
4.78288 27030
4.78603 27030
4.78918 27030
4.79233 27030
4.79548 27030
4.79864 27030
4.80179 27030
4.80494 27030
4.80809 27030
4.81124 27030
4.8144 27030
4.81755 27030
4.8207 27030
4.82385 27030
4.827 27030
4.83016 27030
4.83331 27030
4.83646 27030
4.83961 27030
4.84276 27030
4.84592 27030
4.84907 27030
4.85222 27030
4.85537 27030
4.85852 27030
4.86168 27030
4.86483 27030
4.86798 27030
4.87113 27030
4.87428 27030
4.87744 27030
4.88059 27030
4.88374 27030
4.88689 27030
4.89004 27030
4.8932 27030
4.89635 27030
4.8995 27030
4.90265 27030
4.9058 27030
4.90896 27030
4.91211 27030
4.91526 27030
4.91841 27030
4.92156 27030
4.92472 27030
4.92787 27030
4.93102 27030
4.93417 27030
4.93732 27030
4.94048 27030
4.94363 27030
4.94678 27030
4.94993 27030
4.95308 27030
4.95624 27030
4.95939 27030
4.96254 27030
4.96569 27030
4.96884 27030
4.972 27030
4.97515 27030
4.9783 27030
4.98145 27030
4.9846 27030
4.98776 27030
4.99091 27030
4.99406 27030
4.99721 27030
5.00036 27030
5.00352 27030
5.00667 27030
5.00982 27030
5.01297 27030
5.01612 27030
5.01928 27030
5.02243 27030
5.02558 27030
5.02873 27030
5.03188 27030
5.03504 27030
5.03819 27030
5.04134 27030
5.04449 27030
5.04764 27030
5.0508 27030
5.05395 27030
5.0571 27030
5.06025 27030
5.0634 27030
5.06656 27030
5.06971 27030
5.07286 27030
5.07601 27030
5.07916 27030
5.08232 27030
5.08547 27030
5.08862 27030
5.09177 27030
5.09492 27030
5.09808 27030
5.10123 27030
5.10438 27030
5.10753 27030
5.11068 27030
5.11384 27030
5.11699 27030
5.12014 27030
5.12329 27030
5.12644 27030
5.1296 27030
5.13275 27030
5.1359 27030
5.13905 27030
5.1422 27030
5.14536 27030
5.14851 27030
5.15166 27030
5.15481 27030
5.15796 27030
5.16112 27030
5.16427 27030
5.16742 27030
5.17057 27030
5.17372 27030
5.17688 27030
5.18003 27030
5.18318 27030
5.18633 27030
5.18948 27030
5.19264 27030
5.19579 27030
5.19894 27030
5.20209 27030
5.20524 27030
5.2084 27030
5.21155 27030
5.2147 27030
5.21785 27030
5.221 27030
5.22416 27030
5.22731 27030
5.23046 27030
5.23361 27030
5.23676 27030
5.23992 27030
5.24307 27030
5.24622 27030
5.24937 27030
5.25252 27030
5.25568 27030
5.25883 27030
5.26198 27030
5.26513 27030
5.26828 27030
5.27144 27030
5.27459 27030
5.27774 27030
5.28089 27030
5.28404 27030
5.2872 27030
5.29035 27030
5.2935 27030
5.29665 27030
5.2998 27030
5.30296 27030
5.30611 27030
5.30926 27030
5.31241 27030
5.31556 27030
5.31872 27030
5.32187 27030
5.32502 27030
5.32817 27030
5.33132 27030
5.33448 27030
5.33763 27030
5.34078 27030
5.34393 27030
5.34708 27030
5.35024 27030
5.35339 27030
5.35654 27030
5.35969 27030
5.36284 27030
5.366 27030
5.36915 27030
5.3723 27030
5.37545 27030
5.3786 27030
5.38176 27030
5.38491 27030
5.38806 27030
5.39121 27030
5.39436 27030
5.39752 27030
5.40067 27030
5.40382 27030
5.40697 27030
5.41012 27030
5.41328 27030
5.41643 27030
5.41958 27030
5.42273 27030
5.42588 27030
5.42904 27030
5.43219 27030
5.43534 27030
5.43849 27030
5.44164 27030
5.4448 27030
5.44795 27030
5.4511 27030
5.45425 27030
5.4574 27030
5.46056 27030
5.46371 27030
5.46686 27030
5.47001 27030
5.47316 27030
5.47632 27030
5.47947 27030
5.48262 27030
5.48577 27030
5.48892 27030
5.49208 27030
5.49523 27030
5.49838 27030
5.50153 27030
5.50468 27030
5.50784 27030
5.51099 27030
5.51414 27030
5.51729 27030
5.52044 27030
5.5236 27030
5.52675 27030
5.5299 27030
5.53305 27030
5.5362 27030
5.53936 27030
5.54251 27030
5.54566 27030
5.54881 27030
5.55196 27030
5.55512 27030
5.55827 27030
5.56142 27030
5.56457 27030
5.56772 27030
5.57088 27030
5.57403 27030
5.57718 27030
5.58033 27030
5.58348 27030
5.58664 27030
5.58979 27030
5.59294 27030
5.59609 27030
5.59924 27030
5.6024 27030
5.60555 27030
5.6087 27030
5.61185 27030
5.615 27030
5.61816 27030
5.62131 27030
5.62446 27030
5.62761 27030
5.63076 27030
5.63392 27030
5.63707 27030
5.64022 27030
5.64337 27030
5.64652 27030
5.64968 27030
5.65283 27030
5.65598 27030
5.65913 27030
5.66228 27030
5.66544 27030
5.66859 27030
5.67174 27030
5.67489 27030
5.67804 27030
5.6812 27030
5.68435 27030
5.6875 27030
5.69065 27030
5.6938 27030
5.69696 27030
5.70011 27030
5.70326 27030
5.70641 27030
5.70956 27030
5.71272 27030
5.71587 27030
5.71902 27030
5.72217 27030
5.72532 27030
5.72848 27030
5.73163 27030
5.73478 27030
5.73793 27030
5.74108 27030
5.74424 27030
5.74739 27030
5.75054 27030
5.75369 27030
5.75684 27030
5.76 27030
5.76315 27030
5.7663 27030
5.76945 27030
5.7726 27030
5.77576 27030
5.77891 27030
5.78206 27030
5.78521 27030
5.78836 27030
5.79152 27030
5.79467 27030
5.79782 27030
5.80097 27030
5.80412 27030
5.80728 27030
5.81043 27030
5.81358 27030
5.81673 27030
5.81988 27030
5.82304 27030
5.82619 27030
5.82934 27030
5.83249 27030
5.83564 27030
5.8388 27030
5.84195 27030
5.8451 27030
5.84825 27030
5.8514 27030
5.85456 27030
5.85771 27030
5.86086 27030
5.86401 27030
5.86716 27030
5.87032 27030
5.87347 27030
5.87662 27030
5.87977 27030
5.88292 27030
5.88608 27030
5.88923 27030
5.89238 27030
5.89553 27030
5.89868 27030
5.90184 27030
5.90499 27030
5.90814 27030
5.91129 27030
5.91444 27030
5.9176 27030
5.92075 27030
5.9239 27030
5.92705 27030
5.9302 27030
5.93336 27030
5.93651 27030
5.93966 27030
5.94281 27030
5.94596 27030
5.94912 27030
5.95227 27030
5.95542 27030
5.95857 27030
5.96172 27030
5.96488 27030
5.96803 27030
5.97118 27030
5.97433 27030
5.97748 27030
5.98064 27030
5.98379 27030
5.98694 27030
5.99009 27030
5.99324 27030
5.9964 27030
5.99955 27030
6.0027 27030
6.00585 27030
6.009 27030
6.01216 27030
6.01531 27030
6.01846 27030
6.02161 27030
6.02476 27030
6.02792 27030
6.03107 27030
6.03422 27030
6.03737 27030
6.04052 27030
6.04368 27030
6.04683 27030
6.04998 27030
6.05313 27030
6.05628 27030
6.05944 27030
6.06259 27030
6.06574 27030
6.06889 27030
6.07204 27030
6.0752 27030
6.07835 27030
6.0815 27030
6.08465 27030
6.0878 27030
6.09096 27030
6.09411 27030
6.09726 27030
6.10041 27030
6.10356 27030
6.10672 27030
6.10987 27030
6.11302 27030
6.11617 27030
6.11932 27030
6.12248 27030
6.12563 27030
6.12878 27030
6.13193 27030
6.13508 27030
6.13824 27030
6.14139 27030
6.14454 27030
6.14769 27030
6.15084 27030
6.154 27030
6.15715 27030
6.1603 27030
6.16345 27030
6.1666 27030
6.16976 27030
6.17291 27030
6.17606 27030
6.17921 27030
6.18236 27030
6.18552 27030
6.18867 27030
6.19182 27030
6.19497 27030
6.19812 27030
6.20128 27030
6.20443 27030
6.20758 27030
6.21073 27030
6.21388 27030
6.21704 27030
6.22019 27030
6.22334 27030
6.22649 27030
6.22964 27030
6.2328 27030
6.23595 27030
6.2391 27030
6.24225 27030
6.2454 27030
6.24856 27030
6.25171 27030
6.25486 27030
6.25801 27030
6.26116 27030
6.26432 27030
6.26747 27030
6.27062 27030
6.27377 27030
6.27692 27030
6.28008 27030
6.28323 27030
6.28638 27030
6.28953 27030
6.29268 27030
6.29584 27030
6.29899 27030
6.30214 27030
6.30529 27030
6.30844 27030
6.3116 27030
6.31475 27030
6.3179 27030
6.32105 27030
6.3242 27030
6.32736 27030
6.33051 27030
6.33366 27030
6.33681 27030
6.33996 27030
6.34312 27030
6.34627 27030
6.34942 27030
6.35257 27030
6.35572 27030
6.35888 27030
6.36203 27030
6.36518 27030
6.36833 27030
6.37148 27030
6.37464 27030
6.37779 27030
6.38094 27030
6.38409 27030
6.38724 27030
6.3904 27030
6.39355 27030
6.3967 27030
6.39985 27030
6.403 27030
6.40616 27030
6.40931 27030
6.41246 27030
6.41561 27030
6.41876 27030
6.42192 27030
6.42507 27030
6.42822 27030
6.43137 27030
6.43452 27030
6.43767 27030
6.44083 27030
6.44398 27030
6.44713 27030
6.45028 27030
6.45343 27030
6.45659 27030
6.45974 27030
6.46289 27030
6.46604 27030
6.46919 27030
6.47235 27030
6.4755 27030
6.47865 27030
6.4818 27030
6.48495 27030
6.48811 27030
6.49126 27030
6.49441 27030
6.49756 27030
6.50071 27030
6.50387 27030
6.50702 27030
6.51017 27030
6.51332 27030
6.51647 27030
6.51963 27030
6.52278 27030
6.52593 27030
6.52908 27030
6.53223 27030
6.53539 27030
6.53854 27030
6.54169 27030
6.54484 27030
6.54799 27030
6.55115 27030
6.5543 27030
6.55745 27030
6.5606 27030
6.56375 27030
6.56691 27030
6.57006 27030
6.57321 27030
6.57636 27030
6.57951 27030
6.58267 27030
6.58582 27030
6.58897 27030
6.59212 27030
6.59527 27030
6.59843 27030
6.60158 27030
6.60473 27030
6.60788 27030
6.61103 27030
6.61419 27030
6.61734 27030
6.62049 27030
6.62364 27030
6.62679 27030
6.62995 27030
6.6331 27030
6.63625 27030
6.6394 27030
6.64255 27030
6.64571 27030
6.64886 27030
6.65201 27030
6.65516 27030
6.65831 27030
6.66147 27030
6.66462 27030
6.66777 27030
6.67092 27030
6.67407 27030
6.67723 27030
6.68038 27030
6.68353 27030
6.68668 27030
6.68983 27030
6.69299 27030
6.69614 27030
6.69929 27030
6.70244 27030
6.70559 27030
6.70875 27030
6.7119 27030
6.71505 27030
6.7182 27030
6.72135 27030
6.72451 27030
6.72766 27030
6.73081 27030
6.73396 27030
6.73711 27030
6.74027 27030
6.74342 27030
6.74657 27030
6.74972 27030
6.75287 27030
6.75603 27030
6.75918 27030
6.76233 27030
6.76548 27030
6.76863 27030
6.77179 27030
6.77494 27030
6.77809 27030
6.78124 27030
6.78439 27030
6.78755 27030
6.7907 27030
6.79385 27030
6.797 27030
6.80015 27030
6.80331 27030
6.80646 27030
6.80961 27030
6.81276 27030
6.81591 27030
6.81907 27030
6.82222 27030
6.82537 27030
6.82852 27030
6.83167 27030
6.83483 27030
6.83798 27030
6.84113 27030
6.84428 27030
6.84743 27030
6.85059 27030
6.85374 27030
6.85689 27030
6.86004 27030
6.86319 27030
6.86635 27030
6.8695 27030
6.87265 27030
6.8758 27030
6.87895 27030
6.88211 27030
6.88526 27030
6.88841 27030
6.89156 27030
6.89471 27030
6.89787 27030
6.90102 27030
6.90417 27030
6.90732 27030
6.91047 27030
6.91363 27030
6.91678 27030
6.91993 27030
6.92308 27030
6.92623 27030
6.92939 27030
6.93254 27030
6.93569 27030
6.93884 27030
6.94199 27030
6.94515 27030
6.9483 27030
6.95145 27030
6.9546 27030
6.95775 27030
6.96091 27030
6.96406 27030
6.96721 27030
6.97036 27030
6.97351 27030
6.97667 27030
6.97982 27030
6.98297 27030
6.98612 27030
6.98927 27030
6.99243 27030
6.99558 27030
6.99873 27030
7.00188 27030
7.00503 27030
7.00819 27030
7.01134 27030
7.01449 27030
7.01764 27030
7.02079 27030
7.02395 27030
7.0271 27030
7.03025 27030
7.0334 27030
7.03655 27030
7.03971 27030
7.04286 27030
7.04601 27030
7.04916 27030
7.05231 27030
7.05547 27030
7.05862 27030
7.06177 27030
7.06492 27030
7.06807 27030
7.07123 27030
7.07438 27030
7.07753 27030
7.08068 27030
7.08383 27030
7.08699 27030
7.09014 27030
7.09329 27030
7.09644 27030
7.09959 27030
7.10275 27030
7.1059 27030
7.10905 27030
7.1122 27030
7.11535 27030
7.11851 27030
7.12166 27030
7.12481 27030
7.12796 27030
7.13111 27030
7.13427 27030
7.13742 27030
7.14057 27030
7.14372 27030
7.14687 27030
7.15003 27030
7.15318 27030
7.15633 27030
7.15948 27030
7.16263 27030
7.16579 27030
7.16894 27030
7.17209 27030
7.17524 27030
7.17839 27030
7.18155 27030
7.1847 27030
7.18785 27030
7.191 27030
7.19415 27030
7.19731 27030
7.20046 27030
7.20361 27030
7.20676 27030
7.20991 27030
7.21307 27030
7.21622 27030
7.21937 27030
7.22252 27030
7.22567 27030
7.22883 27030
7.23198 27030
7.23513 27030
7.23828 27030
7.24143 27030
7.24459 27030
7.24774 27030
7.25089 27030
7.25404 27030
7.25719 27030
7.26035 27030
7.2635 27030
7.26665 27030
7.2698 27030
7.27295 27030
7.27611 27030
7.27926 27030
7.28241 27030
7.28556 27030
7.28871 27030
7.29187 27030
7.29502 27030
7.29817 27030
7.30132 27030
7.30447 27030
7.30763 27030
7.31078 27030
7.31393 27030
7.31708 27030
7.32023 27030
7.32339 27030
7.32654 27030
7.32969 27030
7.33284 27030
7.33599 27030
7.33915 27030
7.3423 27030
7.34545 27030
7.3486 27030
7.35175 27030
7.35491 27030
7.35806 27030
7.36121 27030
7.36436 27030
7.36751 27030
7.37067 27030
7.37382 27030
7.37697 27030
7.38012 27030
7.38327 27030
7.38643 27030
7.38958 27030
7.39273 27030
7.39588 27030
7.39903 27030
7.40219 27030
7.40534 27030
7.40849 27030
7.41164 27030
7.41479 27030
7.41795 27030
7.4211 27030
7.42425 27030
7.4274 27030
7.43055 27030
7.43371 27030
7.43686 27030
7.44001 27030
7.44316 27030
7.44631 27030
7.44947 27030
7.45262 27030
7.45577 27030
7.45892 27030
7.46207 27030
7.46523 27030
7.46838 27030
7.47153 27030
7.47468 27030
7.47783 27030
7.48099 27030
7.48414 27030
7.48729 27030
7.49044 27030
7.49359 27030
7.49675 27030
7.4999 27030
7.50305 27030
7.5062 27030
7.50935 27030
7.51251 27030
7.51566 27030
7.51881 27030
7.52196 27030
7.52511 27030
7.52827 27030
7.53142 27030
7.53457 27030
7.53772 27030
7.54087 27030
7.54403 27030
7.54718 27030
7.55033 27030
7.55348 27030
7.55663 27030
7.55979 27030
7.56294 27030
7.56609 27030
7.56924 27030
7.57239 27030
7.57555 27030
7.5787 27030
7.58185 27030
7.585 27030
7.58815 27030
7.59131 27030
7.59446 27030
7.59761 27030
7.60076 27030
7.60391 27030
7.60707 27030
7.61022 27030
7.61337 27030
7.61652 27030
7.61967 27030
7.62283 27030
7.62598 27030
7.62913 27030
7.63228 27030
7.63543 27030
7.63859 27030
7.64174 27030
7.64489 27030
7.64804 27030
7.65119 27030
7.65435 27030
7.6575 27030
7.66065 27030
7.6638 27030
7.66695 27030
7.67011 27030
7.67326 27030
7.67641 27030
7.67956 27030
7.68271 27030
7.68587 27030
7.68902 27030
7.69217 27030
7.69532 27030
7.69847 27030
7.70163 27030
7.70478 27030
7.70793 27030
7.71108 27030
7.71423 27030
7.71739 27030
7.72054 27030
7.72369 27030
7.72684 27030
7.72999 27030
7.73315 27030
7.7363 27030
7.73945 27030
7.7426 27030
7.74575 27030
7.74891 27030
7.75206 27030
7.75521 27030
7.75836 27030
7.76151 27030
7.76467 27030
7.76782 27030
7.77097 27030
7.77412 27030
7.77727 27030
7.78043 27030
7.78358 27030
7.78673 27030
7.78988 27030
7.79303 27030
7.79619 27030
7.79934 27030
7.80249 27030
7.80564 27030
7.80879 27030
7.81195 27030
7.8151 27030
7.81825 27030
7.8214 27030
7.82455 27030
7.82771 27030
7.83086 27030
7.83401 27030
7.83716 27030
7.84031 27030
7.84347 27030
7.84662 27030
7.84977 27030
7.85292 27030
7.85607 27030
7.85923 27030
7.86238 27030
7.86553 27030
7.86868 27030
7.87183 27030
7.87499 27030
7.87814 27030
7.88129 27030
7.88444 27030
7.88759 27030
7.89075 27030
7.8939 27030
7.89705 27030
7.9002 27030
7.90335 27030
7.90651 27030
7.90966 27030
7.91281 27030
7.91596 27030
7.91911 27030
7.92227 27030
7.92542 27030
7.92857 27030
7.93172 27030
7.93487 27030
7.93803 27030
7.94118 27030
7.94433 27030
7.94748 27030
7.95063 27030
7.95379 27030
7.95694 27030
7.96009 27030
7.96324 27030
7.96639 27030
7.96955 27030
7.9727 27030
7.97585 27030
7.979 27030
7.98215 27030
7.98531 27030
7.98846 27030
7.99161 27030
7.99476 27030
7.99791 27030
8.00107 27030
8.00422 27030
8.00737 27030
8.01052 27030
8.01367 27030
8.01683 27030
8.01998 27030
8.02313 27030
8.02628 27030
8.02943 27030
8.03259 27030
8.03574 27030
8.03889 27030
8.04204 27030
8.04519 27030
8.04835 27030
8.0515 27030
8.05465 27030
8.0578 27030
8.06095 27030
8.06411 27030
8.06726 27030
8.07041 27030
8.07356 27030
8.07671 27030
8.07987 27030
8.08302 27030
8.08617 27030
8.08932 27030
8.09247 27030
8.09563 27030
8.09878 27030
8.10193 27030
8.10508 27030
8.10823 27030
8.11139 27030
8.11454 27030
8.11769 27030
8.12084 27030
8.12399 27030
8.12715 27030
8.1303 27030
8.13345 27030
8.1366 27030
8.13975 27030
8.14291 27030
8.14606 27030
8.14921 27030
8.15236 27030
8.15551 27030
8.15867 27030
8.16182 27030
8.16497 27030
8.16812 27030
8.17127 27030
8.17443 27030
8.17758 27030
8.18073 27030
8.18388 27030
8.18703 27030
8.19019 27030
8.19334 27030
8.19649 27030
8.19964 27030
8.20279 27030
8.20595 27030
8.2091 27030
8.21225 27030
8.2154 27030
8.21855 27030
8.22171 27030
8.22486 27030
8.22801 27030
8.23116 27030
8.23431 27030
8.23747 27030
8.24062 27030
8.24377 27030
8.24692 27030
8.25007 27030
8.25323 27030
8.25638 27030
8.25953 27030
8.26268 27030
8.26583 27030
8.26899 27030
8.27214 27030
8.27529 27030
8.27844 27030
8.28159 27030
8.28475 27030
8.2879 27030
8.29105 27030
8.2942 27030
8.29735 27030
8.30051 27030
8.30366 27030
8.30681 27030
8.30996 27030
8.31311 27030
8.31627 27030
8.31942 27030
8.32257 27030
8.32572 27030
8.32887 27030
8.33203 27030
8.33518 27030
8.33833 27030
8.34148 27030
8.34463 27030
8.34779 27030
8.35094 27030
8.35409 27030
8.35724 27030
8.36039 27030
8.36355 27030
8.3667 27030
8.36985 27030
8.373 27030
8.37615 27030
8.37931 27030
8.38246 27030
8.38561 27030
8.38876 27030
8.39191 27030
8.39507 27030
8.39822 27030
8.40137 27030
8.40452 27030
8.40767 27030
8.41083 27030
8.41398 27030
8.41713 27030
8.42028 27030
8.42343 27030
8.42659 27030
8.42974 27030
8.43289 27030
8.43604 27030
8.43919 27030
8.44235 27030
8.4455 27030
8.44865 27030
8.4518 27030
8.45495 27030
8.45811 27030
8.46126 27030
8.46441 27030
8.46756 27030
8.47071 27030
8.47387 27030
8.47702 27030
8.48017 27030
8.48332 27030
8.48647 27030
8.48963 27030
8.49278 27030
8.49593 27030
8.49908 27030
8.50223 27030
8.50539 27030
8.50854 27030
8.51169 27030
8.51484 27030
8.51799 27030
8.52115 27030
8.5243 27030
8.52745 27030
8.5306 27030
8.53375 27030
8.53691 27030
8.54006 27030
8.54321 27030
8.54636 27030
8.54951 27030
8.55267 27030
8.55582 27030
8.55897 27030
8.56212 27030
8.56527 27030
8.56843 27030
8.57158 27030
8.57473 27030
8.57788 27030
8.58103 27030
8.58419 27030
8.58734 27030
8.59049 27030
8.59364 27030
8.59679 27030
8.59995 27030
8.6031 27030
8.60625 27030
8.6094 27030
8.61255 27030
8.61571 27030
8.61886 27030
8.62201 27030
8.62516 27030
8.62831 27030
8.63147 27030
8.63462 27030
8.63777 27030
8.64092 27030
8.64407 27030
8.64723 27030
8.65038 27030
8.65353 27030
8.65668 27030
8.65983 27030
8.66299 27030
8.66614 27030
8.66929 27030
8.67244 27030
8.67559 27030
8.67875 27030
8.6819 27030
8.68505 27030
8.6882 27030
8.69135 27030
8.69451 27030
8.69766 27030
8.70081 27030
8.70396 27030
8.70711 27030
8.71027 27030
8.71342 27030
8.71657 27030
8.71972 27030
8.72287 27030
8.72603 27030
8.72918 27030
8.73233 27030
8.73548 27030
8.73863 27030
8.74179 27030
8.74494 27030
8.74809 27030
8.75124 27030
8.75439 27030
8.75755 27030
8.7607 27030
8.76385 27030
8.767 27030
8.77015 27030
8.77331 27030
8.77646 27030
8.77961 27030
8.78276 27030
8.78591 27030
8.78907 27030
8.79222 27030
8.79537 27030
8.79852 27030
8.80167 27030
8.80483 27030
8.80798 27030
8.81113 27030
8.81428 27030
8.81743 27030
8.82059 27030
8.82374 27030
8.82689 27030
8.83004 27030
8.83319 27030
8.83635 27030
8.8395 27030
8.84265 27030
8.8458 27030
8.84895 27030
8.85211 27030
8.85526 27030
8.85841 27030
8.86156 27030
8.86471 27030
8.86787 27030
8.87102 27030
8.87417 27030
8.87732 27030
8.88047 27030
8.88363 27030
8.88678 27030
8.88993 27030
8.89308 27030
8.89623 27030
8.89939 27030
8.90254 27030
8.90569 27030
8.90884 27030
8.91199 27030
8.91515 27030
8.9183 27030
8.92145 27030
8.9246 27030
8.92775 27030
8.93091 27030
8.93406 27030
8.93721 27030
8.94036 27030
8.94351 27030
8.94667 27030
8.94982 27030
8.95297 27030
8.95612 27030
8.95927 27030
8.96243 27030
8.96558 27030
8.96873 27030
8.97188 27030
8.97503 27030
8.97819 27030
8.98134 27030
8.98449 27030
8.98764 27030
8.99079 27030
8.99395 27030
8.9971 27030
9.00025 27030
9.0034 27030
9.00655 27030
9.00971 27030
9.01286 27030
9.01601 27030
9.01916 27030
9.02231 27030
9.02547 27030
9.02862 27030
9.03177 27030
9.03492 27030
9.03807 27030
9.04123 27030
9.04438 27030
9.04753 27030
9.05068 27030
9.05383 27030
9.05699 27030
9.06014 27030
9.06329 27030
9.06644 27030
9.06959 27030
9.07275 27030
9.0759 27030
9.07905 27030
9.0822 27030
9.08535 27030
9.08851 27030
9.09166 27030
9.09481 27030
9.09796 27030
9.10111 27030
9.10427 27030
9.10742 27030
9.11057 27030
9.11372 27030
9.11687 27030
9.12003 27030
9.12318 27030
9.12633 27030
9.12948 27030
9.13263 27030
9.13579 27030
9.13894 27030
9.14209 27030
9.14524 27030
9.14839 27030
9.15155 27030
9.1547 27030
9.15785 27030
9.161 27030
9.16415 27030
9.16731 27030
9.17046 27030
9.17361 27030
9.17676 27030
9.17991 27030
9.18307 27030
9.18622 27030
9.18937 27030
9.19252 27030
9.19567 27030
9.19883 27030
9.20198 27030
9.20513 27030
9.20828 27030
9.21143 27030
9.21459 27030
9.21774 27030
9.22089 27030
9.22404 27030
9.22719 27030
9.23035 27030
9.2335 27030
9.23665 27030
9.2398 27030
9.24295 27030
9.24611 27030
9.24926 27030
9.25241 27030
9.25556 27030
9.25871 27030
9.26187 27030
9.26502 27030
9.26817 27030
9.27132 27030
9.27447 27030
9.27763 27030
9.28078 27030
9.28393 27030
9.28708 27030
9.29023 27030
9.29339 27030
9.29654 27030
9.29969 27030
9.30284 27030
9.30599 27030
9.30915 27030
9.3123 27030
9.31545 27030
9.3186 27030
9.32175 27030
9.32491 27030
9.32806 27030
9.33121 27030
9.33436 27030
9.33751 27030
9.34067 27030
9.34382 27030
9.34697 27030
9.35012 27030
9.35327 27030
9.35643 27030
9.35958 27030
9.36273 27030
9.36588 27030
9.36903 27030
9.37219 27030
9.37534 27030
9.37849 27030
9.38164 27030
9.38479 27030
9.38795 27030
9.3911 27030
9.39425 27030
9.3974 27030
9.40055 27030
9.40371 27030
9.40686 27030
9.41001 27030
9.41316 27030
9.41631 27030
9.41947 27030
9.42262 27030
9.42577 27030
9.42892 27030
9.43207 27030
9.43523 27030
9.43838 27030
9.44153 27030
9.44468 27030
9.44783 27030
9.45099 27030
9.45414 27030
9.45729 27030
9.46044 27030
9.46359 27030
9.46675 27030
9.4699 27030
9.47305 27030
9.4762 27030
9.47935 27030
9.48251 27030
9.48566 27030
9.48881 27030
9.49196 27030
9.49511 27030
9.49827 27030
9.50142 27030
9.50457 27030
9.50772 27030
9.51087 27030
9.51403 27030
9.51718 27030
9.52033 27030
9.52348 27030
9.52663 27030
9.52979 27030
9.53294 27030
9.53609 27030
9.53924 27030
9.54239 27030
9.54555 27030
9.5487 27030
9.55185 27030
9.555 27030
9.55815 27030
9.56131 27030
9.56446 27030
9.56761 27030
9.57076 27030
9.57391 27030
9.57706 27030
9.58022 27030
9.58337 27030
9.58652 27030
9.58967 27030
9.59282 27030
9.59598 27030
9.59913 27030
9.60228 27030
9.60543 27030
9.60858 27030
9.61174 27030
9.61489 27030
9.61804 27030
9.62119 27030
9.62434 27030
9.6275 27030
9.63065 27030
9.6338 27030
9.63695 27030
9.6401 27030
9.64326 27030
9.64641 27030
9.64956 27030
9.65271 27030
9.65586 27030
9.65902 27030
9.66217 27030
9.66532 27030
9.66847 27030
9.67162 27030
9.67478 27030
9.67793 27030
9.68108 27030
9.68423 27030
9.68738 27030
9.69054 27030
9.69369 27030
9.69684 27030
9.69999 27030
9.70314 27030
9.7063 27030
9.70945 27030
9.7126 27030
9.71575 27030
9.7189 27030
9.72206 27030
9.72521 27030
9.72836 27030
9.73151 27030
9.73466 27030
9.73782 27030
9.74097 27030
9.74412 27030
9.74727 27030
9.75042 27030
9.75358 27030
9.75673 27030
9.75988 27030
9.76303 27030
9.76618 27030
9.76934 27030
9.77249 27030
9.77564 27030
9.77879 27030
9.78194 27030
9.7851 27030
9.78825 27030
9.7914 27030
9.79455 27030
9.7977 27030
9.80086 27030
9.80401 27030
9.80716 27030
9.81031 27030
9.81346 27030
9.81662 27030
9.81977 27030
9.82292 27030
9.82607 27030
9.82922 27030
9.83238 27030
9.83553 27030
9.83868 27030
9.84183 27030
9.84498 27030
9.84814 27030
9.85129 27030
9.85444 27030
9.85759 27030
9.86074 27030
9.8639 27030
9.86705 27030
9.8702 27030
9.87335 27030
9.8765 27030
9.87966 27030
9.88281 27030
9.88596 27030
9.88911 27030
9.89226 27030
9.89542 27030
9.89857 27030
9.90172 27030
9.90487 27030
9.90802 27030
9.91118 27030
9.91433 27030
9.91748 27030
9.92063 27030
9.92378 27030
9.92694 27030
9.93009 27030
9.93324 27030
9.93639 27030
9.93954 27030
9.9427 27030
9.94585 27030
9.949 27030
9.95215 27030
9.9553 27030
9.95846 27030
9.96161 27030
9.96476 27030
9.96791 27030
9.97106 27030
9.97422 27030
9.97737 27030
9.98052 27030
9.98367 27030
9.98682 27030
9.98998 27030
9.99313 27030
9.99628 27030
9.99943 27030
10.0026 27030
10.0057 27030
10.0089 27030
10.012 27030
10.0152 27030
10.0183 27030
10.0215 27030
10.0246 27030
10.0278 27030
10.031 27030
10.0341 27030
10.0373 27030
10.0404 27030
10.0436 27030
10.0467 27030
10.0499 27030
10.053 27030
10.0562 27030
10.0593 27030
10.0625 27030
10.0656 27030
10.0688 27030
10.0719 27030
10.0751 27030
10.0782 27030
10.0814 27030
10.0845 27030
10.0877 27030
10.0908 27030
10.094 27030
10.0971 27030
10.1003 27030
10.1034 27030
10.1066 27030
10.1098 27030
10.1129 27030
10.1161 27030
10.1192 27030
10.1224 27030
10.1255 27030
10.1287 27030
10.1318 27030
10.135 27030
10.1381 27030
10.1413 27030
10.1444 27030
10.1476 27030
10.1507 27030
10.1539 27030
10.157 27030
10.1602 27030
10.1633 27030
10.1665 27030
10.1696 27030
10.1728 27030
10.1759 27030
10.1791 27030
10.1822 27030
10.1854 27030
10.1886 27030
10.1917 27030
10.1949 27030
10.198 27030
10.2012 27030
10.2043 27030
10.2075 27030
10.2106 27030
10.2138 27030
10.2169 27030
10.2201 27030
10.2232 27030
10.2264 27030
10.2295 27030
10.2327 27030
10.2358 27030
10.239 27030
10.2421 27030
10.2453 27030
10.2484 27030
10.2516 27030
10.2547 27030
10.2579 27030
10.261 27030
10.2642 27030
10.2674 27030
10.2705 27030
10.2737 27030
10.2768 27030
10.28 27030
10.2831 27030
10.2863 27030
10.2894 27030
10.2926 27030
10.2957 27030
10.2989 27030
10.302 27030
10.3052 27030
10.3083 27030
10.3115 27030
10.3146 27030
10.3178 27030
10.3209 27030
10.3241 27030
10.3272 27030
10.3304 27030
10.3335 27030
10.3367 27030
10.3398 27030
10.343 27030
10.3462 27030
10.3493 27030
10.3525 27030
10.3556 27030
10.3588 27030
10.3619 27030
10.3651 27030
10.3682 27030
10.3714 27030
10.3745 27030
10.3777 27030
10.3808 27030
10.384 27030
10.3871 27030
10.3903 27030
10.3934 27030
10.3966 27030
10.3997 27030
10.4029 27030
10.406 27030
10.4092 27030
10.4123 27030
10.4155 27030
10.4186 27030
10.4218 27030
10.425 27030
10.4281 27030
10.4313 27030
10.4344 27030
10.4376 27030
10.4407 27030
10.4439 27030
10.447 27030
10.4502 27030
10.4533 27030
10.4565 27030
10.4596 27030
10.4628 27030
10.4659 27030
10.4691 27030
10.4722 27030
10.4754 27030
10.4785 27030
10.4817 27030
10.4848 27030
10.488 27030
10.4911 27030
10.4943 27030
10.4974 27030
10.5006 27030
10.5038 27030
10.5069 27030
10.5101 27030
10.5132 27030
10.5164 27030
10.5195 27030
10.5227 27030
10.5258 27030
10.529 27030
10.5321 27030
10.5353 27030
10.5384 27030
10.5416 27030
10.5447 27030
10.5479 27030
10.551 27030
10.5542 27030
10.5573 27030
10.5605 27030
10.5636 27030
10.5668 27030
10.5699 27030
10.5731 27030
10.5762 27030
10.5794 27030
10.5826 27030
10.5857 27030
10.5889 27030
10.592 27030
10.5952 27030
10.5983 27030
10.6015 27030
10.6046 27030
10.6078 27030
10.6109 27030
10.6141 27030
10.6172 27030
10.6204 27030
10.6235 27030
10.6267 27030
10.6298 27030
10.633 27030
10.6361 27030
10.6393 27030
10.6424 27030
10.6456 27030
10.6487 27030
10.6519 27030
10.655 27030
10.6582 27030
10.6614 27030
10.6645 27030
10.6677 27030
10.6708 27030
10.674 27030
10.6771 27030
10.6803 27030
10.6834 27030
10.6866 27030
10.6897 27030
10.6929 27030
10.696 27030
10.6992 27030
10.7023 27030
10.7055 27030
10.7086 27030
10.7118 27030
10.7149 27030
10.7181 27030
10.7212 27030
10.7244 27030
10.7275 27030
10.7307 27030
10.7338 27030
10.737 27030
10.7402 27030
10.7433 27030
10.7465 27030
10.7496 27030
10.7528 27030
10.7559 27030
10.7591 27030
10.7622 27030
10.7654 27030
10.7685 27030
10.7717 27030
10.7748 27030
10.778 27030
10.7811 27030
10.7843 27030
10.7874 27030
10.7906 27030
10.7937 27030
10.7969 27030
10.8 27030
10.8032 27030
10.8063 27030
10.8095 27030
10.8126 27030
10.8158 27030
10.819 27030
10.8221 27030
10.8253 27030
10.8284 27030
10.8316 27030
10.8347 27030
10.8379 27030
10.841 27030
10.8442 27030
10.8473 27030
10.8505 27030
10.8536 27030
10.8568 27030
10.8599 27030
10.8631 27030
10.8662 27030
10.8694 27030
10.8725 27030
10.8757 27030
10.8788 27030
10.882 27030
10.8851 27030
10.8883 27030
10.8914 27030
10.8946 27030
10.8978 27030
10.9009 27030
10.9041 27030
10.9072 27030
10.9104 27030
10.9135 27030
10.9167 27030
10.9198 27030
10.923 27030
10.9261 27030
10.9293 27030
10.9324 27030
10.9356 27030
10.9387 27030
10.9419 27030
10.945 27030
10.9482 27030
10.9513 27030
10.9545 27030
10.9576 27030
10.9608 27030
10.9639 27030
10.9671 27030
10.9702 27030
10.9734 27030
10.9766 27030
10.9797 27030
10.9829 27030
10.986 27030
10.9892 27030
10.9923 27030
10.9955 27030
10.9986 27030
11.0018 27030
11.0049 27030
11.0081 27030
11.0112 27030
11.0144 27030
11.0175 27030
11.0207 27030
11.0238 27030
11.027 27030
11.0301 27030
11.0333 27030
11.0364 27030
11.0396 27030
11.0427 27030
11.0459 27030
11.049 27030
11.0522 27030
11.0554 27030
11.0585 27030
11.0617 27030
11.0648 27030
11.068 27030
11.0711 27030
11.0743 27030
11.0774 27030
11.0806 27030
11.0837 27030
11.0869 27030
11.09 27030
11.0932 27030
11.0963 27030
11.0995 27030
11.1026 27030
11.1058 27030
11.1089 27030
11.1121 27030
11.1152 27030
11.1184 27030
11.1215 27030
11.1247 27030
11.1278 27030
11.131 27030
11.1342 27030
11.1373 27030
11.1405 27030
11.1436 27030
11.1468 27030
11.1499 27030
11.1531 27030
11.1562 27030
11.1594 27030
11.1625 27030
11.1657 27030
11.1688 27030
11.172 27030
11.1751 27030
11.1783 27030
11.1814 27030
11.1846 27030
11.1877 27030
11.1909 27030
11.194 27030
11.1972 27030
11.2003 27030
11.2035 27030
11.2066 27030
11.2098 27030
11.213 27030
11.2161 27030
11.2193 27030
11.2224 27030
11.2256 27030
11.2287 27030
11.2319 27030
11.235 27030
11.2382 27030
11.2413 27030
11.2445 27030
11.2476 27030
11.2508 27030
11.2539 27030
11.2571 27030
11.2602 27030
11.2634 27030
11.2665 27030
11.2697 27030
11.2728 27030
11.276 27030
11.2791 27030
11.2823 27030
11.2854 27030
11.2886 27030
11.2918 27030
11.2949 27030
11.2981 27030
11.3012 27030
11.3044 27030
11.3075 27030
11.3107 27030
11.3138 27030
11.317 27030
11.3201 27030
11.3233 27030
11.3264 27030
11.3296 27030
11.3327 27030
11.3359 27030
11.339 27030
11.3422 27030
11.3453 27030
11.3485 27030
11.3516 27030
11.3548 27030
11.3579 27030
11.3611 27030
11.3642 27030
11.3674 27030
11.3706 27030
11.3737 27030
11.3769 27030
11.38 27030
11.3832 27030
11.3863 27030
11.3895 27030
11.3926 27030
11.3958 27030
11.3989 27030
11.4021 27030
11.4052 27030
11.4084 27030
11.4115 27030
11.4147 27030
11.4178 27030
11.421 27030
11.4241 27030
11.4273 27030
11.4304 27030
11.4336 27030
11.4367 27030
11.4399 27030
11.443 27030
11.4462 27030
11.4494 27030
11.4525 27030
11.4557 27030
11.4588 27030
11.462 27030
11.4651 27030
11.4683 27030
11.4714 27030
11.4746 27030
11.4777 27030
11.4809 27030
11.484 27030
11.4872 27030
11.4903 27030
11.4935 27030
11.4966 27030
11.4998 27030
11.5029 27030
11.5061 27030
11.5092 27030
11.5124 27030
11.5155 27030
11.5187 27030
11.5218 27030
11.525 27030
11.5282 27030
11.5313 27030
11.5345 27030
11.5376 27030
11.5408 27030
11.5439 27030
11.5471 27030
11.5502 27030
11.5534 27030
11.5565 27030
11.5597 27030
11.5628 27030
11.566 27030
11.5691 27030
11.5723 27030
11.5754 27030
11.5786 27030
11.5817 27030
11.5849 27030
11.588 27030
11.5912 27030
11.5943 27030
11.5975 27030
11.6006 27030
11.6038 27030
11.607 27030
11.6101 27030
11.6133 27030
11.6164 27030
11.6196 27030
11.6227 27030
11.6259 27030
11.629 27030
11.6322 27030
11.6353 27030
11.6385 27030
11.6416 27030
11.6448 27030
11.6479 27030
11.6511 27030
11.6542 27030
11.6574 27030
11.6605 27030
11.6637 27030
11.6668 27030
11.67 27030
11.6731 27030
11.6763 27030
11.6794 27030
11.6826 27030
11.6858 27030
11.6889 27030
11.6921 27030
11.6952 27030
11.6984 27030
11.7015 27030
11.7047 27030
11.7078 27030
11.711 27030
11.7141 27030
11.7173 27030
11.7204 27030
11.7236 27030
11.7267 27030
11.7299 27030
11.733 27030
11.7362 27030
11.7393 27030
11.7425 27030
11.7456 27030
11.7488 27030
11.7519 27030
11.7551 27030
11.7582 27030
11.7614 27030
11.7646 27030
11.7677 27030
11.7709 27030
11.774 27030
11.7772 27030
11.7803 27030
11.7835 27030
11.7866 27030
11.7898 27030
11.7929 27030
11.7961 27030
11.7992 27030
11.8024 27030
11.8055 27030
11.8087 27030
11.8118 27030
11.815 27030
11.8181 27030
11.8213 27030
11.8244 27030
11.8276 27030
11.8307 27030
11.8339 27030
11.837 27030
11.8402 27030
11.8434 27030
11.8465 27030
11.8497 27030
11.8528 27030
11.856 27030
11.8591 27030
11.8623 27030
11.8654 27030
11.8686 27030
11.8717 27030
11.8749 27030
11.878 27030
11.8812 27030
11.8843 27030
11.8875 27030
11.8906 27030
11.8938 27030
11.8969 27030
11.9001 27030
11.9032 27030
11.9064 27030
11.9095 27030
11.9127 27030
11.9158 27030
11.919 27030
11.9222 27030
11.9253 27030
11.9285 27030
11.9316 27030
11.9348 27030
11.9379 27030
11.9411 27030
11.9442 27030
11.9474 27030
11.9505 27030
11.9537 27030
11.9568 27030
11.96 27030
11.9631 27030
11.9663 27030
11.9694 27030
11.9726 27030
11.9757 27030
11.9789 27030
11.982 27030
11.9852 27030
11.9883 27030
11.9915 27030
11.9946 27030
11.9978 27030
12.001 27030
12.0041 27030
12.0073 27030
12.0104 27030
12.0136 27030
12.0167 27030
12.0199 27030
12.023 27030
12.0262 27030
12.0293 27030
12.0325 27030
12.0356 27030
12.0388 27030
12.0419 27030
12.0451 27030
12.0482 27030
12.0514 27030
12.0545 27030
12.0577 27030
12.0608 27030
12.064 27030
12.0671 27030
12.0703 27030
12.0734 27030
12.0766 27030
12.0798 27030
12.0829 27030
12.0861 27030
12.0892 27030
12.0924 27030
12.0955 27030
12.0987 27030
12.1018 27030
12.105 27030
12.1081 27030
12.1113 27030
12.1144 27030
12.1176 27030
12.1207 27030
12.1239 27030
12.127 27030
12.1302 27030
12.1333 27030
12.1365 27030
12.1396 27030
12.1428 27030
12.1459 27030
12.1491 27030
12.1522 27030
12.1554 27030
12.1586 27030
12.1617 27030
12.1649 27030
12.168 27030
12.1712 27030
12.1743 27030
12.1775 27030
12.1806 27030
12.1838 27030
12.1869 27030
12.1901 27030
12.1932 27030
12.1964 27030
12.1995 27030
12.2027 27030
12.2058 27030
12.209 27030
12.2121 27030
12.2153 27030
12.2184 27030
12.2216 27030
12.2247 27030
12.2279 27030
12.231 27030
12.2342 27030
12.2374 27030
12.2405 27030
12.2437 27030
12.2468 27030
12.25 27030
12.2531 27030
12.2563 27030
12.2594 27030
12.2626 27030
12.2657 27030
12.2689 27030
12.272 27030
12.2752 27030
12.2783 27030
12.2815 27030
12.2846 27030
12.2878 27030
12.2909 27030
12.2941 27030
12.2972 27030
12.3004 27030
12.3035 27030
12.3067 27030
12.3098 27030
12.313 27030
12.3162 27030
12.3193 27030
12.3225 27030
12.3256 27030
12.3288 27030
12.3319 27030
12.3351 27030
12.3382 27030
12.3414 27030
12.3445 27030
12.3477 27030
12.3508 27030
12.354 27030
12.3571 27030
12.3603 27030
12.3634 27030
12.3666 27030
12.3697 27030
12.3729 27030
12.376 27030
12.3792 27030
12.3823 27030
12.3855 27030
12.3886 27030
12.3918 27030
12.395 27030
12.3981 27030
12.4013 27030
12.4044 27030
12.4076 27030
12.4107 27030
12.4139 27030
12.417 27030
12.4202 27030
12.4233 27030
12.4265 27030
12.4296 27030
12.4328 27030
12.4359 27030
12.4391 27030
12.4422 27030
12.4454 27030
12.4485 27030
12.4517 27030
12.4548 27030
12.458 27030
12.4611 27030
12.4643 27030
12.4674 27030
12.4706 27030
12.4738 27030
12.4769 27030
12.4801 27030
12.4832 27030
12.4864 27030
12.4895 27030
12.4927 27030
12.4958 27030
12.499 27030
12.5021 27030
12.5053 27030
12.5084 27030
12.5116 27030
12.5147 27030
12.5179 27030
12.521 27030
12.5242 27030
12.5273 27030
12.5305 27030
12.5336 27030
12.5368 27030
12.5399 27030
12.5431 27030
12.5462 27030
12.5494 27030
12.5526 27030
12.5557 27030
12.5589 27030
12.562 27030
12.5652 27030
12.5683 27030
12.5715 27030
12.5746 27030
12.5778 27030
12.5809 27030
12.5841 27030
12.5872 27030
12.5904 27030
12.5935 27030
12.5967 27030
12.5998 27030
12.603 27030
12.6061 27030
12.6093 27030
12.6124 27030
12.6156 27030
12.6187 27030
12.6219 27030
12.625 27030
12.6282 27030
12.6314 27030
12.6345 27030
12.6377 27030
12.6408 27030
12.644 27030
12.6471 27030
12.6503 27030
12.6534 27030
12.6566 27030
12.6597 27030
12.6629 27030
12.666 27030
12.6692 27030
12.6723 27030
12.6755 27030
12.6786 27030
12.6818 27030
12.6849 27030
12.6881 27030
12.6912 27030
12.6944 27030
12.6975 27030
12.7007 27030
12.7038 27030
12.707 27030
12.7102 27030
12.7133 27030
12.7165 27030
12.7196 27030
12.7228 27030
12.7259 27030
12.7291 27030
12.7322 27030
12.7354 27030
12.7385 27030
12.7417 27030
12.7448 27030
12.748 27030
12.7511 27030
12.7543 27030
12.7574 27030
12.7606 27030
12.7637 27030
12.7669 27030
12.77 27030
12.7732 27030
12.7763 27030
12.7795 27030
12.7826 27030
12.7858 27030
12.789 27030
12.7921 27030
12.7953 27030
12.7984 27030
12.8016 27030
12.8047 27030
12.8079 27030
12.811 27030
12.8142 27030
12.8173 27030
12.8205 27030
12.8236 27030
12.8268 27030
12.8299 27030
12.8331 27030
12.8362 27030
12.8394 27030
12.8425 27030
12.8457 27030
12.8488 27030
12.852 27030
12.8551 27030
12.8583 27030
12.8614 27030
12.8646 27030
12.8678 27030
12.8709 27030
12.8741 27030
12.8772 27030
12.8804 27030
12.8835 27030
12.8867 27030
12.8898 27030
12.893 27030
12.8961 27030
12.8993 27030
12.9024 27030
12.9056 27030
12.9087 27030
12.9119 27030
12.915 27030
12.9182 27030
12.9213 27030
12.9245 27030
12.9276 27030
12.9308 27030
12.9339 27030
12.9371 27030
12.9402 27030
12.9434 27030
12.9466 27030
12.9497 27030
12.9529 27030
12.956 27030
12.9592 27030
12.9623 27030
12.9655 27030
12.9686 27030
12.9718 27030
12.9749 27030
12.9781 27030
12.9812 27030
12.9844 27030
12.9875 27030
12.9907 27030
12.9938 27030
12.997 27030
13.0001 27030
13.0033 27030
13.0064 27030
13.0096 27030
13.0127 27030
13.0159 27030
13.019 27030
13.0222 27030
13.0254 27030
13.0285 27030
13.0317 27030
13.0348 27030
13.038 27030
13.0411 27030
13.0443 27030
13.0474 27030
13.0506 27030
13.0537 27030
13.0569 27030
13.06 27030
13.0632 27030
13.0663 27030
13.0695 27030
13.0726 27030
13.0758 27030
13.0789 27030
13.0821 27030
13.0852 27030
13.0884 27030
13.0915 27030
13.0947 27030
13.0978 27030
13.101 27030
13.1042 27030
13.1073 27030
13.1105 27030
13.1136 27030
13.1168 27030
13.1199 27030
13.1231 27030
13.1262 27030
13.1294 27030
13.1325 27030
13.1357 27030
13.1388 27030
13.142 27030
13.1451 27030
13.1483 27030
13.1514 27030
13.1546 27030
13.1577 27030
13.1609 27030
13.164 27030
13.1672 27030
13.1703 27030
13.1735 27030
13.1766 27030
13.1798 27030
13.183 27030
13.1861 27030
13.1893 27030
13.1924 27030
13.1956 27030
13.1987 27030
13.2019 27030
13.205 27030
13.2082 27030
13.2113 27030
13.2145 27030
13.2176 27030
13.2208 27030
13.2239 27030
13.2271 27030
13.2302 27030
13.2334 27030
13.2365 27030
13.2397 27030
13.2428 27030
13.246 27030
13.2491 27030
13.2523 27030
13.2554 27030
13.2586 27030
13.2618 27030
13.2649 27030
13.2681 27030
13.2712 27030
13.2744 27030
13.2775 27030
13.2807 27030
13.2838 27030
13.287 27030
13.2901 27030
13.2933 27030
13.2964 27030
13.2996 27030
13.3027 27030
13.3059 27030
13.309 27030
13.3122 27030
13.3153 27030
13.3185 27030
13.3216 27030
13.3248 27030
13.3279 27030
13.3311 27030
13.3342 27030
13.3374 27030
13.3406 27030
13.3437 27030
13.3469 27030
13.35 27030
13.3532 27030
13.3563 27030
13.3595 27030
13.3626 27030
13.3658 27030
13.3689 27030
13.3721 27030
13.3752 27030
13.3784 27030
13.3815 27030
13.3847 27030
13.3878 27030
13.391 27030
13.3941 27030
13.3973 27030
13.4004 27030
13.4036 27030
13.4067 27030
13.4099 27030
13.413 27030
13.4162 27030
13.4194 27030
13.4225 27030
13.4257 27030
13.4288 27030
13.432 27030
13.4351 27030
13.4383 27030
13.4414 27030
13.4446 27030
13.4477 27030
13.4509 27030
13.454 27030
13.4572 27030
13.4603 27030
13.4635 27030
13.4666 27030
13.4698 27030
13.4729 27030
13.4761 27030
13.4792 27030
13.4824 27030
13.4855 27030
13.4887 27030
13.4918 27030
13.495 27030
13.4982 27030
13.5013 27030
13.5045 27030
13.5076 27030
13.5108 27030
13.5139 27030
13.5171 27030
13.5202 27030
13.5234 27030
13.5265 27030
13.5297 27030
13.5328 27030
13.536 27030
13.5391 27030
13.5423 27030
13.5454 27030
13.5486 27030
13.5517 27030
13.5549 27030
13.558 27030
13.5612 27030
13.5643 27030
13.5675 27030
13.5706 27030
13.5738 27030
13.577 27030
13.5801 27030
13.5833 27030
13.5864 27030
13.5896 27030
13.5927 27030
13.5959 27030
13.599 27030
13.6022 27030
13.6053 27030
13.6085 27030
13.6116 27030
13.6148 27030
13.6179 27030
13.6211 27030
13.6242 27030
13.6274 27030
13.6305 27030
13.6337 27030
13.6368 27030
13.64 27030
13.6431 27030
13.6463 27030
13.6494 27030
13.6526 27030
13.6558 27030
13.6589 27030
13.6621 27030
13.6652 27030
13.6684 27030
13.6715 27030
13.6747 27030
13.6778 27030
13.681 27030
13.6841 27030
13.6873 27030
13.6904 27030
13.6936 27030
13.6967 27030
13.6999 27030
13.703 27030
13.7062 27030
13.7093 27030
13.7125 27030
13.7156 27030
13.7188 27030
13.7219 27030
13.7251 27030
13.7282 27030
13.7314 27030
13.7346 27030
13.7377 27030
13.7409 27030
13.744 27030
13.7472 27030
13.7503 27030
13.7535 27030
13.7566 27030
13.7598 27030
13.7629 27030
13.7661 27030
13.7692 27030
13.7724 27030
13.7755 27030
13.7787 27030
13.7818 27030
13.785 27030
13.7881 27030
13.7913 27030
13.7944 27030
13.7976 27030
13.8007 27030
13.8039 27030
13.807 27030
13.8102 27030
13.8134 27030
13.8165 27030
13.8197 27030
13.8228 27030
13.826 27030
13.8291 27030
13.8323 27030
13.8354 27030
13.8386 27030
13.8417 27030
13.8449 27030
13.848 27030
13.8512 27030
13.8543 27030
13.8575 27030
13.8606 27030
13.8638 27030
13.8669 27030
13.8701 27030
13.8732 27030
13.8764 27030
13.8795 27030
13.8827 27030
13.8858 27030
13.889 27030
13.8922 27030
13.8953 27030
13.8985 27030
13.9016 27030
13.9048 27030
13.9079 27030
13.9111 27030
13.9142 27030
13.9174 27030
13.9205 27030
13.9237 27030
13.9268 27030
13.93 27030
13.9331 27030
13.9363 27030
13.9394 27030
13.9426 27030
13.9457 27030
13.9489 27030
13.952 27030
13.9552 27030
13.9583 27030
13.9615 27030
13.9646 27030
13.9678 27030
13.971 27030
13.9741 27030
13.9773 27030
13.9804 27030
13.9836 27030
13.9867 27030
13.9899 27030
13.993 27030
13.9962 27030
13.9993 27030
14.0025 27030
14.0056 27030
14.0088 27030
14.0119 27030
14.0151 27030
14.0182 27030
14.0214 27030
14.0245 27030
14.0277 27030
14.0308 27030
14.034 27030
14.0371 27030
14.0403 27030
14.0434 27030
14.0466 27030
14.0498 27030
14.0529 27030
14.0561 27030
14.0592 27030
14.0624 27030
14.0655 27030
14.0687 27030
14.0718 27030
14.075 27030
14.0781 27030
14.0813 27030
14.0844 27030
14.0876 27030
14.0907 27030
14.0939 27030
14.097 27030
14.1002 27030
14.1033 27030
14.1065 27030
14.1096 27030
14.1128 27030
14.1159 27030
14.1191 27030
14.1222 27030
14.1254 27030
14.1286 27030
14.1317 27030
14.1349 27030
14.138 27030
14.1412 27030
14.1443 27030
14.1475 27030
14.1506 27030
14.1538 27030
14.1569 27030
14.1601 27030
14.1632 27030
14.1664 27030
14.1695 27030
14.1727 27030
14.1758 27030
14.179 27030
14.1821 27030
14.1853 27030
14.1884 27030
14.1916 27030
14.1947 27030
14.1979 27030
14.201 27030
14.2042 27030
14.2074 27030
14.2105 27030
14.2137 27030
14.2168 27030
14.22 27030
14.2231 27030
14.2263 27030
14.2294 27030
14.2326 27030
14.2357 27030
14.2389 27030
14.242 27030
14.2452 27030
14.2483 27030
14.2515 27030
14.2546 27030
14.2578 27030
14.2609 27030
14.2641 27030
14.2672 27030
14.2704 27030
14.2735 27030
14.2767 27030
14.2798 27030
14.283 27030
14.2862 27030
14.2893 27030
14.2925 27030
14.2956 27030
14.2988 27030
14.3019 27030
14.3051 27030
14.3082 27030
14.3114 27030
14.3145 27030
14.3177 27030
14.3208 27030
14.324 27030
14.3271 27030
14.3303 27030
14.3334 27030
14.3366 27030
14.3397 27030
14.3429 27030
14.346 27030
14.3492 27030
14.3523 27030
14.3555 27030
14.3586 27030
14.3618 27030
14.3649 27030
14.3681 27030
14.3713 27030
14.3744 27030
14.3776 27030
14.3807 27030
14.3839 27030
14.387 27030
14.3902 27030
14.3933 27030
14.3965 27030
14.3996 27030
14.4028 27030
14.4059 27030
14.4091 27030
14.4122 27030
14.4154 27030
14.4185 27030
14.4217 27030
14.4248 27030
14.428 27030
14.4311 27030
14.4343 27030
14.4374 27030
14.4406 27030
14.4437 27030
14.4469 27030
14.4501 27030
14.4532 27030
14.4564 27030
14.4595 27030
14.4627 27030
14.4658 27030
14.469 27030
14.4721 27030
14.4753 27030
14.4784 27030
14.4816 27030
14.4847 27030
14.4879 27030
14.491 27030
14.4942 27030
14.4973 27030
14.5005 27030
14.5036 27030
14.5068 27030
14.5099 27030
14.5131 27030
14.5162 27030
14.5194 27030
14.5225 27030
14.5257 27030
14.5289 27030
14.532 27030
14.5352 27030
14.5383 27030
14.5415 27030
14.5446 27030
14.5478 27030
14.5509 27030
14.5541 27030
14.5572 27030
14.5604 27030
14.5635 27030
14.5667 27030
14.5698 27030
14.573 27030
14.5761 27030
14.5793 27030
14.5824 27030
14.5856 27030
14.5887 27030
14.5919 27030
14.595 27030
14.5982 27030
14.6013 27030
14.6045 27030
14.6077 27030
14.6108 27030
14.614 27030
14.6171 27030
14.6203 27030
14.6234 27030
14.6266 27030
14.6297 27030
14.6329 27030
14.636 27030
14.6392 27030
14.6423 27030
14.6455 27030
14.6486 27030
14.6518 27030
14.6549 27030
14.6581 27030
14.6612 27030
14.6644 27030
14.6675 27030
14.6707 27030
14.6738 27030
14.677 27030
14.6801 27030
14.6833 27030
14.6865 27030
14.6896 27030
14.6928 27030
14.6959 27030
14.6991 27030
14.7022 27030
14.7054 27030
14.7085 27030
14.7117 27030
14.7148 27030
14.718 27030
14.7211 27030
14.7243 27030
14.7274 27030
14.7306 27030
14.7337 27030
14.7369 27030
14.74 27030
14.7432 27030
14.7463 27030
14.7495 27030
14.7526 27030
14.7558 27030
14.7589 27030
14.7621 27030
14.7653 27030
14.7684 27030
14.7716 27030
14.7747 27030
14.7779 27030
14.781 27030
14.7842 27030
14.7873 27030
14.7905 27030
14.7936 27030
14.7968 27030
14.7999 27030
14.8031 27030
14.8062 27030
14.8094 27030
14.8125 27030
14.8157 27030
14.8188 27030
14.822 27030
14.8251 27030
14.8283 27030
14.8314 27030
14.8346 27030
14.8377 27030
14.8409 27030
14.8441 27030
14.8472 27030
14.8504 27030
14.8535 27030
14.8567 27030
14.8598 27030
14.863 27030
14.8661 27030
14.8693 27030
14.8724 27030
14.8756 27030
14.8787 27030
14.8819 27030
14.885 27030
14.8882 27030
14.8913 27030
14.8945 27030
14.8976 27030
14.9008 27030
14.9039 27030
14.9071 27030
14.9102 27030
14.9134 27030
14.9165 27030
14.9197 27030
14.9229 27030
14.926 27030
14.9292 27030
14.9323 27030
14.9355 27030
14.9386 27030
14.9418 27030
14.9449 27030
14.9481 27030
14.9512 27030
14.9544 27030
14.9575 27030
14.9607 27030
14.9638 27030
14.967 27030
14.9701 27030
14.9733 27030
14.9764 27030
14.9796 27030
14.9827 27030
14.9859 27030
14.989 27030
14.9922 27030
14.9953 27030
14.9985 27030
15.0017 27030
15.0048 27030
15.008 27030
15.0111 27030
15.0143 27030
15.0174 27030
15.0206 27030
15.0237 27030
15.0269 27030
15.03 27030
15.0332 27030
15.0363 27030
15.0395 27030
15.0426 27030
15.0458 27030
15.0489 27030
15.0521 27030
15.0552 27030
15.0584 27030
15.0615 27030
15.0647 27030
15.0678 27030
15.071 27030
15.0741 27030
15.0773 27030
15.0805 27030
15.0836 27030
15.0868 27030
15.0899 27030
15.0931 27030
15.0962 27030
15.0994 27030
15.1025 27030
15.1057 27030
15.1088 27030
15.112 27030
15.1151 27030
15.1183 27030
15.1214 27030
15.1246 27030
15.1277 27030
15.1309 27030
15.134 27030
15.1372 27030
15.1403 27030
15.1435 27030
15.1466 27030
15.1498 27030
15.1529 27030
15.1561 27030
15.1593 27030
15.1624 27030
15.1656 27030
15.1687 27030
15.1719 27030
15.175 27030
15.1782 27030
15.1813 27030
15.1845 27030
15.1876 27030
15.1908 27030
15.1939 27030
15.1971 27030
15.2002 27030
15.2034 27030
15.2065 27030
15.2097 27030
15.2128 27030
15.216 27030
15.2191 27030
15.2223 27030
15.2254 27030
15.2286 27030
15.2317 27030
15.2349 27030
15.2381 27030
15.2412 27030
15.2444 27030
15.2475 27030
15.2507 27030
15.2538 27030
15.257 27030
15.2601 27030
15.2633 27030
15.2664 27030
15.2696 27030
15.2727 27030
15.2759 27030
15.279 27030
15.2822 27030
15.2853 27030
15.2885 27030
15.2916 27030
15.2948 27030
15.2979 27030
15.3011 27030
15.3042 27030
15.3074 27030
15.3105 27030
15.3137 27030
15.3169 27030
15.32 27030
15.3232 27030
15.3263 27030
15.3295 27030
15.3326 27030
15.3358 27030
15.3389 27030
15.3421 27030
15.3452 27030
15.3484 27030
15.3515 27030
15.3547 27030
15.3578 27030
15.361 27030
15.3641 27030
15.3673 27030
15.3704 27030
15.3736 27030
15.3767 27030
15.3799 27030
15.383 27030
15.3862 27030
15.3893 27030
15.3925 27030
15.3957 27030
15.3988 27030
15.402 27030
15.4051 27030
15.4083 27030
15.4114 27030
15.4146 27030
15.4177 27030
15.4209 27030
15.424 27030
15.4272 27030
15.4303 27030
15.4335 27030
15.4366 27030
15.4398 27030
15.4429 27030
15.4461 27030
15.4492 27030
15.4524 27030
15.4555 27030
15.4587 27030
15.4618 27030
15.465 27030
15.4681 27030
15.4713 27030
15.4745 27030
15.4776 27030
15.4808 27030
15.4839 27030
15.4871 27030
15.4902 27030
15.4934 27030
15.4965 27030
15.4997 27030
15.5028 27030
15.506 27030
15.5091 27030
15.5123 27030
15.5154 27030
15.5186 27030
15.5217 27030
15.5249 27030
15.528 27030
15.5312 27030
15.5343 27030
15.5375 27030
15.5406 27030
15.5438 27030
15.5469 27030
15.5501 27030
15.5533 27030
15.5564 27030
15.5596 27030
15.5627 27030
15.5659 27030
15.569 27030
15.5722 27030
15.5753 27030
15.5785 27030
15.5816 27030
15.5848 27030
15.5879 27030
15.5911 27030
15.5942 27030
15.5974 27030
15.6005 27030
15.6037 27030
15.6068 27030
15.61 27030
15.6131 27030
15.6163 27030
15.6194 27030
15.6226 27030
15.6257 27030
15.6289 27030
15.6321 27030
15.6352 27030
15.6384 27030
15.6415 27030
15.6447 27030
15.6478 27030
15.651 27030
15.6541 27030
15.6573 27030
15.6604 27030
15.6636 27030
15.6667 27030
15.6699 27030
15.673 27030
15.6762 27030
15.6793 27030
15.6825 27030
15.6856 27030
15.6888 27030
15.6919 27030
15.6951 27030
15.6982 27030
15.7014 27030
15.7045 27030
15.7077 27030
15.7109 27030
15.714 27030
15.7172 27030
15.7203 27030
15.7235 27030
15.7266 27030
15.7298 27030
15.7329 27030
15.7361 27030
15.7392 27030
15.7424 27030
15.7455 27030
15.7487 27030
15.7518 27030
15.755 27030
15.7581 27030
15.7613 27030
15.7644 27030
15.7676 27030
15.7707 27030
15.7739 27030
15.777 27030
15.7802 27030
15.7833 27030
15.7865 27030
15.7897 27030
15.7928 27030
15.796 27030
15.7991 27030
15.8023 27030
15.8054 27030
15.8086 27030
15.8117 27030
15.8149 27030
15.818 27030
15.8212 27030
15.8243 27030
15.8275 27030
15.8306 27030
15.8338 27030
15.8369 27030
15.8401 27030
15.8432 27030
15.8464 27030
15.8495 27030
15.8527 27030
15.8558 27030
15.859 27030
15.8621 27030
15.8653 27030
15.8685 27030
15.8716 27030
15.8748 27030
15.8779 27030
15.8811 27030
15.8842 27030
15.8874 27030
15.8905 27030
15.8937 27030
15.8968 27030
15.9 27030
15.9031 27030
15.9063 27030
15.9094 27030
15.9126 27030
15.9157 27030
15.9189 27030
15.922 27030
15.9252 27030
15.9283 27030
15.9315 27030
15.9346 27030
15.9378 27030
15.9409 27030
15.9441 27030
15.9473 27030
15.9504 27030
15.9536 27030
15.9567 27030
15.9599 27030
15.963 27030
15.9662 27030
15.9693 27030
15.9725 27030
15.9756 27030
15.9788 27030
15.9819 27030
15.9851 27030
15.9882 27030
15.9914 27030
15.9945 27030
15.9977 27030
16.0008 27030
16.004 27030
16.0071 27030
16.0103 27030
16.0134 27030
16.0166 27030
16.0197 27030
16.0229 27030
16.0261 27030
16.0292 27030
16.0324 27030
16.0355 27030
16.0387 27030
16.0418 27030
16.045 27030
16.0481 27030
16.0513 27030
16.0544 27030
16.0576 27030
16.0607 27030
16.0639 27030
16.067 27030
16.0702 27030
16.0733 27030
16.0765 27030
16.0796 27030
16.0828 27030
16.0859 27030
16.0891 27030
16.0922 27030
16.0954 27030
16.0985 27030
16.1017 27030
16.1049 27030
16.108 27030
16.1112 27030
16.1143 27030
16.1175 27030
16.1206 27030
16.1238 27030
16.1269 27030
16.1301 27030
16.1332 27030
16.1364 27030
16.1395 27030
16.1427 27030
16.1458 27030
16.149 27030
16.1521 27030
16.1553 27030
16.1584 27030
16.1616 27030
16.1647 27030
16.1679 27030
16.171 27030
16.1742 27030
16.1773 27030
16.1805 27030
16.1837 27030
16.1868 27030
16.19 27030
16.1931 27030
16.1963 27030
16.1994 27030
16.2026 27030
16.2057 27030
16.2089 27030
16.212 27030
16.2152 27030
16.2183 27030
16.2215 27030
16.2246 27030
16.2278 27030
16.2309 27030
16.2341 27030
16.2372 27030
16.2404 27030
16.2435 27030
16.2467 27030
16.2498 27030
16.253 27030
16.2561 27030
16.2593 27030
16.2625 27030
16.2656 27030
16.2688 27030
16.2719 27030
16.2751 27030
16.2782 27030
16.2814 27030
16.2845 27030
16.2877 27030
16.2908 27030
16.294 27030
16.2971 27030
16.3003 27030
16.3034 27030
16.3066 27030
16.3097 27030
16.3129 27030
16.316 27030
16.3192 27030
16.3223 27030
16.3255 27030
16.3286 27030
16.3318 27030
16.3349 27030
16.3381 27030
16.3413 27030
16.3444 27030
16.3476 27030
16.3507 27030
16.3539 27030
16.357 27030
16.3602 27030
16.3633 27030
16.3665 27030
16.3696 27030
16.3728 27030
16.3759 27030
16.3791 27030
16.3822 27030
16.3854 27030
16.3885 27030
16.3917 27030
16.3948 27030
16.398 27030
16.4011 27030
16.4043 27030
16.4074 27030
16.4106 27030
16.4137 27030
16.4169 27030
16.4201 27030
16.4232 27030
16.4264 27030
16.4295 27030
16.4327 27030
16.4358 27030
16.439 27030
16.4421 27030
16.4453 27030
16.4484 27030
16.4516 27030
16.4547 27030
16.4579 27030
16.461 27030
16.4642 27030
16.4673 27030
16.4705 27030
16.4736 27030
16.4768 27030
16.4799 27030
16.4831 27030
16.4862 27030
16.4894 27030
16.4925 27030
16.4957 27030
16.4989 27030
16.502 27030
16.5052 27030
16.5083 27030
16.5115 27030
16.5146 27030
16.5178 27030
16.5209 27030
16.5241 27030
16.5272 27030
16.5304 27030
16.5335 27030
16.5367 27030
16.5398 27030
16.543 27030
16.5461 27030
16.5493 27030
16.5524 27030
16.5556 27030
16.5587 27030
16.5619 27030
16.565 27030
16.5682 27030
16.5713 27030
16.5745 27030
16.5777 27030
16.5808 27030
16.584 27030
16.5871 27030
16.5903 27030
16.5934 27030
16.5966 27030
16.5997 27030
16.6029 27030
16.606 27030
16.6092 27030
16.6123 27030
16.6155 27030
16.6186 27030
16.6218 27030
16.6249 27030
16.6281 27030
16.6312 27030
16.6344 27030
16.6375 27030
16.6407 27030
16.6438 27030
16.647 27030
16.6501 27030
16.6533 27030
16.6565 27030
16.6596 27030
16.6628 27030
16.6659 27030
16.6691 27030
16.6722 27030
16.6754 27030
16.6785 27030
16.6817 27030
16.6848 27030
16.688 27030
16.6911 27030
16.6943 27030
16.6974 27030
16.7006 27030
16.7037 27030
16.7069 27030
16.71 27030
16.7132 27030
16.7163 27030
16.7195 27030
16.7226 27030
16.7258 27030
16.7289 27030
16.7321 27030
16.7353 27030
16.7384 27030
16.7416 27030
16.7447 27030
16.7479 27030
16.751 27030
16.7542 27030
16.7573 27030
16.7605 27030
16.7636 27030
16.7668 27030
16.7699 27030
16.7731 27030
16.7762 27030
16.7794 27030
16.7825 27030
16.7857 27030
16.7888 27030
16.792 27030
16.7951 27030
16.7983 27030
16.8014 27030
16.8046 27030
16.8077 27030
16.8109 27030
16.8141 27030
16.8172 27030
16.8204 27030
16.8235 27030
16.8267 27030
16.8298 27030
16.833 27030
16.8361 27030
16.8393 27030
16.8424 27030
16.8456 27030
16.8487 27030
16.8519 27030
16.855 27030
16.8582 27030
16.8613 27030
16.8645 27030
16.8676 27030
16.8708 27030
16.8739 27030
16.8771 27030
16.8802 27030
16.8834 27030
16.8865 27030
16.8897 27030
16.8929 27030
16.896 27030
16.8992 27030
16.9023 27030
16.9055 27030
16.9086 27030
16.9118 27030
16.9149 27030
16.9181 27030
16.9212 27030
16.9244 27030
16.9275 27030
16.9307 27030
16.9338 27030
16.937 27030
16.9401 27030
16.9433 27030
16.9464 27030
16.9496 27030
16.9527 27030
16.9559 27030
16.959 27030
16.9622 27030
16.9653 27030
16.9685 27030
16.9717 27030
16.9748 27030
16.978 27030
16.9811 27030
16.9843 27030
16.9874 27030
16.9906 27030
16.9937 27030
16.9969 27030
17 27030
17.0032 27030
17.0063 27030
17.0095 27030
17.0126 27030
17.0158 27030
17.0189 27030
17.0221 27030
17.0252 27030
17.0284 27030
17.0315 27030
17.0347 27030
17.0378 27030
17.041 27030
17.0441 27030
17.0473 27030
17.0505 27030
17.0536 27030
17.0568 27030
17.0599 27030
17.0631 27030
17.0662 27030
17.0694 27030
17.0725 27030
17.0757 27030
17.0788 27030
17.082 27030
17.0851 27030
17.0883 27030
17.0914 27030
17.0946 27030
17.0977 27030
17.1009 27030
17.104 27030
17.1072 27030
17.1103 27030
17.1135 27030
17.1166 27030
17.1198 27030
17.1229 27030
17.1261 27030
17.1293 27030
17.1324 27030
17.1356 27030
17.1387 27030
17.1419 27030
17.145 27030
17.1482 27030
17.1513 27030
17.1545 27030
17.1576 27030
17.1608 27030
17.1639 27030
17.1671 27030
17.1702 27030
17.1734 27030
17.1765 27030
17.1797 27030
17.1828 27030
17.186 27030
17.1891 27030
17.1923 27030
17.1954 27030
17.1986 27030
17.2017 27030
17.2049 27030
17.2081 27030
17.2112 27030
17.2144 27030
17.2175 27030
17.2207 27030
17.2238 27030
17.227 27030
17.2301 27030
17.2333 27030
17.2364 27030
17.2396 27030
17.2427 27030
17.2459 27030
17.249 27030
17.2522 27030
17.2553 27030
17.2585 27030
17.2616 27030
17.2648 27030
17.2679 27030
17.2711 27030
17.2742 27030
17.2774 27030
17.2805 27030
17.2837 27030
17.2869 27030
17.29 27030
17.2932 27030
17.2963 27030
17.2995 27030
17.3026 27030
17.3058 27030
17.3089 27030
17.3121 27030
17.3152 27030
17.3184 27030
17.3215 27030
17.3247 27030
17.3278 27030
17.331 27030
17.3341 27030
17.3373 27030
17.3404 27030
17.3436 27030
17.3467 27030
17.3499 27030
17.353 27030
17.3562 27030
17.3593 27030
17.3625 27030
17.3657 27030
17.3688 27030
17.372 27030
17.3751 27030
17.3783 27030
17.3814 27030
17.3846 27030
17.3877 27030
17.3909 27030
17.394 27030
17.3972 27030
17.4003 27030
17.4035 27030
17.4066 27030
17.4098 27030
17.4129 27030
17.4161 27030
17.4192 27030
17.4224 27030
17.4255 27030
17.4287 27030
17.4318 27030
17.435 27030
17.4381 27030
17.4413 27030
17.4445 27030
17.4476 27030
17.4508 27030
17.4539 27030
17.4571 27030
17.4602 27030
17.4634 27030
17.4665 27030
17.4697 27030
17.4728 27030
17.476 27030
17.4791 27030
17.4823 27030
17.4854 27030
17.4886 27030
17.4917 27030
17.4949 27030
17.498 27030
17.5012 27030
17.5043 27030
17.5075 27030
17.5106 27030
17.5138 27030
17.5169 27030
17.5201 27030
17.5233 27030
17.5264 27030
17.5296 27030
17.5327 27030
17.5359 27030
17.539 27030
17.5422 27030
17.5453 27030
17.5485 27030
17.5516 27030
17.5548 27030
17.5579 27030
17.5611 27030
17.5642 27030
17.5674 27030
17.5705 27030
17.5737 27030
17.5768 27030
17.58 27030
17.5831 27030
17.5863 27030
17.5894 27030
17.5926 27030
17.5957 27030
17.5989 27030
17.6021 27030
17.6052 27030
17.6084 27030
17.6115 27030
17.6147 27030
17.6178 27030
17.621 27030
17.6241 27030
17.6273 27030
17.6304 27030
17.6336 27030
17.6367 27030
17.6399 27030
17.643 27030
17.6462 27030
17.6493 27030
17.6525 27030
17.6556 27030
17.6588 27030
17.6619 27030
17.6651 27030
17.6682 27030
17.6714 27030
17.6745 27030
17.6777 27030
17.6809 27030
17.684 27030
17.6872 27030
17.6903 27030
17.6935 27030
17.6966 27030
17.6998 27030
17.7029 27030
17.7061 27030
17.7092 27030
17.7124 27030
17.7155 27030
17.7187 27030
17.7218 27030
17.725 27030
17.7281 27030
17.7313 27030
17.7344 27030
17.7376 27030
17.7407 27030
17.7439 27030
17.747 27030
17.7502 27030
17.7533 27030
17.7565 27030
17.7597 27030
17.7628 27030
17.766 27030
17.7691 27030
17.7723 27030
17.7754 27030
17.7786 27030
17.7817 27030
17.7849 27030
17.788 27030
17.7912 27030
17.7943 27030
17.7975 27030
17.8006 27030
17.8038 27030
17.8069 27030
17.8101 27030
17.8132 27030
17.8164 27030
17.8195 27030
17.8227 27030
17.8258 27030
17.829 27030
17.8321 27030
17.8353 27030
17.8385 27030
17.8416 27030
17.8448 27030
17.8479 27030
17.8511 27030
17.8542 27030
17.8574 27030
17.8605 27030
17.8637 27030
17.8668 27030
17.87 27030
17.8731 27030
17.8763 27030
17.8794 27030
17.8826 27030
17.8857 27030
17.8889 27030
17.892 27030
17.8952 27030
17.8983 27030
17.9015 27030
17.9046 27030
17.9078 27030
17.9109 27030
17.9141 27030
17.9173 27030
17.9204 27030
17.9236 27030
17.9267 27030
17.9299 27030
17.933 27030
17.9362 27030
17.9393 27030
17.9425 27030
17.9456 27030
17.9488 27030
17.9519 27030
17.9551 27030
17.9582 27030
17.9614 27030
17.9645 27030
17.9677 27030
17.9708 27030
17.974 27030
17.9771 27030
17.9803 27030
17.9834 27030
17.9866 27030
17.9897 27030
17.9929 27030
17.9961 27030
17.9992 27030
18.0024 27030
18.0055 27030
18.0087 27030
18.0118 27030
18.015 27030
18.0181 27030
18.0213 27030
18.0244 27030
18.0276 27030
18.0307 27030
18.0339 27030
18.037 27030
18.0402 27030
18.0433 27030
18.0465 27030
18.0496 27030
18.0528 27030
18.0559 27030
18.0591 27030
18.0622 27030
18.0654 27030
18.0685 27030
18.0717 27030
18.0749 27030
18.078 27030
18.0812 27030
18.0843 27030
18.0875 27030
18.0906 27030
18.0938 27030
18.0969 27030
18.1001 27030
18.1032 27030
18.1064 27030
18.1095 27030
18.1127 27030
18.1158 27030
18.119 27030
18.1221 27030
18.1253 27030
18.1284 27030
18.1316 27030
18.1347 27030
18.1379 27030
18.141 27030
18.1442 27030
18.1473 27030
18.1505 27030
18.1537 27030
18.1568 27030
18.16 27030
18.1631 27030
18.1663 27030
18.1694 27030
18.1726 27030
18.1757 27030
18.1789 27030
18.182 27030
18.1852 27030
18.1883 27030
18.1915 27030
18.1946 27030
18.1978 27030
18.2009 27030
18.2041 27030
18.2072 27030
18.2104 27030
18.2135 27030
18.2167 27030
18.2198 27030
18.223 27030
18.2261 27030
18.2293 27030
18.2325 27030
18.2356 27030
18.2388 27030
18.2419 27030
18.2451 27030
18.2482 27030
18.2514 27030
18.2545 27030
18.2577 27030
18.2608 27030
18.264 27030
18.2671 27030
18.2703 27030
18.2734 27030
18.2766 27030
18.2797 27030
18.2829 27030
18.286 27030
18.2892 27030
18.2923 27030
18.2955 27030
18.2986 27030
18.3018 27030
18.3049 27030
18.3081 27030
18.3113 27030
18.3144 27030
18.3176 27030
18.3207 27030
18.3239 27030
18.327 27030
18.3302 27030
18.3333 27030
18.3365 27030
18.3396 27030
18.3428 27030
18.3459 27030
18.3491 27030
18.3522 27030
18.3554 27030
18.3585 27030
18.3617 27030
18.3648 27030
18.368 27030
18.3711 27030
18.3743 27030
18.3774 27030
18.3806 27030
18.3837 27030
18.3869 27030
18.3901 27030
18.3932 27030
18.3964 27030
18.3995 27030
18.4027 27030
18.4058 27030
18.409 27030
18.4121 27030
18.4153 27030
18.4184 27030
18.4216 27030
18.4247 27030
18.4279 27030
18.431 27030
18.4342 27030
18.4373 27030
18.4405 27030
18.4436 27030
18.4468 27030
18.4499 27030
18.4531 27030
18.4562 27030
18.4594 27030
18.4625 27030
18.4657 27030
18.4689 27030
18.472 27030
18.4752 27030
18.4783 27030
18.4815 27030
18.4846 27030
18.4878 27030
18.4909 27030
18.4941 27030
18.4972 27030
18.5004 27030
18.5035 27030
18.5067 27030
18.5098 27030
18.513 27030
18.5161 27030
18.5193 27030
18.5224 27030
18.5256 27030
18.5287 27030
18.5319 27030
18.535 27030
18.5382 27030
18.5413 27030
18.5445 27030
18.5477 27030
18.5508 27030
18.554 27030
18.5571 27030
18.5603 27030
18.5634 27030
18.5666 27030
18.5697 27030
18.5729 27030
18.576 27030
18.5792 27030
18.5823 27030
18.5855 27030
18.5886 27030
18.5918 27030
18.5949 27030
18.5981 27030
18.6012 27030
18.6044 27030
18.6075 27030
18.6107 27030
18.6138 27030
18.617 27030
18.6201 27030
18.6233 27030
18.6265 27030
18.6296 27030
18.6328 27030
18.6359 27030
18.6391 27030
18.6422 27030
18.6454 27030
18.6485 27030
18.6517 27030
18.6548 27030
18.658 27030
18.6611 27030
18.6643 27030
18.6674 27030
18.6706 27030
18.6737 27030
18.6769 27030
18.68 27030
18.6832 27030
18.6863 27030
18.6895 27030
18.6926 27030
18.6958 27030
18.6989 27030
18.7021 27030
18.7053 27030
18.7084 27030
18.7116 27030
18.7147 27030
18.7179 27030
18.721 27030
18.7242 27030
18.7273 27030
18.7305 27030
18.7336 27030
18.7368 27030
18.7399 27030
18.7431 27030
18.7462 27030
18.7494 27030
18.7525 27030
18.7557 27030
18.7588 27030
18.762 27030
18.7651 27030
18.7683 27030
18.7714 27030
18.7746 27030
18.7777 27030
18.7809 27030
18.7841 27030
18.7872 27030
18.7904 27030
18.7935 27030
18.7967 27030
18.7998 27030
18.803 27030
18.8061 27030
18.8093 27030
18.8124 27030
18.8156 27030
18.8187 27030
18.8219 27030
18.825 27030
18.8282 27030
18.8313 27030
18.8345 27030
18.8376 27030
18.8408 27030
18.8439 27030
18.8471 27030
18.8502 27030
18.8534 27030
18.8565 27030
18.8597 27030
18.8629 27030
18.866 27030
18.8692 27030
18.8723 27030
18.8755 27030
18.8786 27030
18.8818 27030
18.8849 27030
18.8881 27030
18.8912 27030
18.8944 27030
18.8975 27030
18.9007 27030
18.9038 27030
18.907 27030
18.9101 27030
18.9133 27030
18.9164 27030
18.9196 27030
18.9227 27030
18.9259 27030
18.929 27030
18.9322 27030
18.9353 27030
18.9385 27030
18.9417 27030
18.9448 27030
18.948 27030
18.9511 27030
18.9543 27030
18.9574 27030
18.9606 27030
18.9637 27030
18.9669 27030
18.97 27030
18.9732 27030
18.9763 27030
18.9795 27030
18.9826 27030
18.9858 27030
18.9889 27030
18.9921 27030
18.9952 27030
18.9984 27030
19.0015 27030
19.0047 27030
19.0078 27030
19.011 27030
19.0141 27030
19.0173 27030
19.0205 27030
19.0236 27030
19.0268 27030
19.0299 27030
19.0331 27030
19.0362 27030
19.0394 27030
19.0425 27030
19.0457 27030
19.0488 27030
19.052 27030
19.0551 27030
19.0583 27030
19.0614 27030
19.0646 27030
19.0677 27030
19.0709 27030
19.074 27030
19.0772 27030
19.0803 27030
19.0835 27030
19.0866 27030
19.0898 27030
19.0929 27030
19.0961 27030
19.0993 27030
19.1024 27030
19.1056 27030
19.1087 27030
19.1119 27030
19.115 27030
19.1182 27030
19.1213 27030
19.1245 27030
19.1276 27030
19.1308 27030
19.1339 27030
19.1371 27030
19.1402 27030
19.1434 27030
19.1465 27030
19.1497 27030
19.1528 27030
19.156 27030
19.1591 27030
19.1623 27030
19.1654 27030
19.1686 27030
19.1717 27030
19.1749 27030
19.1781 27030
19.1812 27030
19.1844 27030
19.1875 27030
19.1907 27030
19.1938 27030
19.197 27030
19.2001 27030
19.2033 27030
19.2064 27030
19.2096 27030
19.2127 27030
19.2159 27030
19.219 27030
19.2222 27030
19.2253 27030
19.2285 27030
19.2316 27030
19.2348 27030
19.2379 27030
19.2411 27030
19.2442 27030
19.2474 27030
19.2505 27030
19.2537 27030
19.2569 27030
19.26 27030
19.2632 27030
19.2663 27030
19.2695 27030
19.2726 27030
19.2758 27030
19.2789 27030
19.2821 27030
19.2852 27030
19.2884 27030
19.2915 27030
19.2947 27030
19.2978 27030
19.301 27030
19.3041 27030
19.3073 27030
19.3104 27030
19.3136 27030
19.3167 27030
19.3199 27030
19.323 27030
19.3262 27030
19.3293 27030
19.3325 27030
19.3357 27030
19.3388 27030
19.342 27030
19.3451 27030
19.3483 27030
19.3514 27030
19.3546 27030
19.3577 27030
19.3609 27030
19.364 27030
19.3672 27030
19.3703 27030
19.3735 27030
19.3766 27030
19.3798 27030
19.3829 27030
19.3861 27030
19.3892 27030
19.3924 27030
19.3955 27030
19.3987 27030
19.4018 27030
19.405 27030
19.4081 27030
19.4113 27030
19.4145 27030
19.4176 27030
19.4208 27030
19.4239 27030
19.4271 27030
19.4302 27030
19.4334 27030
19.4365 27030
19.4397 27030
19.4428 27030
19.446 27030
19.4491 27030
19.4523 27030
19.4554 27030
19.4586 27030
19.4617 27030
19.4649 27030
19.468 27030
19.4712 27030
19.4743 27030
19.4775 27030
19.4806 27030
19.4838 27030
19.4869 27030
19.4901 27030
19.4933 27030
19.4964 27030
19.4996 27030
19.5027 27030
19.5059 27030
19.509 27030
19.5122 27030
19.5153 27030
19.5185 27030
19.5216 27030
19.5248 27030
19.5279 27030
19.5311 27030
19.5342 27030
19.5374 27030
19.5405 27030
19.5437 27030
19.5468 27030
19.55 27030
19.5531 27030
19.5563 27030
19.5594 27030
19.5626 27030
19.5657 27030
19.5689 27030
19.5721 27030
19.5752 27030
19.5784 27030
19.5815 27030
19.5847 27030
19.5878 27030
19.591 27030
19.5941 27030
19.5973 27030
19.6004 27030
19.6036 27030
19.6067 27030
19.6099 27030
19.613 27030
19.6162 27030
19.6193 27030
19.6225 27030
19.6256 27030
19.6288 27030
19.6319 27030
19.6351 27030
19.6382 27030
19.6414 27030
19.6445 27030
19.6477 27030
19.6509 27030
19.654 27030
19.6572 27030
19.6603 27030
19.6635 27030
19.6666 27030
19.6698 27030
19.6729 27030
19.6761 27030
19.6792 27030
19.6824 27030
19.6855 27030
19.6887 27030
19.6918 27030
19.695 27030
19.6981 27030
19.7013 27030
19.7044 27030
19.7076 27030
19.7107 27030
19.7139 27030
19.717 27030
19.7202 27030
19.7233 27030
19.7265 27030
19.7297 27030
19.7328 27030
19.736 27030
19.7391 27030
19.7423 27030
19.7454 27030
19.7486 27030
19.7517 27030
19.7549 27030
19.758 27030
19.7612 27030
19.7643 27030
19.7675 27030
19.7706 27030
19.7738 27030
19.7769 27030
19.7801 27030
19.7832 27030
19.7864 27030
19.7895 27030
19.7927 27030
19.7958 27030
19.799 27030
19.8021 27030
19.8053 27030
19.8085 27030
19.8116 27030
19.8148 27030
19.8179 27030
19.8211 27030
19.8242 27030
19.8274 27030
19.8305 27030
19.8337 27030
19.8368 27030
19.84 27030
19.8431 27030
19.8463 27030
19.8494 27030
19.8526 27030
19.8557 27030
19.8589 27030
19.862 27030
19.8652 27030
19.8683 27030
19.8715 27030
19.8746 27030
19.8778 27030
19.8809 27030
19.8841 27030
19.8873 27030
19.8904 27030
19.8936 27030
19.8967 27030
19.8999 27030
19.903 27030
19.9062 27030
19.9093 27030
19.9125 27030
19.9156 27030
19.9188 27030
19.9219 27030
19.9251 27030
19.9282 27030
19.9314 27030
19.9345 27030
19.9377 27030
19.9408 27030
19.944 27030
19.9471 27030
19.9503 27030
19.9534 27030
19.9566 27030
19.9597 27030
19.9629 27030
19.9661 27030
19.9692 27030
19.9724 27030
19.9755 27030
19.9787 27030
19.9818 27030
19.985 27030
19.9881 27030
19.9913 27030
19.9944 27030
19.9976 27030
20.0007 27030
20.0039 27030
20.007 27030
20.0102 27030
20.0133 27030
20.0165 27030
20.0196 27030
20.0228 27030
20.0259 27030
20.0291 27030
20.0322 27030
20.0354 27030
20.0385 27030
20.0417 27030
20.0449 27030
20.048 27030
20.0512 27030
20.0543 27030
20.0575 27030
20.0606 27030
20.0638 27030
20.0669 27030
20.0701 27030
20.0732 27030
20.0764 27030
20.0795 27030
20.0827 27030
20.0858 27030
20.089 27030
20.0921 27030
20.0953 27030
20.0984 27030
