0.0 0
0.0905768 0.09
0.18279 0.09025
0.276537 0.0907188
0.370283 0.0911289
0.462454 0.102988
0.465606 0.101989
0.5562 0.100991
0.559352 0.100492
0.562504 0.100055
0.649946 0.0991734
0.653098 0.0989017
0.65625 0.098664
0.659402 0.098456
0.742117 0.108649
0.745269 0.107068
0.748421 0.105559
0.751573 0.104614
0.754725 0.103788
0.757877 0.103064
0.834287 0.112056
0.837439 0.109924
0.840591 0.108059
0.843743 0.106801
0.846895 0.105701
0.850047 0.104864
0.853199 0.104506
0.856351 0.104192
0.859503 0.103918
0.926458 0.112054
0.92961 0.109922
0.932762 0.108057
0.935914 0.1068
0.939066 0.105825
0.942218 0.104972
0.94537 0.1046
0.948522 0.104275
0.951674 0.103866
0.954826 0.103882
0.957978 0.103897
0.96113 0.104035
0.964282 0.104531
0.967434 0.104964
1.0202 0.103594
1.02336 0.10277
1.02651 0.102048
1.02966 0.101417
1.03281 0.10124
1.03596 0.101085
1.03912 0.100949
1.04227 0.101206
1.04542 0.10143
1.04857 0.101626
1.05172 0.102173
1.05488 0.102651
1.05803 0.103195
1.06118 0.104046
1.06433 0.10479
1.06748 0.105441
1.07064 0.106386
1.07379 0.107088
1.07694 0.107702
1.08009 0.108739
1.08324 0.109647
1.11395 0.107566
1.1171 0.106245
1.12025 0.105089
1.12341 0.104078
1.12656 0.103569
1.12971 0.103122
1.13286 0.102732
1.13601 0.102891
1.13917 0.103029
1.14232 0.103026
1.14547 0.103397
1.14862 0.103723
1.15177 0.104007
1.15493 0.104631
1.15808 0.105303
1.16123 0.10589
1.16438 0.106779
1.16753 0.107556
1.17069 0.108112
1.17384 0.108973
1.17699 0.109726
1.18014 0.11051
1.18329 0.111572
1.18645 0.1125
1.1896 0.113313
1.19275 0.114399
1.1959 0.115349
1.19905 0.116305
1.20221 0.117517
1.20536 0.118452
1.20851 0.119271
1.21166 0.120362
1.21481 0.117942
1.21797 0.115699
1.22112 0.114237
1.22427 0.112957
1.22742 0.111837
1.23057 0.111233
1.23373 0.110704
1.23688 0.110241
1.24003 0.110336
1.24318 0.110419
1.24633 0.110366
1.24949 0.110696
1.25264 0.110984
1.25579 0.111236
1.25894 0.111831
1.26209 0.112477
1.26525 0.113043
1.2684 0.113912
1.27155 0.114673
1.2747 0.115339
1.27785 0.116297
1.28101 0.117135
1.28416 0.117868
1.28731 0.118884
1.29046 0.119774
1.29361 0.120552
1.29677 0.121608
1.29992 0.122532
1.30307 0.123466
1.30622 0.124657
1.30937 0.1257
1.31253 0.126488
1.31568 0.127552
1.31883 0.128483
1.32198 0.129297
1.32513 0.13051
1.32829 0.131571
1.33144 0.1325
1.33459 0.133688
1.33774 0.134727
1.34089 0.135511
1.34405 0.136697
1.3472 0.137735
1.35035 0.138643
1.3535 0.139813
1.35665 0.140836
1.35981 0.141732
1.36296 0.14289
1.36611 0.144029
1.36926 0.145025
1.37241 0.146272
1.37557 0.147238
1.37872 0.148083
1.38187 0.149198
1.38502 0.150298
1.38817 0.151261
1.39133 0.152478
1.39448 0.153543
1.39763 0.154476
1.40078 0.155666
1.40393 0.156583
1.40709 0.15751
1.41024 0.158696
1.41339 0.159734
1.41654 0.160642
1.41969 0.161812
1.42285 0.162836
1.426 0.163731
1.42915 0.165015
1.4323 0.166138
1.43545 0.166996
1.43861 0.168121
1.44176 0.169106
1.44491 0.169968
1.44806 0.171222
1.45121 0.172319
1.45437 0.173279
1.45752 0.174494
1.46067 0.175558
1.46382 0.176363
1.46697 0.177442
1.47013 0.178512
1.47328 0.179448
1.47643 0.180642
1.47958 0.181687
1.48273 0.182601
1.48589 0.183776
1.48904 0.184929
1.49219 0.185938
1.49534 0.187196
1.49849 0.188171
1.50165 0.189025
1.5048 0.190147
1.50795 0.191128
1.5111 0.192112
1.51425 0.193348
1.51741 0.19443
1.52056 0.195376
1.52371 0.196579
1.52686 0.197632
1.53001 0.198553
1.53317 0.199734
1.53632 0.200767
1.53947 0.201671
1.54262 0.202837
1.54577 0.203858
1.54893 0.20475
1.55208 0.206032
1.55523 0.207153
1.55838 0.208009
1.56153 0.209132
1.56469 0.210116
1.56784 0.210976
1.57099 0.212104
1.57414 0.213216
1.57729 0.214189
1.58045 0.215416
1.5836 0.216489
1.58675 0.217428
1.5899 0.218624
1.59305 0.219671
1.59621 0.220587
1.59936 0.221764
1.60251 0.222793
1.60566 0.223694
1.60881 0.224857
1.61197 0.225875
1.61512 0.226891
1.61827 0.228154
1.62142 0.229135
1.62457 0.229993
1.62773 0.231119
1.63088 0.232104
1.63403 0.233091
1.63718 0.23433
1.64033 0.235414
1.64349 0.236362
1.64664 0.237567
1.64979 0.238621
1.65294 0.239418
1.65609 0.240616
1.65925 0.241664
1.6624 0.242581
1.66555 0.243758
1.6687 0.244789
1.67185 0.24569
1.67501 0.246979
1.67816 0.248106
1.68131 0.249093
1.68446 0.250331
1.68761 0.25129
1.69077 0.252129
1.69392 0.253238
1.69707 0.254333
1.70022 0.255291
1.70337 0.256505
1.70653 0.257567
1.70968 0.258496
1.71283 0.259684
1.71598 0.260598
1.71913 0.261524
1.72229 0.262708
1.72544 0.263745
1.72859 0.264652
1.73174 0.26582
1.73489 0.266843
1.73805 0.267862
1.7412 0.26913
1.74435 0.270238
1.7475 0.271084
1.75065 0.272198
1.75381 0.273173
1.75696 0.274027
1.76011 0.275273
1.76326 0.276364
1.76641 0.277319
1.76957 0.278529
1.77272 0.279588
1.77587 0.280389
1.77902 0.281591
1.78217 0.282642
1.78533 0.283562
1.78848 0.284741
1.79163 0.285774
1.79478 0.286677
1.79793 0.287842
1.80109 0.288987
1.80424 0.289989
1.80739 0.29124
1.81054 0.29221
1.81369 0.293059
1.81685 0.294176
1.82 0.295154
1.82315 0.296135
1.8263 0.297368
1.82945 0.298447
1.83261 0.299391
1.83576 0.300592
1.83891 0.301518
1.84206 0.302454
1.84521 0.303647
1.84837 0.304691
1.85152 0.305605
1.85467 0.306779
1.85782 0.307807
1.86097 0.308706
1.86413 0.309993
1.86728 0.311119
1.87043 0.311979
1.87358 0.313106
1.87673 0.314093
1.87989 0.314956
1.88304 0.316212
1.88619 0.31731
1.88934 0.318272
1.89249 0.319488
1.89565 0.320552
1.8988 0.321483
1.90195 0.322672
1.9051 0.323713
1.90825 0.324624
1.91141 0.325796
1.91456 0.326822
1.91771 0.327719
1.92086 0.328879
1.92401 0.330019
1.92717 0.331017
3.10129 0.31264
3.10444 0.29656
3.10759 0.28249
3.11074 0.270179
3.11389 0.259406
3.11705 0.250105
3.1202 0.241967
3.12335 0.234721
3.1265 0.228381
3.12965 0.222834
3.13438 0.218229
3.13753 0.214326
3.14069 0.21116
3.14384 0.208515
3.14699 0.206451
3.15014 0.204894
3.15329 0.203782
3.15645 0.202935
3.1596 0.202318
3.16275 0.202028
3.1659 0.2019
3.16905 0.202162
3.17221 0.202517
3.17536 0.202952
3.17851 0.203583
3.18166 0.20426
3.18481 0.205103
3.18797 0.205965
3.19112 0.207094
3.19427 0.208208
3.19742 0.209307
3.20057 0.210518
3.20373 0.211703
3.20688 0.212991
3.21003 0.214367
3.21318 0.215821
3.21633 0.217218
3.21949 0.218566
3.22264 0.219995
3.22579 0.221371
3.22894 0.222824
3.23209 0.224346
3.23525 0.225928
3.2384 0.227437
3.24155 0.228882
3.2447 0.230397
3.24785 0.231848
3.25101 0.233492
3.25416 0.235055
3.25731 0.236673
3.26046 0.238214
3.26361 0.239687
3.26677 0.241226
3.26992 0.242698
3.27307 0.244361
3.27622 0.245941
3.27937 0.247448
3.28252 0.249017
3.28568 0.250515
3.28883 0.252076
3.29198 0.253566
3.29513 0.255245
3.29828 0.25684
3.30144 0.25836
3.30459 0.25994
3.30774 0.261447
3.31089 0.263016
3.31404 0.264639
3.3172 0.266309
3.32035 0.267896
3.3235 0.269409
3.32665 0.270983
3.3298 0.272485
3.33296 0.274049
3.33611 0.275668
3.33926 0.277335
3.34241 0.278918
3.34556 0.280428
3.34872 0.282
3.35187 0.2835
3.35502 0.285187
3.35817 0.286789
3.36132 0.288315
3.36448 0.289901
3.36763 0.291413
3.37078 0.292987
3.37393 0.294488
3.37708 0.296177
3.38024 0.29778
3.38339 0.299308
3.38654 0.300894
3.38969 0.302407
3.39284 0.303981
3.396 0.305484
3.39915 0.307173
3.4023 0.308777
3.40545 0.310305
3.4086 0.311891
3.41333 0.31353
3.41648 0.314964
3.41964 0.316343
3.42279 0.31755
3.42594 0.318732
3.42909 0.31989
3.43224 0.320904
3.4354 0.321791
3.43855 0.322567
3.4417 0.323246
3.44485 0.323715
3.448 0.324251
3.45116 0.32472
3.45431 0.32513
3.45746 0.325488
3.46061 0.325177
3.46376 0.32453
3.46692 0.323464
3.47007 0.322281
3.47322 0.320871
3.47637 0.319137
3.47952 0.317245
3.48268 0.315214
3.48583 0.313062
3.48898 0.31068
3.49213 0.308345
3.49528 0.305927
3.49844 0.303311
3.50159 0.300647
3.50474 0.297941
3.50789 0.295573
3.51104 0.293127
3.5142 0.290611
3.51735 0.288035
3.5205 0.28528
3.52365 0.282495
3.5268 0.279683
3.52996 0.276723
3.53311 0.273883
3.53626 0.271022
3.53941 0.268144
3.54256 0.265126
3.54572 0.262111
3.54887 0.259097
3.55202 0.256085
3.55517 0.253074
3.55832 0.250065
3.56148 0.246932
3.56463 0.243815
3.56778 0.240713
3.57093 0.237499
3.57408 0.234437
3.57724 0.231382
3.58039 0.228334
3.58354 0.225168
3.58669 0.222022
3.58984 0.218894
3.593 0.215657
3.59615 0.212575
3.5993 0.209878
3.60245 0.207268
3.6056 0.204985
3.60876 0.202987
3.61191 0.201238
3.61506 0.199834
3.61821 0.198479
3.62136 0.197294
3.62452 0.196258
3.62767 0.19535
3.63082 0.194557
3.63397 0.193862
3.63712 0.193254
3.64028 0.192723
3.64343 0.192257
3.64658 0.19185
3.64973 0.191494
3.65288 0.191182
3.65604 0.191034
3.65919 0.19078
3.66234 0.190558
3.66549 0.190363
3.66864 0.190192
3.6718 0.190043
3.67495 0.189913
3.6781 0.189924
3.68125 0.189808
3.6844 0.189707
3.68756 0.189619
3.69071 0.189542
3.69386 0.189474
3.69701 0.18954
3.70016 0.189472
3.70332 0.189413
3.70647 0.189362
3.70962 0.189316
3.71277 0.189277
3.71592 0.189242
3.71908 0.189337
3.72223 0.189295
3.72538 0.189258
3.72853 0.189226
3.73168 0.189572
3.73484 0.189876
3.73799 0.190141
3.74114 0.190499
3.74429 0.190686
3.74744 0.190851
3.7506 0.190994
3.75375 0.19112
3.7569 0.19123
3.76005 0.191451
3.7632 0.191645
3.76636 0.191689
3.76951 0.191728
3.77266 0.191762
3.77581 0.191792
3.77896 0.191818
3.78212 0.191966
3.78527 0.192095
3.78842 0.192083
3.79157 0.192073
3.79472 0.192064
3.79788 0.192056
3.80103 0.192174
3.80418 0.192277
3.80733 0.192242
3.81048 0.192212
3.81364 0.192186
3.81679 0.192162
3.81994 0.192142
3.82309 0.192249
3.82624 0.192343
3.8294 0.1923
3.83255 0.192263
3.8357 0.19223
3.83885 0.192201
3.842 0.192301
3.84516 0.192388
3.84831 0.19234
3.85146 0.192297
3.85461 0.19226
3.85776 0.192228
3.86092 0.192574
3.86407 0.193002
3.86722 0.193377
3.87037 0.193705
3.87352 0.193867
3.87668 0.194008
3.87983 0.194132
3.88298 0.194241
3.88613 0.194461
3.88928 0.194653
3.89244 0.194697
3.89559 0.194734
3.89874 0.194768
3.90189 0.194797
3.90504 0.194947
3.9082 0.195079
3.91135 0.195194
3.9145 0.19517
3.91765 0.195148
3.9208 0.19513
3.92396 0.195114
3.92711 0.195224
3.93026 0.195321
3.93341 0.195406
3.93656 0.195355
3.93972 0.195311
3.94287 0.195272
3.94602 0.195363
3.94917 0.195443
3.95232 0.195512
3.95548 0.195448
3.95863 0.195392
3.96178 0.195343
3.96493 0.1953
3.96808 0.195388
3.97124 0.195464
3.97439 0.195531
3.97754 0.195465
3.98069 0.195407
3.98384 0.195356
3.987 0.195311
3.99015 0.195398
3.9933 0.195848
3.99645 0.196242
3.9996 0.196462
4.00276 0.196654
4.00591 0.196822
4.00906 0.197094
4.01221 0.197333
4.01536 0.197541
4.01852 0.197723
4.02167 0.197758
4.02482 0.197788
4.02797 0.197815
4.03112 0.197963
4.03428 0.198092
4.03743 0.198206
4.04058 0.19818
4.04373 0.198158
4.04688 0.198138
4.05004 0.198246
4.05319 0.19834
4.05634 0.198423
4.05949 0.198495
4.06264 0.198433
4.0658 0.198379
4.06895 0.198331
4.0721 0.198415
4.07525 0.198488
4.0784 0.198552
4.08156 0.198608
4.08471 0.198532
4.08786 0.198466
4.09101 0.198532
4.09416 0.198591
4.09732 0.198642
4.10047 0.198687
4.10362 0.198601
4.10677 0.198526
4.10992 0.19846
4.11308 0.198528
4.11623 0.198587
4.11938 0.198638
4.12253 0.198683
4.12568 0.198598
4.12884 0.198898
4.13199 0.199161
4.13514 0.199516
4.13829 0.199826
4.14144 0.200098
4.1446 0.200336
4.14775 0.200419
4.1509 0.200491
4.15405 0.20068
4.1572 0.200845
4.16036 0.200989
4.16351 0.201116
4.16666 0.201226
4.16981 0.201198
4.17296 0.201173
4.17612 0.201277
4.17927 0.201367
4.18242 0.201446
4.18557 0.201515
4.18872 0.201576
4.19188 0.201504
4.19503 0.201566
4.19818 0.20162
4.20133 0.201668
4.20448 0.201709
4.20764 0.201746
4.21079 0.201652
4.21394 0.201571
4.21709 0.201624
4.22024 0.201671
4.2234 0.201712
4.22655 0.201748
4.2297 0.20178
4.23285 0.201682
4.236 0.201722
4.23916 0.201757
4.24231 0.201787
4.24546 0.201814
4.24861 0.201837
4.25176 0.201732
4.25492 0.201641
4.25807 0.201686
4.26122 0.201725
4.26437 0.201759
4.26752 0.202164
4.27068 0.202519
4.27383 0.202829
4.27698 0.202975
4.28013 0.203229
4.28328 0.20345
4.28644 0.203644
4.28959 0.203813
4.29274 0.203962
4.29589 0.203966
4.29904 0.204096
4.3022 0.204209
4.30535 0.204308
4.3085 0.204394
4.31165 0.20447
4.3148 0.204536
4.31796 0.204469
4.32111 0.204535
4.32426 0.204594
4.32741 0.204644
4.33056 0.204689
4.33372 0.204728
4.33687 0.204762
4.34002 0.204792
4.34317 0.204818
4.34632 0.20484
4.34948 0.20486
4.35263 0.204878
4.35578 0.204893
4.35893 0.204781
4.36208 0.204809
4.36524 0.204833
4.36839 0.204854
4.37154 0.204872
4.37469 0.204888
4.37784 0.204902
4.381 0.204789
4.38415 0.204816
4.3873 0.204839
4.39045 0.204859
4.3936 0.204876
4.39676 0.204892
4.39991 0.20478
4.40306 0.204808
4.40621 0.205207
4.40936 0.205556
4.41252 0.205861
4.41567 0.206129
4.41882 0.206363
4.42197 0.206567
4.42512 0.206746
4.42828 0.206903
4.43143 0.20704
4.43458 0.20716
4.43773 0.207265
4.44088 0.207357
4.44404 0.207437
4.44719 0.207508
4.45034 0.207569
4.45349 0.207623
4.45664 0.20767
4.4598 0.207711
4.46295 0.207748
4.4661 0.207779
4.46925 0.207807
4.4724 0.207831
4.47556 0.207852
4.47871 0.20787
4.48186 0.207887
4.48501 0.208026
4.48816 0.208023
4.49132 0.20802
4.49447 0.208017
4.49762 0.208015
4.50077 0.208013
4.50392 0.208012
4.50708 0.20801
4.51023 0.208009
4.51338 0.208008
4.51653 0.208007
4.51968 0.208006
4.52284 0.208005
4.52599 0.208005
4.52914 0.208004
4.53229 0.208003
4.53544 0.208003
4.5386 0.208003
4.54175 0.208002
4.5449 0.208002
4.54805 0.208502
4.5512 0.208814
4.55436 0.209087
4.55751 0.209326
4.56066 0.209536
4.56381 0.209719
4.56696 0.209879
4.57012 0.210144
4.57327 0.210251
4.57642 0.210345
4.57957 0.210427
4.58272 0.210498
4.58588 0.210561
4.58903 0.210741
4.59218 0.210898
4.59533 0.210911
4.59848 0.210922
4.60164 0.210932
4.60479 0.21094
4.60794 0.210948
4.61109 0.211079
4.61424 0.211069
4.6174 0.211061
4.62055 0.211053
4.6237 0.211046
4.62685 0.211041
4.63 0.211161
4.63316 0.211266
4.63631 0.211232
4.63946 0.211203
4.64261 0.211178
4.64576 0.211156
4.64892 0.211136
4.65207 0.211244
4.65522 0.211214
4.65837 0.211187
4.66152 0.211164
4.66468 0.211143
4.66783 0.211125
4.67098 0.21111
4.67413 0.211221
4.67728 0.211193
4.68044 0.211169
4.68359 0.211148
4.68674 0.211129
4.68989 0.211488
4.69304 0.211927
4.6962 0.212311
4.69935 0.212522
4.7025 0.212707
4.70565 0.212869
4.7088 0.21301
4.71196 0.213134
4.71511 0.213367
4.71826 0.213571
4.72141 0.213625
4.72456 0.213672
4.72772 0.213713
4.73087 0.213749
4.73402 0.213905
4.73717 0.214042
4.74032 0.214162
4.74348 0.214141
4.74663 0.214124
4.74978 0.214108
4.75293 0.214095
4.75608 0.214208
4.75924 0.214307
4.76239 0.214269
4.76554 0.214235
4.76869 0.214206
4.77184 0.21418
4.775 0.214157
4.77815 0.214263
4.7813 0.214355
4.78445 0.214311
4.7876 0.214272
4.79076 0.214238
4.79391 0.214208
4.79706 0.214307
4.80021 0.214394
4.80336 0.214344
4.80652 0.214301
4.80967 0.214264
4.81282 0.214231
4.81597 0.214202
4.81912 0.214302
4.82228 0.214389
4.82543 0.21434
4.82858 0.214298
4.83173 0.214261
4.83488 0.214603
4.83804 0.215028
4.84119 0.215399
4.84434 0.215724
4.84749 0.215884
4.85064 0.216023
4.8538 0.216145
4.85695 0.216252
4.8601 0.216471
4.86325 0.216662
4.8664 0.216829
4.86956 0.21685
4.87271 0.216869
4.87586 0.216886
4.87901 0.217025
4.88216 0.217147
4.88532 0.217253
4.88847 0.217347
4.89162 0.217303
4.89477 0.217265
4.89792 0.217232
4.90108 0.217328
4.90423 0.217412
4.90738 0.217486
4.91053 0.217425
4.91368 0.217372
4.91684 0.217325
4.91999 0.217285
4.92314 0.217374
4.92629 0.217452
4.92944 0.217521
4.9326 0.217456
4.93575 0.217399
4.9389 0.217349
4.94205 0.21743
4.9452 0.217501
4.94836 0.217564
4.95151 0.217493
4.95466 0.217432
4.95781 0.217378
4.96096 0.21733
4.96412 0.217414
4.96727 0.217487
4.97042 0.217551
4.97357 0.217483
4.97672 0.217422
4.97988 0.217369
4.98303 0.217823
4.98618 0.21822
4.98933 0.218568
4.99248 0.218872
4.99564 0.219138
4.99879 0.219246
5.00194 0.21934
5.00509 0.219547
5.00824 0.219729
5.0114 0.219888
5.01455 0.220027
5.0177 0.220024
5.02085 0.220021
5.024 0.220143
5.02716 0.22025
5.03031 0.220344
5.03346 0.220426
5.03661 0.220498
5.03976 0.220435
5.04292 0.220381
5.04607 0.220458
5.04922 0.220526
5.05237 0.220585
5.05552 0.220637
5.05868 0.220558
5.06183 0.220488
5.06498 0.220427
5.06813 0.220498
5.07128 0.220561
5.07444 0.220616
5.07759 0.220664
5.08074 0.220581
5.08389 0.220508
5.08704 0.22057
5.0902 0.220624
5.09335 0.220671
5.0965 0.220712
5.09965 0.220623
5.1028 0.220545
5.10596 0.220477
5.10911 0.220542
5.11226 0.220599
5.11541 0.22065
5.11856 0.220693
5.12172 0.220607
5.12487 0.220531
5.12802 0.220589
5.13117 0.220641
5.13432 0.221061
5.13748 0.221428
5.14063 0.22175
5.14378 0.222031
5.14693 0.222152
5.15008 0.222383
5.15324 0.222585
5.15639 0.222762
5.15954 0.222917
5.16269 0.223052
5.16584 0.223046
5.169 0.22304
5.17215 0.22316
5.1753 0.223265
5.17845 0.223357
5.1816 0.223437
5.18476 0.223508
5.18791 0.223444
5.19106 0.223514
5.19421 0.223574
5.19736 0.223628
5.20052 0.223674
5.20367 0.223715
5.20682 0.223626
5.20997 0.223547
5.21312 0.223604
5.21628 0.223653
5.21943 0.223697
5.22258 0.223735
5.22573 0.223768
5.22888 0.223672
5.23204 0.223713
5.23519 0.223749
5.23834 0.22378
5.24149 0.223808
5.24464 0.223832
5.2478 0.223728
5.25095 0.223637
5.2541 0.223682
5.25725 0.223722
5.2604 0.223757
5.26356 0.223787
5.26671 0.223814
5.26986 0.223712
5.27301 0.223748
5.27616 0.223779
5.27932 0.223807
5.28247 0.223831
5.28562 0.224227
5.28877 0.224574
5.29192 0.224877
5.29508 0.225142
5.29823 0.225375
5.30138 0.225578
5.30453 0.225756
5.30768 0.225911
5.31084 0.226047
5.31399 0.226041
5.31714 0.226161
5.32029 0.226266
5.32344 0.226358
5.3266 0.226438
5.32975 0.226508
5.3329 0.22657
5.33605 0.226624
5.3392 0.226671
5.34236 0.226712
5.34551 0.226748
5.34866 0.226779
5.35181 0.226807
5.35496 0.226706
5.35812 0.226743
5.36127 0.226775
5.36442 0.226803
5.36757 0.226828
5.37072 0.226849
5.37388 0.226868
5.37703 0.226885
5.38018 0.226899
5.38333 0.226912
5.38648 0.226923
5.38964 0.226932
5.39279 0.226941
5.39594 0.226948
5.39909 0.226955
5.40224 0.22696
5.4054 0.226965
5.40855 0.22697
5.4117 0.226973
5.41485 0.226977
5.418 0.22698
5.42116 0.226982
5.42431 0.226984
5.42746 0.226986
5.43061 0.226988
5.43376 0.22699
5.43692 0.226991
5.44007 0.227492
5.44322 0.227806
5.44637 0.22808
5.44952 0.22832
5.45268 0.22853
5.45583 0.228714
5.45898 0.228874
5.46213 0.229015
5.46528 0.229138
5.46844 0.229246
5.47159 0.22934
5.47474 0.229423
5.47789 0.229495
5.48104 0.229683
5.4842 0.229723
5.48735 0.229757
5.4905 0.229788
5.49365 0.229814
5.4968 0.229837
5.49996 0.229858
5.50311 0.229876
5.50626 0.229891
5.50941 0.229905
5.51256 0.229917
5.51572 0.229927
5.51887 0.229936
5.52202 0.230069
5.52517 0.23006
5.52832 0.230053
5.53148 0.230046
5.53463 0.230041
5.53778 0.230035
5.54093 0.230031
5.54408 0.230152
5.54724 0.230133
5.55039 0.230116
5.55354 0.230102
5.55669 0.230089
5.55984 0.230078
5.563 0.230068
5.56615 0.23006
5.5693 0.230052
5.57245 0.230046
5.5756 0.23004
5.57876 0.230035
5.58191 0.230031
5.58506 0.230152
5.58821 0.230133
5.59136 0.230116
5.59452 0.230477
5.59767 0.230792
5.60082 0.231068
5.60397 0.23131
5.60712 0.231646
5.61028 0.231815
5.61343 0.231963
5.61658 0.232093
5.61973 0.232206
5.62288 0.232305
5.62604 0.232517
5.62919 0.232703
5.63234 0.23274
5.63549 0.232772
5.63864 0.232801
5.6418 0.232826
5.64495 0.232847
5.6481 0.232992
5.65125 0.232993
5.6544 0.232994
5.65756 0.232994
5.66071 0.232995
5.66386 0.232996
5.66701 0.233121
5.67016 0.233231
5.67332 0.233202
5.67647 0.233177
5.67962 0.233155
5.68277 0.233135
5.68592 0.233119
5.68908 0.233229
5.69223 0.233325
5.69538 0.233284
5.69853 0.233249
5.70168 0.233218
5.70484 0.233191
5.70799 0.233167
5.71114 0.233271
5.71429 0.233237
5.71744 0.233207
5.7206 0.233181
5.72375 0.233159
5.7269 0.233139
5.73005 0.233247
5.7332 0.233341
5.73636 0.233298
5.73951 0.233261
5.74266 0.233228
5.74581 0.2332
5.74896 0.233175
5.75212 0.233653
5.75527 0.234071
5.75842 0.234312
5.76157 0.234523
5.76472 0.234708
5.76788 0.234869
5.77103 0.235136
5.77418 0.235369
5.77733 0.235573
5.78048 0.235626
5.78364 0.235673
5.78679 0.235714
5.78994 0.23575
5.79309 0.235906
5.79624 0.236043
5.7994 0.236162
5.80255 0.236142
5.8057 0.236124
5.80885 0.236109
5.812 0.23622
5.81516 0.236318
5.81831 0.236403
5.82146 0.236353
5.82461 0.236308
5.82776 0.23627
5.83092 0.236236
5.83407 0.236332
5.83722 0.236415
5.84037 0.236488
5.84352 0.236427
5.84668 0.236374
5.84983 0.236327
5.85298 0.236286
5.85613 0.236375
5.85928 0.236454
5.86244 0.236397
5.86559 0.236347
5.86874 0.236304
5.87189 0.236266
5.87504 0.236358
5.8782 0.236438
5.88135 0.236508
5.8845 0.236445
5.88765 0.236389
5.8908 0.23634
5.89396 0.236298
5.89711 0.236386
5.90026 0.236462
5.90341 0.236405
5.90656 0.236354
5.90972 0.23631
5.91287 0.236646
5.91602 0.237065
5.91917 0.237432
5.92232 0.237753
5.92548 0.238034
5.92863 0.238155
5.93178 0.23826
5.93493 0.238353
5.93808 0.238559
5.94124 0.238739
5.94439 0.238897
5.94754 0.239034
5.95069 0.23903
5.95384 0.239026
5.957 0.239023
5.96015 0.239145
5.9633 0.239252
5.96645 0.239346
5.9696 0.239302
5.97276 0.239265
5.97591 0.239231
5.97906 0.239328
5.98221 0.239412
5.98536 0.239485
5.98852 0.23955
5.99167 0.239481
5.99482 0.239421
5.99797 0.239368
6.00112 0.239447
6.00428 0.239516
6.00743 0.239577
6.01058 0.239505
6.01373 0.239442
6.01688 0.239386
6.02004 0.239463
6.02319 0.23953
6.02634 0.239589
6.02949 0.23964
6.03264 0.23956
6.0358 0.23949
6.03895 0.239429
6.0421 0.2395
6.04525 0.239563
6.0484 0.239617
6.05156 0.23954
6.05471 0.239473
6.05786 0.239414
6.06101 0.239487
6.06416 0.239551
6.06732 0.239607
6.07047 0.239656
6.07362 0.239574
6.07677 0.239877
6.07992 0.240143
6.08308 0.2405
6.08623 0.240812
6.08938 0.241086
6.09253 0.241325
6.09568 0.241535
6.09884 0.241593
6.10199 0.241644
6.10514 0.241813
6.10829 0.241962
6.11144 0.242091
6.1146 0.242205
6.11775 0.242179
6.1209 0.242157
6.12405 0.242262
6.1272 0.242354
6.13036 0.242435
6.13351 0.242506
6.13666 0.242568
6.13981 0.242497
6.14296 0.242435
6.14612 0.242505
6.14927 0.242567
6.15242 0.242621
6.15557 0.242669
6.15872 0.242585
6.16188 0.242512
6.16503 0.242573
6.16818 0.242626
6.17133 0.242673
6.17448 0.242714
6.17764 0.24275
6.18079 0.242656
6.18394 0.242574
6.18709 0.242627
6.19024 0.242674
6.1934 0.242715
6.19655 0.24275
6.1997 0.242781
6.20285 0.242684
6.206 0.242723
6.20916 0.242758
6.21231 0.242788
6.21546 0.242815
6.21861 0.242838
6.22176 0.242733
6.22492 0.242641
6.22807 0.242686
6.23122 0.242725
6.23437 0.24276
6.23752 0.24279
6.24068 0.243191
6.24383 0.243542
6.24698 0.243724
6.25013 0.244009
6.25328 0.244258
6.25644 0.244476
6.25959 0.244666
6.26274 0.244833
6.26589 0.244854
6.26904 0.244997
6.2722 0.245122
6.27535 0.245232
6.2785 0.245328
6.28165 0.245412
6.2848 0.245486
6.28796 0.245425
6.29111 0.245497
6.29426 0.24556
6.29741 0.245615
6.30056 0.245663
6.30372 0.245705
6.30687 0.245617
6.31002 0.245665
6.31317 0.245707
6.31632 0.245743
6.31948 0.245775
6.32263 0.245803
6.32578 0.245828
6.32893 0.245725
6.33208 0.245759
6.33524 0.245789
6.33839 0.245815
6.34154 0.245839
6.34469 0.245859
6.34784 0.245876
6.351 0.245767
6.35415 0.245796
6.3573 0.245821
6.36045 0.245844
6.3636 0.245863
6.36676 0.24588
6.36991 0.24577
6.37306 0.245799
6.37621 0.245824
6.37936 0.245846
6.38252 0.245865
6.38567 0.245882
6.38882 0.245897
6.39197 0.245785
6.39512 0.245812
6.39828 0.245835
6.40143 0.245856
6.40458 0.245874
6.40773 0.246265
6.41088 0.246607
6.41404 0.246906
6.41719 0.247168
6.42034 0.247397
6.42349 0.247597
6.42664 0.247772
6.42979 0.247926
6.43295 0.24806
6.4361 0.248178
6.43925 0.24828
6.4424 0.24837
6.44555 0.248449
6.44871 0.248518
6.45186 0.248578
6.45501 0.248631
6.45816 0.248677
6.46131 0.248717
6.46447 0.248753
6.46762 0.248784
6.47077 0.248811
6.47392 0.248834
6.47707 0.248855
6.48023 0.248873
6.48338 0.248889
6.48653 0.248903
6.48968 0.248915
6.49283 0.248926
6.49599 0.248935
6.49914 0.248943
6.50229 0.24895
6.50544 0.248956
6.50859 0.248962
6.51175 0.248967
6.5149 0.248971
6.51805 0.248974
6.5212 0.248978
6.52435 0.24898
6.52751 0.248983
6.53066 0.248985
6.53381 0.248987
6.53696 0.248989
6.54011 0.24899
6.54327 0.248991
6.54642 0.248992
6.54957 0.248993
6.55272 0.248994
6.55587 0.248995
6.55903 0.248995
6.56218 0.248996
6.56533 0.248997
6.56848 0.248997
6.57163 0.248997
6.57479 0.249373
6.57794 0.249701
6.58109 0.250113
6.58424 0.250349
6.58739 0.250556
6.59055 0.250736
6.5937 0.250894
6.59685 0.251032
6.6 0.251278
6.60315 0.251494
6.60631 0.251557
6.60946 0.251612
6.61261 0.251661
6.61576 0.251703
6.61891 0.25174
6.62207 0.251898
6.62522 0.25191
6.62837 0.251922
6.63152 0.251931
6.63467 0.25194
6.63783 0.251948
6.64098 0.251954
6.64413 0.252085
6.64728 0.252074
6.65043 0.252065
6.65359 0.252057
6.65674 0.25205
6.65989 0.252044
6.66304 0.252163
6.66619 0.252143
6.66935 0.252125
6.6725 0.252109
6.67565 0.252096
6.6788 0.252084
6.68195 0.252073
6.68511 0.252189
6.68826 0.252165
6.69141 0.252145
6.69456 0.252127
6.69771 0.252111
6.70087 0.252097
6.70402 0.25221
6.70717 0.252184
6.71032 0.252161
6.71347 0.252141
6.71663 0.252123
6.71978 0.252108
6.72293 0.252094
6.72608 0.252207
6.72923 0.252181
6.73239 0.252159
6.73554 0.252139
6.73869 0.252122
6.74184 0.252106
6.74499 0.252468
6.74815 0.25291
6.7513 0.253296
6.75445 0.253509
6.7576 0.253695
6.76075 0.253858
6.76391 0.254001
6.76706 0.254251
6.77021 0.25447
6.77336 0.254536
6.77651 0.254594
6.77967 0.254645
6.78282 0.254689
6.78597 0.254728
6.78912 0.254887
6.79227 0.255026
6.79543 0.255023
6.79858 0.25502
6.80173 0.255017
6.80488 0.255015
6.80803 0.255138
6.81119 0.255246
6.81434 0.255215
6.81749 0.255188
6.82064 0.255165
6.82379 0.255144
6.82695 0.255126
6.8301 0.255235
6.83325 0.255331
6.8364 0.25529
6.83955 0.255253
6.84271 0.255222
6.84586 0.255194
6.84901 0.255295
6.85216 0.255383
6.85531 0.255335
6.85847 0.255293
6.86162 0.255257
6.86477 0.255224
6.86792 0.255196
6.87107 0.255297
6.87423 0.255385
6.87738 0.255337
6.88053 0.255295
6.88368 0.255258
6.88683 0.255226
6.88999 0.255197
6.89314 0.255298
6.89629 0.255385
6.89944 0.255337
6.90259 0.255295
6.90575 0.255258
6.9089 0.255226
6.91205 0.255323
6.9152 0.255407
6.91835 0.255856
6.92151 0.256124
6.92466 0.256359
6.92781 0.256564
6.93096 0.256743
6.93411 0.257026
6.93727 0.257272
6.94042 0.257488
6.94357 0.257552
6.94672 0.257608
6.94987 0.257657
6.95303 0.257825
6.95618 0.257972
6.95933 0.2581
6.96248 0.258088
6.96563 0.258077
6.96879 0.258067
6.97194 0.258059
6.97509 0.258177
6.97824 0.258279
6.98139 0.25837
6.98455 0.258323
6.9877 0.258283
6.99085 0.258248
6.994 0.258342
6.99715 0.258424
7.00031 0.258496
7.00346 0.258559
7.00661 0.258489
7.00976 0.258428
7.01291 0.258374
7.01607 0.258453
7.01922 0.258521
7.02237 0.258581
7.02552 0.258508
7.02867 0.258445
7.03183 0.258389
7.03498 0.258341
7.03813 0.258423
7.04128 0.258495
7.04443 0.258558
7.04759 0.258488
7.05074 0.258427
7.05389 0.258374
7.05704 0.258452
7.06019 0.258521
7.06335 0.258581
7.0665 0.258508
7.06965 0.258445
7.0728 0.258389
7.07595 0.25834
7.07911 0.258423
7.08226 0.258495
7.08541 0.258558
7.08856 0.258488
7.09171 0.258427
7.09487 0.258749
7.09802 0.259155
7.10117 0.259511
7.10432 0.259822
7.10747 0.260094
7.11063 0.260207
7.11378 0.260307
7.11693 0.260393
7.12008 0.260594
7.12323 0.26077
7.12639 0.260924
7.12954 0.261058
7.13269 0.261051
7.13584 0.261045
7.13899 0.261039
7.14215 0.261159
7.1453 0.261264
7.14845 0.261356
7.1516 0.261437
7.15475 0.261382
7.15791 0.261334
7.16106 0.261418
7.16421 0.26149
7.16736 0.261554
7.17051 0.26161
7.17367 0.261534
7.17682 0.261467
7.17997 0.261409
7.18312 0.261482
7.18627 0.261547
7.18943 0.261604
7.19258 0.261653
7.19573 0.261572
7.19888 0.2615
7.20203 0.261563
7.20519 0.261617
7.20834 0.261665
7.21149 0.261707
7.21464 0.261619
7.21779 0.261541
7.22095 0.261474
7.2241 0.261539
7.22725 0.261597
7.2304 0.261647
7.23355 0.261691
7.23671 0.261605
7.23986 0.261529
7.24301 0.261588
7.24616 0.26164
7.24931 0.261685
7.25247 0.261724
7.25562 0.261634
7.25877 0.261554
7.26192 0.261485
7.26507 0.261549
7.26823 0.261606
7.27138 0.26203
7.27453 0.262401
7.27768 0.262726
7.28083 0.262885
7.28399 0.263025
7.28714 0.263272
7.29029 0.263488
7.29344 0.263677
7.29659 0.263842
7.29975 0.263987
7.3029 0.263988
7.30605 0.264115
7.3092 0.264226
7.31235 0.264322
7.31551 0.264407
7.31866 0.264481
7.32181 0.264421
7.32496 0.264368
7.32811 0.264447
7.33127 0.264516
7.33442 0.264577
7.33757 0.26463
7.34072 0.264676
7.34387 0.264592
7.34703 0.264643
7.35018 0.264687
7.35333 0.264726
7.35648 0.264761
7.35963 0.26479
7.36279 0.264692
7.36594 0.264605
7.36909 0.264655
7.37224 0.264698
7.37539 0.264736
7.37855 0.264769
7.3817 0.264798
7.38485 0.264698
7.388 0.264736
7.39115 0.264769
7.39431 0.264798
7.39746 0.264823
7.40061 0.264845
7.40376 0.264864
7.40691 0.264756
7.41007 0.264787
7.41322 0.264813
7.41637 0.264837
7.41952 0.264857
7.42267 0.264875
7.42583 0.264766
7.42898 0.26467
7.43213 0.264711
7.43528 0.264747
7.43843 0.264779
7.44159 0.264807
7.44474 0.264831
7.44789 0.264727
7.45104 0.265136
7.45419 0.265494
7.45735 0.265807
7.4605 0.266081
7.46365 0.266321
7.4668 0.266531
7.46995 0.26659
7.47311 0.266766
7.47626 0.26692
7.47941 0.267055
7.48256 0.267173
7.48571 0.267277
7.48887 0.267367
7.49202 0.267446
7.49517 0.267515
7.49832 0.267576
7.50147 0.267629
7.50463 0.267675
7.50778 0.267716
7.51093 0.267626
7.51408 0.267673
7.51723 0.267714
7.52039 0.26775
7.52354 0.267781
7.52669 0.267808
7.52984 0.267832
7.53299 0.267728
7.53615 0.267762
7.5393 0.267792
7.54245 0.267818
7.5456 0.267841
7.54875 0.267861
7.55191 0.267878
7.55506 0.267893
7.55821 0.267907
7.56136 0.267918
7.56451 0.267929
7.56767 0.267937
7.57082 0.267945
7.57397 0.267827
7.57712 0.267849
7.58027 0.267868
7.58343 0.267884
7.58658 0.267899
7.58973 0.267911
7.59288 0.267922
7.59603 0.267932
7.59919 0.267941
7.60234 0.267948
7.60549 0.267955
7.60864 0.26796
7.61179 0.267965
7.61495 0.267845
7.6181 0.267864
7.62125 0.267881
7.6244 0.267896
7.62755 0.267909
7.63071 0.268295
7.63386 0.268633
7.63701 0.269054
7.64016 0.269297
7.64331 0.26951
7.64647 0.269696
7.64962 0.269859
7.65277 0.270002
7.65592 0.270127
7.65907 0.270236
7.66223 0.270331
7.66538 0.270415
7.66853 0.270488
7.67168 0.270552
7.67483 0.270608
7.67799 0.270657
7.68114 0.2707
7.68429 0.270737
7.68744 0.27077
7.69059 0.270799
7.69375 0.270824
7.6969 0.270846
7.70005 0.27099
7.7032 0.270992
7.70635 0.270993
7.70951 0.270994
7.71266 0.270994
7.71581 0.270995
7.71896 0.270996
7.72211 0.270996
7.72527 0.270997
7.72842 0.270997
7.73157 0.270997
7.73472 0.270998
7.73787 0.270998
7.74103 0.271123
7.74418 0.271108
7.74733 0.271094
7.75048 0.271083
7.75363 0.271072
7.75679 0.271063
7.75994 0.271055
7.76309 0.271048
7.76624 0.271042
7.76939 0.271037
7.77255 0.271032
7.7757 0.271028
7.77885 0.271025
7.782 0.271147
7.78515 0.271128
7.78831 0.271112
7.79146 0.271098
7.79461 0.271086
7.79776 0.271075
7.80091 0.271066
7.80407 0.271183
7.80722 0.27116
7.81037 0.27114
7.81352 0.271497
7.81667 0.27181
7.81983 0.272084
7.82298 0.272323
7.82613 0.272658
7.82928 0.272826
7.83243 0.272973
7.83559 0.273101
7.83874 0.273213
7.84189 0.273312
7.84504 0.273523
7.84819 0.273707
7.85135 0.273744
7.8545 0.273776
7.85765 0.273804
7.8608 0.273828
7.86395 0.27385
7.86711 0.273994
7.87026 0.273994
7.87341 0.273995
7.87656 0.273996
7.87971 0.273996
7.88287 0.273997
7.88602 0.274122
7.88917 0.274232
7.89232 0.274203
7.89547 0.274178
7.89863 0.274155
7.90178 0.274136
7.90493 0.274119
7.90808 0.274229
7.91123 0.2742
7.91439 0.274175
7.91754 0.274153
7.92069 0.274134
7.92384 0.274117
7.92699 0.274103
7.93015 0.274215
7.9333 0.274188
7.93645 0.274165
7.9396 0.274144
7.94275 0.274126
7.94591 0.27411
7.94906 0.274221
7.95221 0.274319
7.95536 0.274279
7.95851 0.274244
7.96167 0.274214
7.96482 0.274187
7.96797 0.274164
7.97112 0.274268
7.97427 0.274235
7.97743 0.274205
7.98058 0.27418
7.98373 0.274157
7.98688 0.274137
7.99003 0.274245
7.99319 0.27434
7.99634 0.274297
7.99949 0.274635
8.00264 0.274931
8.00579 0.275189
8.00895 0.275416
8.0121 0.275739
8.01525 0.276021
8.0184 0.276144
8.02155 0.276251
8.02471 0.276344
8.02786 0.276426
8.03101 0.276623
8.03416 0.276795
8.03731 0.276946
8.04047 0.276953
8.04362 0.276958
8.04677 0.276964
8.04992 0.276968
8.05307 0.277097
8.05623 0.27721
8.05938 0.277184
8.06253 0.277161
8.06568 0.277141
8.06883 0.277123
8.07199 0.277108
8.07514 0.277219
8.07829 0.277317
8.08144 0.277277
8.08459 0.277243
8.08775 0.277212
8.0909 0.277186
8.09405 0.277288
8.0972 0.277377
8.10035 0.277455
8.10351 0.277398
8.10666 0.277348
8.10981 0.277304
8.11296 0.277266
8.11611 0.277358
8.11927 0.277438
8.12242 0.277384
8.12557 0.277336
8.12872 0.277294
8.13187 0.277257
8.13503 0.27735
8.13818 0.277431
8.14133 0.277502
8.14448 0.277439
8.14763 0.277385
8.15079 0.277336
8.15394 0.277294
8.15709 0.277383
8.16024 0.27746
8.16339 0.277402
8.16655 0.277352
8.1697 0.277308
8.17285 0.27727
8.176 0.277361
8.17915 0.277441
8.18231 0.277511
8.18546 0.277447
8.18861 0.277766
8.19176 0.278045
8.19491 0.27829
8.19807 0.278628
8.20122 0.278925
8.20437 0.279184
8.20752 0.279411
8.21067 0.279485
8.21383 0.279549
8.21698 0.279606
8.22013 0.27978
8.22328 0.279932
8.22643 0.280066
8.22959 0.280058
8.23274 0.28005
8.23589 0.280044
8.23904 0.280164
8.24219 0.280268
8.24535 0.28036
8.2485 0.28044
8.25165 0.280385
8.2548 0.280337
8.25795 0.280295
8.26111 0.280383
8.26426 0.28046
8.26741 0.280527
8.27056 0.280461
8.27371 0.280404
8.27687 0.280353
8.28002 0.280434
8.28317 0.280505
8.28632 0.280567
8.28947 0.280621
8.29263 0.280543
8.29578 0.280475
8.29893 0.280416
8.30208 0.280489
8.30523 0.280553
8.30839 0.280609
8.31154 0.280533
8.31469 0.280466
8.31784 0.280408
8.32099 0.280357
8.32415 0.280437
8.3273 0.280508
8.33045 0.280569
8.3336 0.280498
8.33675 0.280436
8.33991 0.280381
8.34306 0.280459
8.34621 0.280526
8.34936 0.280585
8.35251 0.280637
8.35567 0.280558
8.35882 0.280488
8.36197 0.280427
8.36512 0.280499
8.36827 0.280561
8.37143 0.280616
8.37458 0.280539
8.37773 0.280847
8.38088 0.281116
8.38403 0.281476
8.38719 0.281792
8.39034 0.282068
8.39349 0.282309
8.39664 0.282521
8.39979 0.282581
8.40295 0.282633
8.4061 0.282804
8.40925 0.282953
8.4124 0.283084
8.41555 0.283199
8.41871 0.283174
8.42186 0.283152
8.42501 0.283258
8.42816 0.283351
8.43131 0.283432
8.43447 0.283503
8.43762 0.283565
8.44077 0.283494
8.44392 0.283433
8.44707 0.283504
8.45023 0.283566
8.45338 0.28362
8.45653 0.283667
8.45968 0.283584
8.46283 0.283511
8.46599 0.283447
8.46914 0.283516
8.47229 0.283577
8.47544 0.28363
8.47859 0.283676
8.48175 0.283591
8.4849 0.283517
8.48805 0.283578
8.4912 0.283631
8.49435 0.283677
8.49751 0.283717
8.50066 0.283753
8.50381 0.283658
8.50696 0.283576
8.51011 0.283629
8.51327 0.283675
8.51642 0.283716
8.51957 0.283752
8.52272 0.283658
8.52587 0.283575
8.52903 0.283628
8.53218 0.283675
8.53533 0.283716
8.53848 0.283751
8.54163 0.283782
8.54479 0.283684
8.54794 0.283599
8.55109 0.283649
8.55424 0.283693
8.55739 0.283731
8.56055 0.283765
8.5637 0.283669
8.56685 0.283586
8.57 0.284012
8.57315 0.284386
8.57631 0.284713
8.57946 0.284999
8.58261 0.285249
8.58576 0.285468
8.58891 0.285534
8.59207 0.285717
8.59522 0.285878
8.59837 0.286018
8.60152 0.286141
8.60467 0.286248
8.60783 0.286342
8.61098 0.286299
8.61413 0.286387
8.61728 0.286464
8.62043 0.286531
8.62359 0.286589
8.62674 0.286641
8.62989 0.286561
8.63304 0.286615
8.63619 0.286664
8.63935 0.286706
8.6425 0.286742
8.64565 0.286775
8.6488 0.286803
8.65195 0.286702
8.65511 0.28674
8.65826 0.286772
8.66141 0.286801
8.66456 0.286826
8.66771 0.286847
8.67087 0.286741
8.67402 0.286774
8.67717 0.286802
8.68032 0.286827
8.68347 0.286848
8.68663 0.286867
8.68978 0.286884
8.69293 0.286773
8.69608 0.286802
8.69923 0.286827
8.70239 0.286848
8.70554 0.286867
8.70869 0.286884
8.71184 0.286773
8.71499 0.286677
8.71815 0.286717
8.7213 0.286752
8.72445 0.286783
8.7276 0.28681
8.73075 0.286834
8.73391 0.28673
8.73706 0.286764
8.74021 0.286793
8.74336 0.286819
8.74651 0.286842
8.74967 0.286861
8.75282 0.286879
8.75597 0.286769
8.75912 0.286798
8.76227 0.287198
8.76543 0.287548
8.76858 0.287855
8.77173 0.288123
8.77488 0.288358
8.77803 0.288563
8.78119 0.288743
8.78434 0.2889
8.78749 0.289037
8.79064 0.289158
8.79379 0.289263
8.79695 0.289355
8.8001 0.289436
8.80325 0.289506
8.8064 0.289568
8.80955 0.289622
8.81271 0.289669
8.81586 0.289711
8.81901 0.289747
8.82216 0.289778
8.82531 0.289806
8.82847 0.28983
8.83162 0.289852
8.83477 0.28987
8.83792 0.289886
8.84107 0.289901
8.84423 0.289913
8.84738 0.289924
8.85053 0.289933
8.85368 0.289942
8.85683 0.289949
8.85999 0.28983
8.86314 0.289852
8.86629 0.28987
8.86944 0.289886
8.87259 0.289901
8.87575 0.289913
8.8789 0.289924
8.88205 0.289933
8.8852 0.289942
8.88835 0.289949
8.89151 0.289955
8.89466 0.289961
8.89781 0.289966
8.90096 0.28997
8.90411 0.289974
8.90727 0.289977
8.91042 0.28998
8.91357 0.289982
8.91672 0.289985
8.91987 0.289987
8.92303 0.289988
8.92618 0.28999
8.92933 0.289991
8.93248 0.289992
8.93563 0.289993
8.93879 0.289994
8.94194 0.289995
8.94509 0.289995
8.94824 0.289996
8.95139 0.289996
8.95455 0.289997
8.9577 0.290372
8.96085 0.290701
8.964 0.291113
8.96715 0.291349
8.97031 0.291555
8.97346 0.291736
8.97661 0.291894
8.97976 0.292032
8.98291 0.292153
8.98607 0.292384
8.98922 0.292461
8.99237 0.292528
8.99552 0.292587
8.99867 0.292639
9.00183 0.292684
9.00498 0.292724
9.00813 0.292883
9.01128 0.292898
9.01443 0.292911
9.01759 0.292922
9.02074 0.292931
9.02389 0.29294
9.02704 0.293073
9.03019 0.293063
9.03335 0.293056
9.0365 0.293049
9.03965 0.293043
9.0428 0.293037
9.04595 0.293033
9.04911 0.293153
9.05226 0.293134
9.05541 0.293118
9.05856 0.293103
9.06171 0.29309
9.06487 0.293079
9.06802 0.293194
9.07117 0.29317
9.07432 0.293148
9.07747 0.29313
9.08063 0.293114
9.08378 0.293099
9.08693 0.293087
9.09008 0.293201
9.09323 0.293176
9.09639 0.293154
9.09954 0.293135
9.10269 0.293118
9.10584 0.293103
9.10899 0.29309
9.11215 0.293079
9.1153 0.293069
9.11845 0.29306
9.1216 0.293053
9.12475 0.293046
9.12791 0.293041
9.13106 0.29316
9.13421 0.29314
9.13736 0.293123
9.14051 0.293107
9.14367 0.293094
9.14682 0.293082
9.14997 0.293072
9.15312 0.293188
9.15627 0.293665
9.15943 0.293956
9.16258 0.294212
9.16573 0.294435
9.16888 0.294631
9.17203 0.294927
9.17519 0.295186
9.17834 0.295288
9.18149 0.295377
9.18464 0.295455
9.18779 0.295523
9.19095 0.295583
9.1941 0.29576
9.19725 0.295915
9.2004 0.295925
9.20355 0.295935
9.20671 0.295943
9.20986 0.29595
9.21301 0.296081
9.21616 0.296196
9.21931 0.296172
9.22247 0.29615
9.22562 0.296131
9.22877 0.296115
9.23192 0.296101
9.23507 0.296213
9.23823 0.296311
9.24138 0.296272
9.24453 0.296238
9.24768 0.296209
9.25083 0.296183
9.25399 0.29616
9.25714 0.296265
9.26029 0.296232
9.26344 0.296203
9.26659 0.296177
9.26975 0.296155
9.2729 0.296136
9.27605 0.296244
9.2792 0.296338
9.28235 0.296296
9.28551 0.296259
9.28866 0.296227
9.29181 0.296198
9.29496 0.296174
9.29811 0.296277
9.30127 0.296367
9.30442 0.296321
9.30757 0.296281
9.31072 0.296246
9.31387 0.296215
9.31703 0.296313
9.32018 0.296399
9.32333 0.296349
9.32648 0.296306
9.32963 0.296267
9.33279 0.296234
9.33594 0.296205
9.33909 0.296304
9.34224 0.296391
9.34539 0.296342
9.34855 0.296299
9.3517 0.296262
9.35485 0.296229
9.358 0.296701
9.36115 0.297113
9.36431 0.297474
9.36746 0.297665
9.37061 0.297832
9.37376 0.297978
9.37691 0.298105
9.38007 0.298342
9.38322 0.298549
9.38637 0.298731
9.38952 0.298764
9.39267 0.298794
9.39583 0.29882
9.39898 0.298842
9.40213 0.298987
9.40528 0.299114
9.40843 0.299224
9.41159 0.299196
9.41474 0.299172
9.41789 0.29915
9.42104 0.299257
9.42419 0.299349
9.42735 0.299431
9.4305 0.299377
9.43365 0.29933
9.4368 0.299289
9.43995 0.299253
9.44311 0.299346
9.44626 0.299428
9.44941 0.299499
9.45256 0.299437
9.45571 0.299382
9.45887 0.299334
9.46202 0.299418
9.46517 0.29949
9.46832 0.299554
9.47147 0.299485
9.47463 0.299424
9.47778 0.299371
9.48093 0.299325
9.48408 0.299409
9.48723 0.299483
9.49039 0.299548
9.49354 0.299479
9.49669 0.299419
9.49984 0.299367
9.50299 0.299321
9.50615 0.299406
9.5093 0.29948
9.51245 0.29942
9.5156 0.299368
9.51875 0.299322
9.52191 0.299281
9.52506 0.299371
9.52821 0.29945
9.53136 0.299519
9.53451 0.299454
9.53767 0.299397
9.54082 0.299347
9.54397 0.299304
9.54712 0.299391
9.55027 0.299467
9.55343 0.299534
9.55658 0.299467
9.55973 0.299784
9.56288 0.300061
9.56603 0.300428
9.56919 0.30075
9.57234 0.301031
9.57549 0.301277
9.57864 0.301367
9.58179 0.301446
9.58494 0.301516
9.5881 0.301701
9.59125 0.301864
9.5944 0.302006
9.59755 0.30213
9.6007 0.302114
9.60386 0.302099
9.60701 0.302212
9.61016 0.302311
9.61331 0.302397
9.61646 0.302472
9.61962 0.302413
9.62277 0.302361
9.62592 0.302316
9.62907 0.302402
9.63222 0.302477
9.63538 0.302542
9.63853 0.302599
9.64168 0.302524
9.64483 0.302459
9.64798 0.302401
9.65114 0.302476
9.65429 0.302542
9.65744 0.302599
9.66059 0.302524
9.66374 0.302459
9.6669 0.302401
9.67005 0.302476
9.6732 0.302542
9.67635 0.302599
9.6795 0.302649
9.68266 0.302568
9.68581 0.302497
9.68896 0.302435
9.69211 0.302505
9.69526 0.302567
9.69842 0.302621
9.70157 0.302669
9.70472 0.302585
9.70787 0.302512
9.71102 0.302573
9.71418 0.302626
9.71733 0.302673
9.72048 0.302714
9.72363 0.302625
9.72678 0.302547
9.72994 0.302478
9.73309 0.302543
9.73624 0.302601
9.73939 0.30265
9.74254 0.302694
9.7457 0.302607
9.74885 0.302531
9.752 0.30259
9.75515 0.302641
9.7583 0.302686
9.76146 0.302725
9.76461 0.303135
9.76776 0.303368
9.77091 0.303572
9.77406 0.303875
9.77722 0.304141
9.78037 0.304373
9.78352 0.304577
9.78667 0.304755
9.78982 0.304785
9.79298 0.304812
9.79613 0.304961
9.79928 0.305091
9.80243 0.305204
9.80558 0.305304
9.80874 0.305391
9.81189 0.305342
9.81504 0.305424
9.81819 0.305496
9.82134 0.305559
9.8245 0.305614
9.82765 0.305662
9.8308 0.30558
9.83395 0.305507
9.8371 0.305569
9.84026 0.305623
9.84341 0.30567
9.84656 0.305711
9.84971 0.305747
9.85286 0.305654
9.85602 0.305697
9.85917 0.305735
9.86232 0.305768
9.86547 0.305797
9.86862 0.305822
9.87178 0.30572
9.87493 0.30563
9.87808 0.305676
9.88123 0.305716
9.88438 0.305752
9.88754 0.305783
9.89069 0.30581
9.89384 0.305709
9.89699 0.30562
9.90014 0.305668
9.9033 0.305709
9.90645 0.305746
9.9096 0.305777
9.91275 0.30568
9.9159 0.305595
9.91906 0.305646
9.92221 0.30569
9.92536 0.305729
9.92851 0.305763
9.93166 0.305792
9.93482 0.305693
9.93797 0.305607
9.94112 0.305656
9.94427 0.305699
9.94742 0.305736
9.95058 0.305769
9.95373 0.305798
9.95688 0.305698
9.96003 0.305736
9.96318 0.305769
9.96634 0.305798
9.96949 0.306198
9.97264 0.306548
9.97579 0.306855
9.97894 0.306998
9.9821 0.307248
9.98525 0.307467
9.9884 0.307659
9.99155 0.307826
9.9947 0.307973
9.99786 0.308102
10.001 0.308214
10.0042 0.308312
10.0073 0.308398
10.0105 0.308473
10.0136 0.308539
10.0168 0.308597
10.0199 0.308522
10.0231 0.308582
10.0262 0.308634
10.0294 0.30868
10.0325 0.30872
10.0357 0.308755
10.0388 0.308786
10.042 0.308687
10.0451 0.308726
10.0483 0.308761
10.0514 0.308791
10.0546 0.308817
10.0577 0.30884
10.0609 0.308735
10.064 0.308768
10.0672 0.308797
10.0704 0.308822
10.0735 0.308844
10.0767 0.308864
10.0798 0.308881
10.083 0.308771
10.0861 0.308799
10.0893 0.308825
10.0924 0.308846
10.0956 0.308866
10.0987 0.308882
10.1019 0.308897
10.105 0.30891
10.1082 0.308921
10.1113 0.308931
10.1145 0.30894
10.1176 0.308947
10.1208 0.308954
10.1239 0.308835
10.1271 0.308855
10.1302 0.308873
10.1334 0.308889
10.1365 0.308903
10.1397 0.308915
10.1428 0.308926
10.146 0.308935
10.1492 0.308943
10.1523 0.30895
10.1555 0.308956
10.1586 0.308962
10.1618 0.308967
10.1649 0.308846
10.1681 0.308865
10.1712 0.308882
10.1744 0.308897
10.1775 0.309285
10.1807 0.309624
10.1838 0.309921
10.187 0.310181
10.1901 0.310408
10.1933 0.310607
10.1964 0.310781
10.1996 0.310934
10.2027 0.311067
10.2059 0.311184
10.209 0.311411
10.2122 0.311484
10.2153 0.311549
10.2185 0.311605
10.2216 0.311655
10.2248 0.311698
10.228 0.311736
10.2311 0.311769
10.2343 0.311797
10.2374 0.311823
10.2406 0.311845
10.2437 0.311864
10.2469 0.311881
10.25 0.312021
10.2532 0.312018
10.2563 0.312016
10.2595 0.312014
10.2626 0.312012
10.2658 0.312011
10.2689 0.312009
10.2721 0.312008
10.2752 0.312007
10.2784 0.312006
10.2815 0.312006
10.2847 0.312005
10.2878 0.312004
10.291 0.312004
10.2941 0.312003
10.2973 0.312003
10.3004 0.312002
10.3036 0.312002
10.3068 0.312002
10.3099 0.312002
10.3131 0.312001
10.3162 0.312001
10.3194 0.312001
10.3225 0.312001
10.3257 0.312001
10.3288 0.312001
10.332 0.312001
10.3351 0.312001
10.3383 0.312
10.3414 0.312
10.3446 0.312
10.3477 0.312
10.3509 0.312
10.354 0.312125
10.3572 0.31211
10.3603 0.312096
10.3635 0.312084
10.3666 0.312073
10.3698 0.312064
10.3729 0.312056
10.3761 0.312049
10.3792 0.312043
10.3824 0.312038
10.3856 0.312033
10.3887 0.312404
10.3919 0.312728
10.395 0.313137
10.3982 0.313495
10.4013 0.313683
10.4045 0.313848
10.4076 0.313992
10.4108 0.314118
10.4139 0.314228
10.4171 0.31445
10.4202 0.314518
10.4234 0.314579
10.4265 0.314631
10.4297 0.314677
10.4328 0.314718
10.436 0.314753
10.4391 0.314909
10.4423 0.31492
10.4454 0.31493
10.4486 0.314939
10.4517 0.314947
10.4549 0.314953
10.458 0.315084
10.4612 0.315074
10.4644 0.315064
10.4675 0.315056
10.4707 0.315049
10.4738 0.315043
10.477 0.315038
10.4801 0.315158
10.4833 0.315138
10.4864 0.315121
10.4896 0.315106
10.4927 0.315093
10.4959 0.315081
10.499 0.315196
10.5022 0.315296
10.5053 0.315259
10.5085 0.315227
10.5116 0.315199
10.5148 0.315174
10.5179 0.315152
10.5211 0.315258
10.5242 0.315226
10.5274 0.315198
10.5305 0.315173
10.5337 0.315151
10.5368 0.315132
10.54 0.315241
10.5432 0.315336
10.5463 0.315294
10.5495 0.315257
10.5526 0.315225
10.5558 0.315197
10.5589 0.315172
10.5621 0.315276
10.5652 0.315241
10.5684 0.315211
10.5715 0.315185
10.5747 0.315162
10.5778 0.315141
10.581 0.315124
10.5841 0.315233
10.5873 0.315204
10.5904 0.315179
10.5936 0.315156
10.5967 0.315137
10.5999 0.31512
10.603 0.315605
10.6062 0.316029
10.6093 0.3164
10.6125 0.3166
10.6156 0.316775
10.6188 0.316928
10.622 0.317062
10.6251 0.317305
10.6283 0.317517
10.6314 0.317577
10.6346 0.31763
10.6377 0.317676
10.6409 0.317717
10.644 0.317877
10.6472 0.318017
10.6503 0.31814
10.6535 0.318123
10.6566 0.318107
10.6598 0.318094
10.6629 0.318082
10.6661 0.318197
10.6692 0.318297
10.6724 0.31826
10.6755 0.318228
10.6787 0.318199
10.6818 0.318174
10.685 0.318152
10.6881 0.318258
10.6913 0.318351
10.6944 0.318307
10.6976 0.318269
10.7008 0.318235
10.7039 0.318206
10.7071 0.318305
10.7102 0.318392
10.7134 0.318343
10.7165 0.3183
10.7197 0.318263
10.7228 0.31823
10.726 0.318201
10.7291 0.318301
10.7323 0.318388
10.7354 0.31834
10.7386 0.318297
10.7417 0.31826
10.7449 0.318228
10.748 0.318324
10.7512 0.318409
10.7543 0.318483
10.7575 0.318422
10.7606 0.318369
10.7638 0.318323
10.7669 0.318283
10.7701 0.318373
10.7732 0.318451
10.7764 0.318395
10.7796 0.318345
10.7827 0.318302
10.7859 0.318264
10.789 0.318356
10.7922 0.318437
10.7953 0.318507
10.7985 0.318444
10.8016 0.318388
10.8048 0.31834
10.8079 0.318297
10.8111 0.318385
10.8142 0.318462
10.8174 0.318904
10.8205 0.319166
10.8237 0.319395
10.8268 0.319596
10.83 0.319771
10.8331 0.32005
10.8363 0.320294
10.8394 0.320507
10.8426 0.320569
10.8457 0.320623
10.8489 0.32067
10.852 0.320836
10.8552 0.320982
10.8584 0.321109
10.8615 0.321095
10.8647 0.321083
10.8678 0.321073
10.871 0.321064
10.8741 0.321181
10.8773 0.321283
10.8804 0.321373
10.8836 0.321326
10.8867 0.321285
10.8899 0.32125
10.893 0.321344
10.8962 0.321426
10.8993 0.321497
10.9025 0.32156
10.9056 0.32149
10.9088 0.321429
10.9119 0.321375
10.9151 0.321453
10.9182 0.321522
10.9214 0.321582
10.9245 0.321509
10.9277 0.321445
10.9308 0.32139
10.934 0.321466
10.9372 0.321533
10.9403 0.321591
10.9435 0.321642
10.9466 0.321562
10.9498 0.321492
10.9529 0.32143
10.9561 0.321501
10.9592 0.321564
10.9624 0.321618
10.9655 0.321541
10.9687 0.321473
10.9718 0.321414
10.975 0.321362
10.9781 0.321442
10.9813 0.321512
10.9844 0.321573
10.9876 0.321501
10.9907 0.321439
10.9939 0.321384
10.997 0.321461
11.0002 0.321528
11.0033 0.321587
11.0065 0.321639
11.0096 0.321559
11.0128 0.321489
11.016 0.321428
11.0191 0.321499
11.0223 0.321562
11.0254 0.321617
11.0286 0.32154
11.0317 0.321472
11.0349 0.321788
11.038 0.32219
11.0412 0.322541
11.0443 0.322848
11.0475 0.323117
11.0506 0.323353
11.0538 0.323434
11.0569 0.323504
11.0601 0.323691
11.0632 0.323855
11.0664 0.323998
11.0695 0.324123
11.0727 0.324108
11.0758 0.324094
11.079 0.324083
11.0821 0.324197
11.0853 0.324298
11.0884 0.324385
11.0916 0.324462
11.0948 0.324404
11.0979 0.324354
11.1011 0.324435
11.1042 0.324505
11.1074 0.324567
11.1105 0.324621
11.1137 0.324544
11.1168 0.324476
11.12 0.324416
11.1231 0.324489
11.1263 0.324553
11.1294 0.324609
11.1326 0.324658
11.1357 0.324576
11.1389 0.324504
11.142 0.324566
11.1452 0.32462
11.1483 0.324667
11.1515 0.324709
11.1546 0.324745
11.1578 0.324652
11.1609 0.324571
11.1641 0.324624
11.1672 0.324671
11.1704 0.324712
11.1736 0.324748
11.1767 0.324655
11.1799 0.324573
11.183 0.324626
11.1862 0.324673
11.1893 0.324714
11.1925 0.32475
11.1956 0.324781
11.1988 0.324683
11.2019 0.324598
11.2051 0.324648
11.2082 0.324692
11.2114 0.324731
11.2145 0.324764
11.2177 0.324669
11.2208 0.324585
11.224 0.324512
11.2271 0.324573
11.2303 0.324626
11.2334 0.324673
11.2366 0.324714
11.2397 0.324625
11.2429 0.324547
11.246 0.324603
11.2492 0.324653
11.2524 0.325071
11.2555 0.325437
11.2587 0.325758
11.2618 0.325913
11.265 0.326049
11.2681 0.326293
11.2713 0.326506
11.2744 0.326693
11.2776 0.326856
11.2807 0.326999
11.2839 0.326999
11.287 0.327124
11.2902 0.327234
11.2933 0.32733
11.2965 0.327413
11.2996 0.327487
11.3028 0.327551
11.3059 0.327482
11.3091 0.327547
11.3122 0.327603
11.3154 0.327653
11.3185 0.327696
11.3217 0.327734
11.3248 0.327643
11.328 0.327562
11.3312 0.327617
11.3343 0.327665
11.3375 0.327707
11.3406 0.327743
11.3438 0.327775
11.3469 0.327679
11.3501 0.327719
11.3532 0.327754
11.3564 0.327785
11.3595 0.327812
11.3627 0.327835
11.3658 0.327731
11.369 0.327639
11.3721 0.327684
11.3753 0.327724
11.3784 0.327758
11.3816 0.327789
11.3847 0.327815
11.3879 0.327713
11.391 0.327749
11.3942 0.32778
11.3973 0.327808
11.4005 0.327832
11.4036 0.327853
11.4068 0.327871
11.41 0.327762
11.4131 0.327792
11.4163 0.327818
11.4194 0.327841
11.4226 0.327861
11.4257 0.327878
11.4289 0.327768
11.432 0.327797
11.4352 0.327823
11.4383 0.327845
11.4415 0.327864
11.4446 0.327881
11.4478 0.327896
11.4509 0.327784
11.4541 0.327811
11.4572 0.327835
11.4604 0.327855
11.4635 0.327873
11.4667 0.327889
11.4698 0.327778
11.473 0.328056
11.4761 0.328424
11.4793 0.328746
11.4824 0.329028
11.4856 0.329274
11.4888 0.32949
11.4919 0.329679
11.4951 0.329844
11.4982 0.329988
11.5014 0.330115
11.5045 0.330225
11.5077 0.330322
11.5108 0.330407
11.514 0.330356
11.5171 0.330437
11.5203 0.330507
11.5234 0.330569
11.5266 0.330623
11.5297 0.33067
11.5329 0.330711
11.536 0.330747
11.5392 0.330779
11.5423 0.330806
11.5455 0.330831
11.5486 0.330852
11.5518 0.33087
11.5549 0.330887
11.5581 0.330901
11.5612 0.330913
11.5644 0.330924
11.5676 0.330933
11.5707 0.330942
11.5739 0.330949
11.577 0.330955
11.5802 0.330961
11.5833 0.330966
11.5865 0.33097
11.5896 0.330974
11.5928 0.330977
11.5959 0.33098
11.5991 0.330982
11.6022 0.330985
11.6054 0.330987
11.6085 0.330988
11.6117 0.33099
11.6148 0.330991
11.618 0.330867
11.6211 0.330884
11.6243 0.330898
11.6274 0.330911
11.6306 0.330922
11.6337 0.330932
11.6369 0.33094
11.64 0.330948
11.6432 0.330954
11.6464 0.33096
11.6495 0.330965
11.6527 0.330969
11.6558 0.330973
11.659 0.330977
11.6621 0.33098
11.6653 0.330982
11.6684 0.330984
11.6716 0.330986
11.6747 0.330988
11.6779 0.330989
11.681 0.330991
11.6842 0.330992
11.6873 0.330993
11.6905 0.330994
11.6936 0.330995
11.6968 0.33137
11.6999 0.331699
11.7031 0.332112
11.7062 0.332348
11.7094 0.332554
11.7125 0.332735
11.7157 0.332893
11.7188 0.333031
11.722 0.333153
11.7252 0.333258
11.7283 0.333351
11.7315 0.333432
11.7346 0.333503
11.7378 0.333565
11.7409 0.33362
11.7441 0.333792
11.7472 0.333818
11.7504 0.333841
11.7535 0.333861
11.7567 0.333878
11.7598 0.333893
11.763 0.333907
11.7661 0.333918
11.7693 0.333929
11.7724 0.333938
11.7756 0.333945
11.7787 0.333952
11.7819 0.333958
11.785 0.334088
11.7882 0.334077
11.7913 0.334068
11.7945 0.334059
11.7976 0.334052
11.8008 0.334045
11.804 0.33404
11.8071 0.33416
11.8103 0.33414
11.8134 0.334122
11.8166 0.334107
11.8197 0.334094
11.8229 0.334082
11.826 0.334197
11.8292 0.334172
11.8323 0.334151
11.8355 0.334132
11.8386 0.334115
11.8418 0.334101
11.8449 0.334088
11.8481 0.334202
11.8512 0.334177
11.8544 0.334155
11.8575 0.334135
11.8607 0.334119
11.8638 0.334104
11.867 0.334091
11.8701 0.334079
11.8733 0.334069
11.8764 0.334061
11.8796 0.334053
11.8828 0.334047
11.8859 0.334041
11.8891 0.334161
11.8922 0.334141
11.8954 0.334123
11.8985 0.334108
11.9017 0.334094
11.9048 0.334082
11.908 0.334072
11.9111 0.334063
11.9143 0.334055
11.9174 0.334048
11.9206 0.334042
11.9237 0.334412
11.9269 0.334735
11.93 0.335144
11.9332 0.335501
11.9363 0.335688
11.9395 0.335852
11.9426 0.335996
11.9458 0.336121
11.9489 0.336231
11.9521 0.336452
11.9552 0.336646
11.9584 0.33669
11.9616 0.336729
11.9647 0.336763
11.9679 0.336792
11.971 0.336943
11.9742 0.337075
11.9773 0.337066
11.9805 0.337058
11.9836 0.33705
11.9868 0.337044
11.9899 0.337039
11.9931 0.337159
11.9962 0.337264
11.9994 0.337231
12.0025 0.337202
12.0057 0.337177
12.0088 0.337155
12.012 0.337135
12.0151 0.337243
12.0183 0.337213
12.0214 0.337186
12.0246 0.337163
12.0277 0.337143
12.0309 0.337125
12.034 0.337234
12.0372 0.33733
12.0404 0.337289
12.0435 0.337253
12.0467 0.337221
12.0498 0.337193
12.053 0.337169
12.0561 0.337273
12.0593 0.337364
12.0624 0.337318
12.0656 0.337279
12.0687 0.337244
12.0719 0.337213
12.075 0.337312
12.0782 0.337398
12.0813 0.337348
12.0845 0.337304
12.0876 0.337266
12.0908 0.337233
12.0939 0.337204
12.0971 0.337303
12.1002 0.337391
12.1034 0.337342
12.1065 0.337299
12.1097 0.337262
12.1128 0.337229
12.116 0.3372
12.1192 0.3373
12.1223 0.337263
12.1255 0.33723
12.1286 0.337201
12.1318 0.337176
12.1349 0.337154
12.1381 0.33726
12.1412 0.337352
12.1444 0.337308
12.1475 0.33727
12.5793 0.320111
12.5825 0.305097
12.5856 0.29196
12.5888 0.280465
12.592 0.270407
12.5951 0.261606
12.5983 0.253905
12.6014 0.247167
12.6046 0.241271
12.6077 0.236112
12.6109 0.231598
12.614 0.227773
12.6172 0.224302
12.6203 0.221264
12.6235 0.218606
12.6266 0.21628
12.6298 0.214245
12.6329 0.212465
12.6361 0.210907
12.6392 0.209543
12.6424 0.20835
12.6455 0.207307
12.6487 0.206393
12.6518 0.205594
12.655 0.204895
12.6581 0.204283
12.6613 0.203748
12.6644 0.203279
12.6676 0.202869
12.6708 0.202511
12.6739 0.202197
12.6771 0.201922
12.6802 0.201682
12.6834 0.201472
12.6865 0.201288
12.6912 0.201377
12.6944 0.20158
12.6975 0.201757
12.7007 0.201913
12.7038 0.202048
12.707 0.202167
12.7102 0.202396
12.7133 0.202472
12.7165 0.202538
12.7196 0.202596
12.7228 0.202646
12.7259 0.20269
12.7291 0.202854
12.7322 0.202997
12.7354 0.202998
12.7385 0.202998
12.7417 0.202998
12.7448 0.202998
12.748 0.202999
12.7511 0.203124
12.7543 0.203108
12.7574 0.203095
12.7606 0.203083
12.7637 0.203073
12.7669 0.203064
12.77 0.203181
12.7732 0.203283
12.7763 0.203248
12.7795 0.203217
12.7826 0.203565
12.7858 0.203869
12.789 0.204135
12.7921 0.204493
12.7953 0.204807
12.7984 0.205081
12.8016 0.205196
12.8047 0.205296
12.8079 0.205384
12.811 0.205586
12.8142 0.205763
12.8173 0.205918
12.8205 0.205928
12.8236 0.205937
12.8268 0.205945
12.8299 0.205952
12.8331 0.206083
12.8362 0.206197
12.8394 0.206298
12.8425 0.206261
12.8457 0.206228
12.8488 0.206199
12.852 0.206175
12.8551 0.206278
12.8583 0.206743
12.8614 0.20715
12.8646 0.207506
12.8678 0.207693
12.8709 0.207856
12.8741 0.208124
12.8772 0.208359
12.8804 0.208564
12.8835 0.208743
12.8867 0.208776
12.8898 0.208804
12.893 0.208828
12.8961 0.208975
12.8993 0.208478
12.9024 0.208043
12.9056 0.207663
12.9087 0.20733
12.9119 0.207039
12.915 0.206784
12.9182 0.206561
12.9213 0.206366
12.9245 0.206195
12.9276 0.206421
12.9308 0.206618
12.9339 0.206791
12.9371 0.206942
12.9402 0.207074
12.9434 0.20719
12.9466 0.207291
12.9497 0.20738
12.9529 0.207457
12.956 0.20765
12.9592 0.207694
12.9623 0.207732
12.9655 0.207766
12.9686 0.207795
12.9718 0.207821
12.9749 0.207843
12.9781 0.207863
12.9812 0.20788
12.9844 0.207895
12.9875 0.207908
12.9907 0.207919
12.9938 0.20793
12.997 0.207938
13.0001 0.207946
13.0033 0.207953
13.0064 0.207959
13.0096 0.207964
13.0127 0.207968
13.0159 0.207972
13.019 0.207976
13.0222 0.207979
13.0254 0.207981
13.0285 0.207984
13.0317 0.207986
13.0348 0.207988
13.038 0.207989
13.0411 0.20799
13.0443 0.207992
13.0474 0.207993
13.0506 0.207994
13.0537 0.207994
13.0569 0.207995
13.06 0.208121
13.0632 0.208106
13.0663 0.208092
13.0695 0.208456
13.0726 0.208774
13.0758 0.209052
13.0789 0.209296
13.0821 0.209634
13.0852 0.209804
13.0884 0.209954
13.0915 0.210085
13.0947 0.210199
13.0978 0.210299
13.101 0.210387
13.1042 0.210588
13.1073 0.21064
13.1105 0.210685
13.1136 0.210724
13.1168 0.210759
13.1199 0.210789
13.1231 0.21094
13.1262 0.210948
13.1294 0.210954
13.1325 0.21096
13.1357 0.210965
13.1388 0.210969
13.142 0.210973
13.1451 0.211102
13.1483 0.211089
13.1514 0.211078
13.1546 0.211068
13.1577 0.21106
13.1609 0.211052
13.164 0.211171
13.1672 0.211149
13.1703 0.211131
13.1735 0.211114
13.1766 0.2111
13.1798 0.211087
13.183 0.211077
13.1861 0.211192
13.1893 0.211168
13.1924 0.211147
13.1956 0.211129
13.1987 0.211113
13.2019 0.211098
13.205 0.211211
13.2082 0.21131
13.2113 0.211271
13.2145 0.211612
13.2176 0.211911
13.2208 0.212172
13.2239 0.2124
13.2271 0.212725
13.2302 0.21301
13.2334 0.213133
13.2365 0.213242
13.2397 0.213337
13.2428 0.213419
13.246 0.213492
13.2491 0.213681
13.2523 0.213845
13.2554 0.213865
13.2586 0.213882
13.2618 0.213896
13.2649 0.213909
13.2681 0.214046
13.2712 0.214165
13.2744 0.214144
13.2775 0.214126
13.2807 0.214111
13.2838 0.214097
13.287 0.214085
13.2901 0.214199
13.2933 0.214299
13.2964 0.214262
13.2996 0.214229
13.3027 0.2142
13.3059 0.214175
13.309 0.214278
13.3122 0.214369
13.3153 0.214448
13.3185 0.214392
13.3216 0.214343
13.3248 0.2143
13.3279 0.214262
13.3311 0.214355
13.3342 0.214435
13.3374 0.214381
13.3406 0.214333
13.3437 0.214292
13.3469 0.214255
13.35 0.214348
13.3532 0.21443
13.3563 0.214501
13.3595 0.214938
13.3626 0.215196
13.3658 0.215422
13.3689 0.215619
13.3721 0.215917
13.3752 0.216177
13.3784 0.216405
13.3815 0.216479
13.3847 0.216544
13.3878 0.216601
13.391 0.216651
13.3941 0.21682
13.3973 0.216967
13.4004 0.217096
13.4036 0.217084
13.4067 0.217074
13.4099 0.217065
13.413 0.217181
13.4162 0.217284
13.4194 0.217373
13.4225 0.217327
13.4257 0.217286
13.4288 0.21725
13.432 0.217219
13.4351 0.217316
13.4383 0.217402
13.4414 0.217477
13.4446 0.217417
13.4477 0.217365
13.4509 0.217319
13.454 0.217404
13.4572 0.217479
13.4603 0.217544
13.4635 0.217601
13.4666 0.217526
13.4698 0.21746
13.4729 0.217403
13.4761 0.217477
13.4792 0.217543
13.4824 0.2176
13.4855 0.217525
13.4887 0.217459
13.4918 0.217402
13.495 0.217352
13.4982 0.217433
13.5013 0.217504
13.5045 0.217566
13.5076 0.217995
13.5108 0.218246
13.5139 0.218465
13.5171 0.218782
13.5202 0.219059
13.5234 0.219302
13.5265 0.219514
13.5297 0.219575
13.5328 0.219628
13.536 0.219674
13.5391 0.21984
13.5423 0.219985
13.5454 0.220112
13.5486 0.220223
13.5517 0.220195
13.5549 0.220171
13.558 0.220274
13.5612 0.220365
13.5643 0.220444
13.5675 0.220514
13.5706 0.22045
13.5738 0.220393
13.577 0.220344
13.5801 0.220426
13.5833 0.220498
13.5864 0.220561
13.5896 0.220616
13.5927 0.220539
13.5959 0.220471
13.599 0.220537
13.6022 0.220595
13.6053 0.220646
13.6085 0.22069
13.6116 0.220729
13.6148 0.220638
13.6179 0.220558
13.6211 0.220613
13.6242 0.220662
13.6274 0.220704
13.6305 0.220741
13.6337 0.220648
13.6368 0.220567
13.64 0.220496
13.6431 0.220559
13.6463 0.220614
13.6494 0.220663
13.6526 0.220705
13.6558 0.221117
13.6589 0.221352
13.6621 0.221683
13.6652 0.221973
13.6684 0.222226
13.6715 0.222448
13.6747 0.222642
13.6778 0.222687
13.681 0.222726
13.6841 0.222885
13.6873 0.223024
13.6904 0.223146
13.6936 0.223253
13.6967 0.223346
13.6999 0.223303
13.703 0.22339
13.7062 0.223466
13.7093 0.223533
13.7125 0.223592
13.7156 0.223643
13.7188 0.223687
13.7219 0.223601
13.7251 0.223651
13.7282 0.223695
13.7314 0.223733
13.7346 0.223766
13.7377 0.223796
13.7409 0.223696
13.744 0.223734
13.7472 0.223767
13.7503 0.223796
13.7535 0.223822
13.7566 0.223844
13.7598 0.223864
13.7629 0.223756
13.7661 0.223786
13.7692 0.223813
13.7724 0.223836
13.7755 0.223857
13.7787 0.223875
13.7818 0.223765
13.785 0.22367
13.7881 0.223711
13.7913 0.223747
13.7944 0.223779
13.7976 0.223806
13.8007 0.223831
13.8039 0.223727
13.807 0.224136
13.8102 0.224494
13.8134 0.224807
13.8165 0.225081
13.8197 0.225321
13.8228 0.225531
13.826 0.22559
13.8291 0.225766
13.8323 0.22592
13.8354 0.226055
13.8386 0.226173
13.8417 0.226277
13.8449 0.226367
13.848 0.226446
13.8512 0.226515
13.8543 0.226576
13.8575 0.226629
13.8606 0.226675
13.8638 0.226716
13.8669 0.226751
13.8701 0.226782
13.8732 0.22681
13.8764 0.226833
13.8795 0.226854
13.8827 0.226873
13.8858 0.226888
13.889 0.226777
13.8922 0.226805
13.8953 0.22683
13.8985 0.226851
13.9016 0.22687
13.9048 0.226886
13.9079 0.2269
13.9111 0.226913
13.9142 0.226924
13.9174 0.226933
13.9205 0.226941
13.9237 0.226949
13.9268 0.226955
13.93 0.226836
13.9331 0.226856
13.9363 0.226874
13.9394 0.22689
13.9426 0.226904
13.9457 0.226916
13.9489 0.226926
13.952 0.226936
13.9552 0.226944
13.9583 0.226951
13.9615 0.227332
13.9646 0.227665
13.9678 0.227957
13.971 0.228213
13.9741 0.228436
13.9773 0.228631
13.9804 0.228803
13.9836 0.228952
13.9867 0.229083
13.9899 0.229198
13.993 0.229423
13.9962 0.229495
13.9993 0.229558
14.0025 0.229613
14.0056 0.229662
14.0088 0.229704
14.0119 0.229741
14.0151 0.229898
14.0182 0.229911
14.0214 0.229922
14.0245 0.229932
14.0277 0.22994
14.0308 0.229948
14.034 0.229954
14.0371 0.22996
14.0403 0.229965
14.0434 0.229969
14.0466 0.229973
14.0498 0.229977
14.0529 0.22998
14.0561 0.230107
14.0592 0.230094
14.0624 0.230082
14.0655 0.230072
14.0687 0.230063
14.0718 0.230055
14.075 0.230048
14.0781 0.230042
14.0813 0.230037
14.0844 0.230032
14.0876 0.230028
14.0907 0.230025
14.0939 0.230022
14.097 0.230144
14.1002 0.230126
14.1033 0.23011
14.1065 0.230096
14.1096 0.230084
14.1128 0.230074
14.1159 0.230065
14.1191 0.230556
14.1222 0.230987
14.1254 0.231239
14.1286 0.231459
14.1317 0.231651
14.1349 0.23182
14.138 0.232092
14.1412 0.232331
14.1443 0.232415
14.1475 0.232488
14.1506 0.232552
14.1538 0.232608
14.1569 0.232657
14.1601 0.232825
14.1632 0.232972
14.1664 0.232975
14.1695 0.232978
14.1727 0.232981
14.1758 0.232983
14.179 0.232985
14.1821 0.233112
14.1853 0.233098
14.1884 0.233086
14.1916 0.233075
14.1947 0.233066
14.1979 0.233058
14.201 0.233175
14.2042 0.233278
14.2074 0.233244
14.2105 0.233213
14.2137 0.233187
14.2168 0.233163
14.22 0.233143
14.2231 0.23325
14.2263 0.233219
14.2294 0.233191
14.2326 0.233167
14.2357 0.233147
14.2389 0.233128
14.242 0.233237
14.2452 0.233333
14.2483 0.233291
14.2515 0.233255
14.2546 0.233223
14.2578 0.233195
14.2609 0.233171
14.2641 0.233274
14.2672 0.233365
14.2704 0.233319
14.2735 0.233279
14.2767 0.233619
14.2798 0.233917
14.283 0.234177
14.2862 0.23453
14.2893 0.234839
14.2925 0.234984
14.2956 0.235111
14.2988 0.235222
14.3019 0.235319
14.3051 0.235529
14.3082 0.235713
14.3114 0.235874
14.3145 0.23589
14.3177 0.235904
14.3208 0.235916
14.324 0.235926
14.3271 0.23606
14.3303 0.236178
14.3334 0.236156
14.3366 0.236136
14.3397 0.236119
14.3429 0.236104
14.346 0.236216
14.3492 0.236314
14.3523 0.2364
14.3555 0.23635
14.3586 0.236306
14.3618 0.236268
14.3649 0.236234
14.3681 0.23633
14.3713 0.236414
14.3744 0.236362
14.3776 0.236317
14.3807 0.236277
14.3839 0.236243
14.387 0.236337
14.3902 0.23642
14.3933 0.236493
14.3965 0.236431
14.3996 0.236377
14.4028 0.23633
14.4059 0.236289
14.4091 0.236378
14.4122 0.236455
14.4154 0.236524
14.4185 0.236458
14.4217 0.236401
14.4248 0.236351
14.428 0.236307
14.4311 0.236394
14.4343 0.236469
14.4374 0.236911
14.4406 0.237172
14.4437 0.2374
14.4469 0.2376
14.4501 0.2379
14.4532 0.238163
14.4564 0.238392
14.4595 0.238593
14.4627 0.238644
14.4658 0.238689
14.469 0.238728
14.4721 0.238887
14.4753 0.239026
14.4784 0.239148
14.4816 0.239129
14.4847 0.239113
14.4879 0.239099
14.491 0.239211
14.4942 0.23931
14.4973 0.239396
14.5005 0.239472
14.5036 0.239413
14.5068 0.239361
14.5099 0.239316
14.5131 0.239402
14.5162 0.239476
14.5194 0.239542
14.5225 0.239599
14.5257 0.239524
14.5289 0.239459
14.532 0.239526
14.5352 0.239586
14.5383 0.239637
14.5415 0.239683
14.5446 0.239597
14.5478 0.239523
14.5509 0.239457
14.5541 0.239525
14.5572 0.239585
14.5604 0.239636
14.5635 0.239682
14.5667 0.239597
14.5698 0.239522
14.573 0.239457
14.5761 0.239525
14.5793 0.239584
14.5824 0.239636
14.5856 0.239557
14.5887 0.239487
14.5919 0.239426
14.595 0.239498
14.5982 0.239936
14.6013 0.240319
14.6045 0.240654
14.6077 0.240947
14.6108 0.241079
14.614 0.241194
14.6171 0.24142
14.6203 0.241617
14.6234 0.24179
14.6266 0.241941
14.6297 0.241949
14.6329 0.241955
14.636 0.242086
14.6392 0.2422
14.6423 0.2423
14.6455 0.242387
14.6486 0.242464
14.6518 0.242406
14.6549 0.242355
14.6581 0.242436
14.6612 0.242506
14.6644 0.242568
14.6675 0.242622
14.6707 0.242669
14.6738 0.242586
14.677 0.242512
14.6801 0.242573
14.6833 0.242627
14.6865 0.242673
14.6896 0.242714
14.6928 0.242625
14.6959 0.242547
14.6991 0.242603
14.7022 0.242653
14.7054 0.242696
14.7085 0.242734
14.7117 0.242768
14.7148 0.242672
14.718 0.242588
14.7211 0.242639
14.7243 0.242684
14.7274 0.242724
14.7306 0.242758
14.7337 0.242664
14.7369 0.242581
14.74 0.242633
14.7432 0.242679
14.7463 0.242719
14.7495 0.242754
14.7526 0.242785
14.7558 0.242687
14.7589 0.242601
14.7621 0.243026
14.7653 0.243398
14.7684 0.243723
14.7716 0.244008
14.7747 0.244257
14.7779 0.24435
14.781 0.244556
14.7842 0.244736
14.7873 0.244894
14.7905 0.245033
14.7936 0.245153
14.7968 0.245259
14.7999 0.245227
14.8031 0.245323
14.8062 0.245408
14.8094 0.245482
14.8125 0.245547
14.8157 0.245603
14.8188 0.245653
14.822 0.245571
14.8251 0.245625
14.8283 0.245672
14.8314 0.245713
14.8346 0.245749
14.8377 0.24578
14.8409 0.245683
14.8441 0.245722
14.8472 0.245757
14.8504 0.245787
14.8535 0.245814
14.8567 0.245837
14.8598 0.245858
14.863 0.24575
14.8661 0.245782
14.8693 0.245809
14.8724 0.245833
14.8756 0.245854
14.8787 0.245872
14.8819 0.245763
14.885 0.245793
14.8882 0.245819
14.8913 0.245841
14.8945 0.245861
14.8976 0.245878
14.9008 0.245894
14.9039 0.245782
14.9071 0.245809
14.9102 0.245833
14.9134 0.245854
14.9165 0.245872
14.9197 0.245888
14.9229 0.245902
14.926 0.245914
14.9292 0.2463
14.9323 0.246638
14.9355 0.246933
14.9386 0.247191
14.9418 0.247417
14.9449 0.247615
14.9481 0.247788
14.9512 0.24794
14.9544 0.248072
14.9575 0.248188
14.9607 0.24829
14.9638 0.248378
14.967 0.248456
14.9701 0.248524
14.9733 0.248584
14.9764 0.248636
14.9796 0.248681
14.9827 0.248721
14.9859 0.248756
14.989 0.248786
14.9922 0.248813
14.9953 0.248836
14.9985 0.248857
15.0017 0.248875
15.0048 0.24889
15.008 0.248904
15.0111 0.248916
15.0143 0.248927
15.0174 0.248936
15.0206 0.248944
15.0237 0.248951
15.0269 0.248957
15.03 0.248962
15.0332 0.248967
15.0363 0.248971
15.0395 0.248975
15.0426 0.248978
15.0458 0.248981
15.0489 0.248983
15.0521 0.248985
15.0552 0.248987
15.0584 0.248989
15.0615 0.24899
15.0647 0.248991
15.0678 0.248992
15.071 0.248993
15.0741 0.248994
15.0773 0.248995
15.0805 0.248996
15.0836 0.248996
15.0868 0.248997
15.0899 0.248997
15.0931 0.248997
15.0962 0.248998
15.0994 0.249373
15.1025 0.249701
15.1057 0.249989
15.1088 0.25024
15.112 0.25046
15.1151 0.250778
15.1183 0.25093
15.1214 0.251064
15.1246 0.251181
15.1277 0.251283
15.1309 0.251373
15.134 0.251576
15.1372 0.251629
15.1403 0.251676
15.1435 0.251716
15.1466 0.251752
15.1498 0.251783
15.1529 0.25181
15.1561 0.251959
15.1593 0.251964
15.1624 0.251968
15.1656 0.251972
15.1687 0.251976
15.1719 0.251979
15.175 0.252106
15.1782 0.252093
15.1813 0.252081
15.1845 0.252071
15.1876 0.252062
15.1908 0.252055
15.1939 0.252048
15.1971 0.252167
15.2002 0.252146
15.2034 0.252128
15.2065 0.252112
15.2097 0.252098
15.2128 0.252086
15.216 0.252075
15.2191 0.25219
15.2223 0.252167
15.2254 0.252146
15.2286 0.252128
15.2317 0.252112
15.2349 0.252098
15.2381 0.25221
15.2412 0.252184
15.2444 0.252161
15.2475 0.252141
15.2507 0.252123
15.2538 0.252108
15.257 0.252094
15.2601 0.252208
15.2633 0.252182
15.2664 0.252159
15.2696 0.252514
15.2727 0.252825
15.2759 0.253097
15.279 0.25346
15.2822 0.253777
15.2853 0.25393
15.2885 0.254064
15.2916 0.254181
15.2948 0.254283
15.2979 0.254373
15.3011 0.254576
15.3042 0.254754
15.3074 0.254785
15.3105 0.254812
15.3137 0.254835
15.3169 0.254856
15.32 0.254999
15.3232 0.255124
15.3263 0.255234
15.3295 0.255204
15.3326 0.255179
15.3358 0.255156
15.3389 0.255137
15.3421 0.255245
15.3452 0.255339
15.3484 0.255297
15.3515 0.25526
15.3547 0.255227
15.3578 0.255199
15.361 0.255174
15.3641 0.255277
15.3673 0.255368
15.3704 0.255322
15.3736 0.255281
15.3767 0.255246
15.3799 0.255215
15.383 0.255314
15.3862 0.255399
15.3893 0.255349
15.3925 0.255306
15.3957 0.255268
15.3988 0.255234
15.402 0.255205
15.4051 0.255304
15.4083 0.255391
15.4114 0.255342
15.4146 0.2553
15.4177 0.255262
15.4209 0.255229
15.424 0.255326
15.4272 0.25541
15.4303 0.255359
15.4335 0.255314
15.4366 0.255275
15.4398 0.25524
15.4429 0.255585
15.4461 0.256012
15.4492 0.256386
15.4524 0.256712
15.4555 0.256873
15.4587 0.257014
15.4618 0.257137
15.465 0.257245
15.4681 0.257465
15.4713 0.257656
15.4745 0.257824
15.4776 0.257846
15.4808 0.257866
15.4839 0.257882
15.4871 0.258022
15.4902 0.258144
15.4934 0.258251
15.4965 0.25822
15.4997 0.258192
15.5028 0.258168
15.506 0.258147
15.5091 0.258254
15.5123 0.258347
15.5154 0.258429
15.5186 0.258375
15.5217 0.258328
15.5249 0.258287
15.528 0.258376
15.5312 0.258454
15.5343 0.258522
15.5375 0.258457
15.5406 0.2584
15.5438 0.25835
15.5469 0.258306
15.5501 0.258393
15.5533 0.258469
15.5564 0.258535
15.5596 0.258468
15.5627 0.25841
15.5659 0.258359
15.569 0.258439
15.5722 0.258509
15.5753 0.25857
15.5785 0.258499
15.5816 0.258437
15.5848 0.258382
15.5879 0.258334
15.5911 0.258418
15.5942 0.25849
15.5974 0.258554
15.6005 0.258485
15.6037 0.258424
15.6068 0.258371
15.61 0.258325
15.6131 0.258409
15.6163 0.258858
15.6194 0.259251
15.6226 0.259594
15.6257 0.25977
15.6289 0.259924
15.6321 0.260183
15.6352 0.26041
15.6384 0.260609
15.6415 0.260783
15.6447 0.26081
15.6478 0.260834
15.651 0.260855
15.6541 0.260998
15.6573 0.261123
15.6604 0.261233
15.6636 0.261329
15.6667 0.261288
15.6699 0.261252
15.673 0.261345
15.6762 0.261427
15.6793 0.261499
15.6825 0.261561
15.6856 0.261491
15.6888 0.26143
15.6919 0.261376
15.6951 0.261454
15.6982 0.261522
15.7014 0.261582
15.7045 0.261634
15.7077 0.261555
15.7109 0.261486
15.714 0.26155
15.7172 0.261606
15.7203 0.261655
15.7235 0.261698
15.7266 0.261736
15.7298 0.261644
15.7329 0.261564
15.7361 0.261618
15.7392 0.261666
15.7424 0.261708
15.7455 0.261744
15.7487 0.261651
15.7518 0.26157
15.755 0.261499
15.7581 0.261561
15.7613 0.261616
15.7644 0.261664
15.7676 0.261706
15.7707 0.261618
15.7739 0.261541
15.777 0.261598
15.7802 0.261648
15.7833 0.261692
15.7865 0.261731
15.7897 0.261639
15.7928 0.261934
15.796 0.262193
15.7991 0.262544
15.8023 0.262851
15.8054 0.263119
15.8086 0.263354
15.8117 0.26356
15.8149 0.263615
15.818 0.263788
15.8212 0.26394
15.8243 0.264072
15.8275 0.264188
15.8306 0.26429
15.8338 0.264253
15.8369 0.264222
15.8401 0.264319
15.8432 0.264404
15.8464 0.264479
15.8495 0.264544
15.8527 0.264601
15.8558 0.264526
15.859 0.26446
15.8621 0.264528
15.8653 0.264587
15.8685 0.264638
15.8716 0.264683
15.8748 0.264723
15.8779 0.264633
15.8811 0.264679
15.8842 0.264719
15.8874 0.264754
15.8905 0.264785
15.8937 0.264812
15.8968 0.26471
15.9 0.264621
15.9031 0.264669
15.9063 0.26471
15.9094 0.264746
15.9126 0.264778
15.9157 0.264806
15.9189 0.264705
15.922 0.264742
15.9252 0.264774
15.9283 0.264802
15.9315 0.264827
15.9346 0.264849
15.9378 0.264743
15.9409 0.26465
15.9441 0.264694
15.9473 0.264732
15.9504 0.264765
15.9536 0.264795
15.9567 0.26482
15.9599 0.264718
15.963 0.264753
15.9662 0.264784
15.9693 0.264811
15.9725 0.26521
15.9756 0.265558
15.9788 0.265864
15.9819 0.266006
15.9851 0.266255
15.9882 0.266473
15.9914 0.266664
15.9945 0.266831
15.9977 0.266977
16.0008 0.267105
16.004 0.267092
16.0071 0.267205
16.0103 0.267305
16.0134 0.267392
16.0166 0.267468
16.0197 0.267534
16.0229 0.267592
16.0261 0.267643
16.0292 0.267688
16.0324 0.267727
16.0355 0.267761
16.0387 0.267791
16.0418 0.267817
16.045 0.267715
16.0481 0.267751
16.0513 0.267782
16.0544 0.267809
16.0576 0.267833
16.0607 0.267854
16.0639 0.267872
16.067 0.267888
16.0702 0.267902
16.0733 0.267914
16.0765 0.267925
16.0796 0.267934
16.0828 0.267943
16.0859 0.267825
16.0891 0.267847
16.0922 0.267866
16.0954 0.267883
16.0985 0.267897
16.1017 0.26791
16.1049 0.267921
16.108 0.267931
16.1112 0.26794
16.1143 0.267947
16.1175 0.267954
16.1206 0.26796
16.1238 0.267965
16.1269 0.267969
16.1301 0.267973
16.1332 0.267976
16.1364 0.267979
16.1395 0.267982
16.1427 0.267984
16.1458 0.267986
16.149 0.267863
16.1521 0.26788
16.1553 0.26827
16.1584 0.268611
16.1616 0.26891
16.1647 0.269171
16.1679 0.2694
16.171 0.269725
16.1742 0.269884
16.1773 0.270024
16.1805 0.270146
16.1837 0.270252
16.1868 0.270346
16.19 0.270428
16.1931 0.270499
16.1963 0.270562
16.1994 0.270617
16.2026 0.270665
16.2057 0.270706
16.2089 0.270743
16.212 0.2709
16.2152 0.270913
16.2183 0.270924
16.2215 0.270933
16.2246 0.270942
16.2278 0.270949
16.2309 0.270955
16.2341 0.270961
16.2372 0.270966
16.2404 0.27097
16.2435 0.270974
16.2467 0.270977
16.2498 0.27098
16.253 0.270982
16.2561 0.270985
16.2593 0.270987
16.2625 0.270988
16.2656 0.27099
16.2688 0.270991
16.2719 0.270992
16.2751 0.271118
16.2782 0.271103
16.2814 0.27109
16.2845 0.271079
16.2877 0.271069
16.2908 0.271061
16.294 0.271053
16.2971 0.271046
16.3003 0.271041
16.3034 0.271036
16.3066 0.271031
16.3097 0.271027
16.3129 0.271024
16.316 0.271146
16.3192 0.271128
16.3223 0.271112
16.3255 0.271098
16.3286 0.271085
16.3318 0.271075
16.3349 0.271065
16.3381 0.271557
16.3413 0.271863
16.3444 0.27213
16.3476 0.272364
16.3507 0.272568
16.3539 0.272747
16.357 0.273029
16.3602 0.273275
16.3633 0.273366
16.3665 0.273445
16.3696 0.273514
16.3728 0.273575
16.3759 0.273628
16.3791 0.2738
16.3822 0.273825
16.3854 0.273847
16.3885 0.273866
16.3917 0.273883
16.3948 0.273897
16.398 0.27391
16.4011 0.274046
16.4043 0.274041
16.4074 0.274035
16.4106 0.274031
16.4137 0.274027
16.4169 0.274024
16.4201 0.274146
16.4232 0.274253
16.4264 0.274221
16.4295 0.274193
16.4327 0.274169
16.4358 0.274148
16.439 0.27413
16.4421 0.274238
16.4453 0.274209
16.4484 0.274182
16.4516 0.27416
16.4547 0.27414
16.4579 0.274122
16.461 0.274232
16.4642 0.274328
16.4673 0.274287
16.4705 0.274251
16.4736 0.27422
16.4768 0.274192
16.4799 0.274168
16.4831 0.274272
16.4862 0.274238
16.4894 0.274208
16.4925 0.274182
16.4957 0.27416
16.4989 0.27414
16.502 0.274247
16.5052 0.274341
16.5083 0.274299
16.5115 0.274261
16.5146 0.274229
16.5178 0.2742
16.5209 0.274175
16.5241 0.274653
16.5272 0.275072
16.5304 0.275438
16.5335 0.275633
16.5367 0.275804
16.5398 0.275953
16.543 0.276084
16.5461 0.276324
16.5493 0.276533
16.5524 0.276592
16.5556 0.276643
16.5587 0.276687
16.5619 0.276726
16.565 0.276886
16.5682 0.277025
16.5713 0.277147
16.5745 0.277128
16.5777 0.277112
16.5808 0.277098
16.584 0.277086
16.5871 0.2772
16.5903 0.2773
16.5934 0.277263
16.5966 0.27723
16.5997 0.277201
16.6029 0.277176
16.606 0.277279
16.6092 0.277369
16.6123 0.277448
16.6155 0.277392
16.6186 0.277343
16.6218 0.2773
16.6249 0.277263
16.6281 0.277355
16.6312 0.277435
16.6344 0.277381
16.6375 0.277333
16.6407 0.277292
16.6438 0.277255
16.647 0.277223
16.6501 0.27732
16.6533 0.277405
16.6565 0.277355
16.6596 0.27731
16.6628 0.277272
16.6659 0.277238
16.6691 0.277333
16.6722 0.277416
16.6754 0.277489
16.6785 0.277428
16.6817 0.277375
16.6848 0.277328
16.688 0.277287
16.6911 0.277376
16.6943 0.277454
16.6974 0.277397
16.7006 0.277348
16.7037 0.277304
16.7069 0.277266
16.71 0.277733
16.7132 0.278141
16.7163 0.278499
16.7195 0.278811
16.7226 0.27896
16.7258 0.27909
16.7289 0.279204
16.7321 0.279428
16.7353 0.279625
16.7384 0.279797
16.7416 0.279822
16.7447 0.279844
16.7479 0.279864
16.751 0.280006
16.7542 0.28013
16.7573 0.280239
16.7605 0.280334
16.7636 0.280292
16.7668 0.280256
16.7699 0.280224
16.7731 0.280321
16.7762 0.280406
16.7794 0.28048
16.7825 0.28042
16.7857 0.280367
16.7888 0.280322
16.792 0.280281
16.7951 0.280371
16.7983 0.28045
16.8014 0.280519
16.8046 0.280454
16.8077 0.280397
16.8109 0.280347
16.8141 0.280429
16.8172 0.2805
16.8204 0.280563
16.8235 0.280617
16.8267 0.28054
16.8298 0.280473
16.833 0.280414
16.8361 0.280487
16.8393 0.280551
16.8424 0.280607
16.8456 0.280531
16.8487 0.280465
16.8519 0.280407
16.855 0.280481
16.8582 0.280546
16.8613 0.280603
16.8645 0.280652
16.8676 0.280571
16.8708 0.280499
16.8739 0.280437
16.8771 0.280507
16.8802 0.280569
16.8834 0.280623
16.8865 0.280545
16.8897 0.280477
16.8929 0.280417
16.896 0.28049
16.8992 0.280929
16.9023 0.281313
16.9055 0.281649
16.9086 0.281943
16.9118 0.282075
16.9149 0.28219
16.9181 0.282417
16.9212 0.282615
16.9244 0.282788
16.9275 0.282939
16.9307 0.283072
16.9338 0.283063
16.937 0.283055
16.9401 0.283173
16.9433 0.283276
16.9464 0.283367
16.9496 0.283446
16.9527 0.28339
16.9559 0.283342
16.959 0.283424
16.9622 0.283496
16.9653 0.283559
16.9685 0.283614
16.9717 0.283662
16.9748 0.283579
16.978 0.283507
16.9811 0.283569
16.9843 0.283623
16.9874 0.28367
16.9906 0.283711
16.9937 0.283622
16.9969 0.283544
17 0.283601
17.0032 0.283651
17.0063 0.283695
17.0095 0.283733
17.0126 0.283766
17.0158 0.283671
17.0189 0.283587
17.0221 0.283638
17.0252 0.283684
17.0284 0.283723
17.0315 0.283758
17.0347 0.283663
17.0378 0.28358
17.041 0.283508
17.0441 0.283569
17.0473 0.283623
17.0505 0.28367
17.0536 0.283711
17.0568 0.283622
17.0599 0.283545
17.0631 0.283602
17.0662 0.283651
17.0694 0.283695
17.0725 0.283733
17.0757 0.283766
17.0788 0.283671
17.082 0.283587
17.0851 0.283638
17.0883 0.283684
17.0914 0.284098
17.0946 0.284461
17.0977 0.284778
17.1009 0.284931
17.104 0.28519
17.1072 0.285416
17.1103 0.285614
17.1135 0.285787
17.1166 0.285939
17.1198 0.286071
17.1229 0.286063
17.1261 0.28618
17.1293 0.286282
17.1324 0.286372
17.1356 0.28645
17.1387 0.286519
17.1419 0.286454
17.145 0.286522
17.1482 0.286582
17.1513 0.286634
17.1545 0.28668
17.1576 0.28672
17.1608 0.286755
17.1639 0.286661
17.1671 0.286703
17.1702 0.28674
17.1734 0.286773
17.1765 0.286801
17.1797 0.286826
17.1828 0.286723
17.186 0.286632
17.1891 0.286678
17.1923 0.286719
17.1954 0.286754
17.1986 0.286785
17.2017 0.286811
17.2049 0.28671
17.2081 0.286746
17.2112 0.286778
17.2144 0.286806
17.2175 0.28683
17.2207 0.286851
17.2238 0.28687
17.227 0.286761
17.2301 0.286791
17.2333 0.286817
17.2364 0.28684
17.2396 0.28686
17.2427 0.286877
17.2459 0.286768
17.249 0.286797
17.2522 0.286822
17.2553 0.286844
17.2585 0.286864
17.2616 0.286881
17.2648 0.286896
17.2679 0.286784
17.2711 0.286811
17.2742 0.286834
17.2774 0.286855
17.2805 0.286873
17.2837 0.286889
17.2869 0.287278
17.29 0.287618
17.2932 0.287916
17.2963 0.288176
17.2995 0.288404
17.3026 0.288604
17.3058 0.288778
17.3089 0.288931
17.3121 0.289065
17.3152 0.289182
17.3184 0.289284
17.3215 0.289373
17.3247 0.289452
17.3278 0.28952
17.331 0.28958
17.3341 0.289633
17.3373 0.289679
17.3404 0.289719
17.3436 0.289754
17.3467 0.289785
17.3499 0.289812
17.353 0.289835
17.3562 0.289856
17.3593 0.289874
17.3625 0.28989
17.3657 0.289903
17.3688 0.289915
17.372 0.289926
17.3751 0.289935
17.3783 0.289943
17.3814 0.28995
17.3846 0.289957
17.3877 0.289962
17.3909 0.289967
17.394 0.289971
17.3972 0.289975
17.4003 0.289978
17.4035 0.289981
17.4066 0.289983
17.4098 0.289985
17.4129 0.289987
17.4161 0.289989
17.4192 0.28999
17.4224 0.289991
17.4255 0.289992
17.4287 0.289993
17.4318 0.289994
17.435 0.28987
17.4381 0.289886
17.4413 0.2899
17.4445 0.289913
17.4476 0.289924
17.4508 0.289933
17.4539 0.289942
17.4571 0.289949
17.4602 0.289955
17.4634 0.289961
17.4665 0.289966
17.4697 0.28997
17.4728 0.289974
17.476 0.289977
17.4791 0.28998
17.4823 0.290357
17.4854 0.290688
17.4886 0.290977
17.4917 0.29123
17.4949 0.291451
17.498 0.29177
17.5012 0.291923
17.5043 0.292058
17.5075 0.292176
17.5106 0.292279
17.5138 0.292369
17.5169 0.292448
17.5201 0.292642
17.5233 0.292687
17.5264 0.292726
17.5296 0.29276
17.5327 0.29279
17.5359 0.292816
17.539 0.292964
17.5422 0.292969
17.5453 0.292973
17.5485 0.292976
17.5516 0.292979
17.5548 0.292982
17.5579 0.292984
17.5611 0.293111
17.5642 0.293097
17.5674 0.293085
17.5705 0.293074
17.5737 0.293065
17.5768 0.293057
17.58 0.29305
17.5831 0.293044
17.5863 0.293038
17.5894 0.293033
17.5926 0.293029
17.5957 0.293026
17.5989 0.293022
17.6021 0.293145
17.6052 0.293126
17.6084 0.293111
17.6115 0.293097
17.6147 0.293085
17.6178 0.293074
17.621 0.293065
17.6241 0.293182
17.6273 0.293159
17.6304 0.293139
17.6336 0.293122
17.6367 0.293107
17.6399 0.293093
17.643 0.293207
17.6462 0.293181
17.6493 0.293158
17.6525 0.293138
17.6556 0.293121
17.6588 0.293106
17.6619 0.293093
17.6651 0.293206
17.6682 0.29318
17.6714 0.293158
17.6745 0.293138
17.6777 0.293121
17.6809 0.293481
17.684 0.293921
17.6872 0.294306
17.6903 0.294517
17.6935 0.294703
17.6966 0.294865
17.6998 0.295007
17.7029 0.295131
17.7061 0.295365
17.7092 0.295569
17.7124 0.295623
17.7155 0.29567
17.7187 0.295711
17.7218 0.295747
17.725 0.295779
17.7281 0.295932
17.7313 0.296065
17.7344 0.296057
17.7376 0.29605
17.7407 0.296044
17.7439 0.296038
17.747 0.296158
17.7502 0.296264
17.7533 0.296231
17.7565 0.296202
17.7597 0.296177
17.7628 0.296155
17.766 0.296135
17.7691 0.296243
17.7723 0.296338
17.7754 0.296296
17.7786 0.296259
17.7817 0.296226
17.7849 0.296198
17.788 0.296298
17.7912 0.296386
17.7943 0.296338
17.7975 0.296296
17.8006 0.296259
17.8038 0.296226
17.8069 0.296198
17.8101 0.296298
17.8132 0.296386
17.8164 0.296338
17.8195 0.296295
17.8227 0.296259
17.8258 0.296226
17.829 0.296198
17.8321 0.296298
17.8353 0.296261
17.8385 0.296228
17.8416 0.2962
17.8448 0.296175
17.8479 0.296153
17.8511 0.296259
17.8542 0.296351
17.8574 0.296308
17.8605 0.296269
17.8637 0.296235
17.8668 0.296206
17.87 0.29618
17.8731 0.296283
17.8763 0.296372
17.8794 0.296826
17.8826 0.297098
17.8857 0.297335
17.8889 0.297543
17.892 0.297851
17.8952 0.298119
17.8983 0.298354
17.9015 0.298435
17.9046 0.298506
17.9078 0.298567
17.9109 0.298622
17.9141 0.298794
17.9173 0.298945
17.9204 0.299077
17.9236 0.299067
17.9267 0.299059
17.9299 0.299051
17.933 0.29917
17.9362 0.299274
17.9393 0.299364
17.9425 0.299319
17.9456 0.299279
17.9488 0.299244
17.9519 0.299214
17.9551 0.299312
17.9582 0.299398
17.9614 0.299473
17.9645 0.299414
17.9677 0.299362
17.9708 0.299317
17.974 0.299277
17.9771 0.299368
17.9803 0.299447
17.9834 0.299391
17.9866 0.299342
17.9897 0.299299
17.9929 0.299262
17.9961 0.299354
17.9992 0.299435
18.0024 0.299506
18.0055 0.299442
18.0087 0.299387
18.0118 0.299339
18.015 0.299296
18.0181 0.299384
18.0213 0.299461
18.0244 0.299529
18.0276 0.299463
18.0307 0.299405
18.0339 0.299354
18.037 0.299435
18.0402 0.299505
18.0433 0.299567
18.0465 0.299496
18.0496 0.299434
18.0528 0.29938
18.0559 0.299333
18.0591 0.299416
18.0622 0.299489
18.0654 0.299553
18.0685 0.299484
18.0717 0.299423
18.0749 0.29937
18.078 0.299449
18.0812 0.299893
18.0843 0.300281
18.0875 0.300621
18.0906 0.300794
18.0938 0.300944
18.0969 0.301076
18.1001 0.301317
18.1032 0.301527
18.1064 0.301711
18.1095 0.301872
18.1127 0.301888
18.1158 0.301902
18.119 0.301914
18.1221 0.30205
18.1253 0.302169
18.1284 0.302273
18.1316 0.302364
18.1347 0.302318
18.1379 0.302278
18.141 0.302369
18.1442 0.302448
18.1473 0.302517
18.1505 0.302577
18.1537 0.302505
18.1568 0.302442
18.16 0.302387
18.1631 0.302463
18.1663 0.30253
18.1694 0.302589
18.1726 0.30264
18.1757 0.30256
18.1789 0.30249
18.182 0.302554
18.1852 0.30261
18.1883 0.302659
18.1915 0.302701
18.1946 0.302614
18.1978 0.302537
18.2009 0.30247
18.2041 0.302536
18.2072 0.302594
18.2104 0.302645
18.2135 0.302689
18.2167 0.302603
18.2198 0.302528
18.223 0.302462
18.2261 0.302529
18.2293 0.302588
18.2325 0.302639
18.2356 0.302559
18.2388 0.30249
18.2419 0.302428
18.2451 0.3025
18.2482 0.302562
18.2514 0.302617
18.2545 0.302665
18.2577 0.302582
18.2608 0.302509
18.264 0.302445
18.2671 0.302515
18.2703 0.302575
18.2734 0.302628
18.2766 0.302675
18.2797 0.302591
18.2829 0.302517
18.286 0.302952
18.2892 0.303333
18.2923 0.303666
18.2955 0.303958
18.2986 0.304213
18.3018 0.304312
18.3049 0.304398
18.3081 0.304598
18.3113 0.304773
18.3144 0.304927
18.3176 0.305061
18.3207 0.305178
18.3239 0.305156
18.327 0.305261
18.3302 0.305354
18.3333 0.305435
18.3365 0.305505
18.3396 0.305567
18.3428 0.305496
18.3459 0.305434
18.3491 0.305505
18.3522 0.305567
18.3554 0.305621
18.3585 0.305668
18.3617 0.30571
18.3648 0.305621
18.368 0.305543
18.3711 0.3056
18.3743 0.30565
18.3774 0.305694
18.3806 0.305732
18.3837 0.305641
18.3869 0.305561
18.3901 0.305616
18.3932 0.305664
18.3964 0.305706
18.3995 0.305742
18.4027 0.305775
18.4058 0.305678
18.409 0.305593
18.4121 0.305644
18.4153 0.305688
18.4184 0.305727
18.4216 0.305761
18.4247 0.305791
18.4279 0.305692
18.431 0.305731
18.4342 0.305764
18.4373 0.305794
18.4405 0.30582
18.4436 0.305842
18.4468 0.305737
18.4499 0.305645
18.4531 0.305689
18.4562 0.305728
18.4594 0.305762
18.4625 0.305792
18.4657 0.305818
18.4689 0.305716
18.472 0.305751
18.4752 0.305782
18.4783 0.305809
18.4815 0.305833
18.4846 0.305854
18.4878 0.305747
18.4909 0.305654
18.4941 0.306072
18.4972 0.306438
18.5004 0.306758
18.5035 0.307039
18.5067 0.307284
18.5098 0.307498
18.513 0.307561
18.5161 0.307741
18.5193 0.307898
18.5224 0.308036
18.5256 0.308156
18.5287 0.308262
18.5319 0.308354
18.535 0.308435
18.5382 0.308506
18.5413 0.308567
18.5445 0.308621
18.5477 0.308669
18.5508 0.30871
18.554 0.308621
18.5571 0.308669
18.5603 0.30871
18.5634 0.308746
18.5666 0.308778
18.5697 0.308806
18.5729 0.30883
18.576 0.308851
18.5792 0.30887
18.5823 0.308886
18.5855 0.3089
18.5886 0.308913
18.5918 0.308924
18.5949 0.308808
18.5981 0.308832
18.6012 0.308853
18.6044 0.308872
18.6075 0.308888
18.6107 0.308902
18.6138 0.308914
18.617 0.3088
18.6201 0.308825
18.6233 0.308847
18.6265 0.308866
18.6296 0.308883
18.6328 0.308897
18.6359 0.308785
18.6391 0.308812
18.6422 0.308835
18.6454 0.308856
18.6485 0.308874
18.6517 0.30889
18.6548 0.308904
18.658 0.308791
18.6611 0.308817
18.6643 0.30884
18.6674 0.30886
18.6706 0.308877
18.6737 0.308893
18.6769 0.308906
18.68 0.308918
18.6832 0.308928
18.6863 0.308937
18.6895 0.308945
18.6926 0.308952
18.6958 0.308958
18.6989 0.308838
18.7021 0.309233
18.7053 0.309579
18.7084 0.309882
18.7116 0.310147
18.7147 0.310378
18.7179 0.310581
18.721 0.310883
18.7242 0.311023
18.7273 0.311145
18.7305 0.311252
18.7336 0.311345
18.7368 0.311427
18.7399 0.311499
18.7431 0.311561
18.7462 0.311616
18.7494 0.311664
18.7525 0.311706
18.7557 0.311743
18.7588 0.311775
18.762 0.311803
18.7651 0.311828
18.7683 0.311849
18.7714 0.311868
18.7746 0.311885
18.7777 0.311899
18.7809 0.311912
18.7841 0.311923
18.7872 0.311932
18.7904 0.311941
18.7935 0.311948
18.7967 0.311955
18.7998 0.31196
18.803 0.311965
18.8061 0.31197
18.8093 0.311973
18.8124 0.311977
18.8156 0.31198
18.8187 0.311982
18.8219 0.311984
18.825 0.312111
18.8282 0.312097
18.8313 0.312085
18.8345 0.312075
18.8376 0.312065
18.8408 0.312057
18.8439 0.31205
18.8471 0.312044
18.8502 0.312038
18.8534 0.312033
18.8565 0.312029
18.8597 0.312026
18.8629 0.312022
18.866 0.312145
18.8692 0.312127
18.8723 0.312111
18.8755 0.312097
18.8786 0.312085
18.8818 0.312074
18.8849 0.312065
18.8881 0.312057
18.8912 0.31205
18.8944 0.312043
18.8975 0.312038
18.9007 0.312033
18.9038 0.312029
18.907 0.312025
18.9101 0.312022
18.9133 0.312395
18.9164 0.31272
18.9196 0.313005
18.9227 0.313255
18.9259 0.313473
18.929 0.313789
18.9322 0.314065
18.9353 0.314182
18.9385 0.314284
18.9417 0.314374
18.9448 0.314452
18.948 0.31452
18.9511 0.314705
18.9543 0.314742
18.9574 0.314774
18.9606 0.314803
18.9637 0.314827
18.9669 0.314849
18.97 0.314993
18.9732 0.315119
18.9763 0.315104
18.9795 0.315091
18.9826 0.31508
18.9858 0.31507
18.9889 0.315061
18.9921 0.315178
18.9952 0.315156
18.9984 0.315136
19.0015 0.315119
19.0047 0.315104
19.0078 0.315091
19.011 0.31508
19.0141 0.315195
19.0173 0.315171
19.0205 0.315149
19.0236 0.315131
19.0268 0.315114
19.0299 0.3151
19.0331 0.315213
19.0362 0.315186
19.0394 0.315163
19.0425 0.315142
19.0457 0.315125
19.0488 0.315109
19.052 0.315095
19.0551 0.315208
19.0583 0.315182
19.0614 0.31516
19.0646 0.31514
19.0677 0.315122
19.0709 0.315107
19.074 0.315219
19.0772 0.315316
19.0803 0.315277
19.0835 0.315242
19.0866 0.315212
19.0898 0.315185
19.0929 0.315162
19.0961 0.315267
19.0993 0.315234
19.1024 0.315204
19.1056 0.315179
19.1087 0.315156
19.1119 0.315137
19.115 0.315245
19.1182 0.315339
19.1213 0.315297
19.1245 0.315635
19.1276 0.31593
19.1308 0.316189
19.1339 0.316415
19.1371 0.316738
19.1402 0.317021
19.1434 0.317144
19.1465 0.317251
19.1497 0.317344
19.1528 0.317426
19.156 0.317498
19.1591 0.317686
19.1623 0.31785
19.1654 0.317869
19.1686 0.317885
19.1717 0.3179
19.1749 0.317912
19.1781 0.318048
19.1812 0.318167
19.1844 0.318146
19.1875 0.318128
19.1907 0.318112
19.1938 0.318098
19.197 0.318086
19.2001 0.3182
19.2033 0.3183
19.2064 0.318262
19.2096 0.31823
19.2127 0.318201
19.2159 0.318176
19.219 0.318279
19.2222 0.318369
19.2253 0.318448
19.2285 0.318392
19.2316 0.318343
19.2348 0.3183
19.2379 0.318263
19.2411 0.318355
19.2442 0.318435
19.2474 0.318381
19.2505 0.318333
19.2537 0.318292
19.2569 0.318255
19.26 0.318348
19.2632 0.31843
19.2663 0.318501
19.2695 0.318438
19.2726 0.318384
19.2758 0.318336
19.2789 0.318294
19.2821 0.318382
19.2852 0.318459
19.2884 0.318402
19.2915 0.318352
19.2947 0.318308
19.2978 0.318269
19.301 0.318236
19.3041 0.318331
19.3073 0.318415
19.3104 0.318363
19.3136 0.318318
19.3167 0.318278
19.3199 0.318243
19.323 0.318338
19.3262 0.31842
19.3293 0.318493
19.3325 0.318431
19.3357 0.318377
19.3388 0.318705
19.342 0.318992
19.3451 0.319368
19.3483 0.319697
19.3514 0.319985
19.3546 0.320112
19.3577 0.320223
19.3609 0.32032
19.364 0.32053
19.3672 0.320714
19.3703 0.320875
19.3735 0.321015
19.3766 0.321013
19.3798 0.321012
19.3829 0.32101
19.3861 0.321134
19.3892 0.321242
19.3924 0.321337
19.3955 0.321295
19.3987 0.321258
19.4018 0.321226
19.405 0.321197
19.4081 0.321298
19.4113 0.321386
19.4145 0.321462
19.4176 0.321405
19.4208 0.321354
19.4239 0.32131
19.4271 0.321396
19.4302 0.321472
19.4334 0.321538
19.4365 0.32147
19.4397 0.321412
19.4428 0.32136
19.446 0.321315
19.4491 0.321401
19.4523 0.321476
19.4554 0.321541
19.4586 0.321474
19.4617 0.321414
19.4649 0.321363
19.468 0.321442
19.4712 0.321512
19.4743 0.321573
19.4775 0.321626
19.4806 0.321548
19.4838 0.32148
19.4869 0.32142
19.4901 0.321492
19.4933 0.321556
19.4964 0.321611
19.4996 0.321535
19.5027 0.321468
19.5059 0.321409
19.509 0.321483
19.5122 0.321548
19.5153 0.321604
19.5185 0.321654
19.5216 0.321572
19.5248 0.321501
19.5279 0.321438
19.5311 0.321508
19.5342 0.32157
19.5374 0.321624
19.5405 0.321546
19.5437 0.321477
19.5468 0.321418
19.55 0.321365
19.5531 0.321445
19.5563 0.321889
19.5594 0.322278
19.5626 0.322618
19.5657 0.322791
19.5689 0.322942
19.5721 0.323199
19.5752 0.323424
19.5784 0.323621
19.5815 0.323794
19.5847 0.323819
19.5878 0.323842
19.591 0.323862
19.5941 0.324004
19.5973 0.324129
19.6004 0.324237
19.6036 0.324333
19.6067 0.324291
19.6099 0.324255
19.613 0.324348
19.6162 0.324429
19.6193 0.324501
19.6225 0.324563
19.6256 0.324618
19.6288 0.324541
19.6319 0.324473
19.6351 0.324539
19.6382 0.324597
19.6414 0.324647
19.6445 0.324691
19.6477 0.324605
19.6509 0.324529
19.654 0.324588
19.6572 0.324639
19.6603 0.324685
19.6635 0.324724
19.6666 0.324758
19.6698 0.324664
19.6729 0.324581
19.6761 0.324633
19.6792 0.324679
19.6824 0.324719
19.6855 0.324754
19.6887 0.32466
19.6918 0.324577
19.695 0.324505
19.6981 0.324567
19.7013 0.324621
19.7044 0.324669
19.7076 0.32471
19.7107 0.324621
19.7139 0.324544
19.717 0.324601
19.7202 0.324651
19.7233 0.324694
19.7265 0.324732
19.7297 0.324766
19.7328 0.32467
19.736 0.324586
19.7391 0.324638
19.7423 0.324683
19.7454 0.324723
19.7486 0.324758
19.7517 0.324663
19.7549 0.32458
19.758 0.324632
19.7612 0.324678
19.7643 0.324719
19.7675 0.324754
19.7706 0.324785
19.7738 0.324687
19.7769 0.324976
19.7801 0.325354
19.7832 0.325685
19.7864 0.325974
19.7895 0.326227
19.7927 0.326449
19.7958 0.326518
19.799 0.326578
19.8021 0.326756
19.8053 0.326911
19.8085 0.327047
19.8116 0.327166
19.8148 0.327271
19.8179 0.327237
19.8211 0.327332
19.8242 0.327416
19.8274 0.327489
19.8305 0.327553
19.8337 0.327609
19.8368 0.327532
19.84 0.327466
19.8431 0.327533
19.8463 0.327591
19.8494 0.327642
19.8526 0.327687
19.8557 0.327726
19.8589 0.327635
19.862 0.327681
19.8652 0.327721
19.8683 0.327756
19.8715 0.327786
19.8746 0.327813
19.8778 0.327836
19.8809 0.327732
19.8841 0.327765
19.8873 0.327795
19.8904 0.32782
19.8936 0.327843
19.8967 0.327862
19.8999 0.327755
19.903 0.327785
19.9062 0.327812
19.9093 0.327836
19.9125 0.327856
19.9156 0.327874
19.9188 0.32789
19.9219 0.327779
19.9251 0.327806
19.9282 0.327831
19.9314 0.327852
19.9345 0.32787
19.9377 0.327886
19.9408 0.327776
19.944 0.327679
19.9471 0.327719
19.9503 0.327754
19.9534 0.327785
19.9566 0.327812
19.9597 0.327835
19.9629 0.327731
19.9661 0.327764
19.9692 0.327794
19.9724 0.32782
19.9755 0.327842
19.9787 0.327862
19.9818 0.327754
19.985 0.32766
19.9881 0.327702
19.9913 0.32774
19.9944 0.327772
19.9976 0.328176
20.0007 0.328529
20.0039 0.328838
20.007 0.329108
20.0102 0.329344
20.0133 0.329551
20.0165 0.329732
20.0196 0.329891
20.0228 0.33003
20.0259 0.330151
20.0291 0.330257
20.0322 0.33035
20.0354 0.330431
20.0385 0.330502
20.0417 0.330564
20.0449 0.330619
20.048 0.330667
20.0512 0.330708
20.0543 0.330745
20.0575 0.330777
20.0606 0.330805
20.0638 0.330829
20.0669 0.33085
20.0701 0.330869
20.0732 0.330885
20.0764 0.3309
20.0795 0.330912
20.0827 0.330923
20.0858 0.330933
20.089 0.330816
20.0921 0.330839
20.0953 0.330859
20.0984 0.330877
