0.0 0
0.220019 1440
0.220019 1440
0.44028 2880
0.660779 4320
0.881278 5760
1.08152 7200
1.10178 8640
1.30178 10080
1.32204 11520
1.32252 12960
1.52228 14400
1.5423 15840
1.54278 17280
1.54325 18720
1.74254 20160
1.74301 21600
1.7628 23040
1.76327 24480
1.76375 25920
1.76423 27360
1.9628 28800
1.96327 30240
1.96375 31680
1.98306 33120
1.98353 34560
1.98401 36000
1.98449 37440
1.98497 38880
1.98545 40320
2.18306 41760
2.18353 43200
2.18401 44640
2.18449 46080
2.18497 47520
2.20356 48960
2.20403 50400
2.20451 51840
2.20499 53280
2.20547 54720
2.20595 56160
2.20642 57600
2.2069 59040
2.20738 60480
2.40356 61920
2.40403 63360
2.40451 64800
2.40499 66240
2.40547 67680
2.40595 69120
2.40642 70560
2.42382 72000
2.42429 73440
2.42477 74880
2.42525 76320
2.42573 77760
2.42621 79200
2.42668 80640
2.42716 82080
2.42764 83520
2.42812 84960
2.4286 86400
2.42907 87840
2.42955 89280
2.43003 90720
2.62405 92160
2.62453 93600
2.62501 95040
2.62549 96480
2.62597 97920
2.62645 99360
2.62692 100800
2.6274 102240
2.62788 103680
2.62836 105120
2.64408 106560
2.64455 108000
2.64503 109440
2.64551 110880
2.64599 112320
2.64647 113760
2.64694 115200
2.64742 116640
2.6479 118080
2.64838 119520
2.64886 120960
2.64933 122400
2.64981 123840
2.65029 125280
2.65077 126720
2.65125 128160
2.65173 129600
2.6522 131040
2.65268 132480
2.65316 133920
2.65364 135360
2.84431 136800
2.84479 138240
2.84527 139680
2.84575 141120
2.84623 142560
2.84671 144000
2.84718 145440
2.84766 146880
2.84814 148320
2.84862 149760
2.8491 151200
2.84957 152640
2.85005 154080
2.85053 155520
2.85101 156960
2.86434 158400
2.86481 159840
2.86529 161280
2.86577 162720
2.86625 164160
2.86673 165600
2.8672 167040
2.86768 168480
2.86816 169920
2.86864 171360
2.86912 172800
2.86959 174240
2.87007 175680
2.87055 177120
2.87103 178560
2.87151 180000
2.87199 181440
2.87246 182880
2.87294 184320
2.87342 185760
2.8739 187200
2.87438 188640
2.87485 190080
2.87533 191520
2.87581 192960
2.87629 194400
2.87677 195840
2.87724 197280
2.87772 198720
2.8782 200160
2.87868 201600
2.87916 203040
3.06481 204480
3.06529 205920
3.06577 207360
3.06625 208800
3.06673 210240
3.0672 211680
3.06768 213120
3.06816 214560
3.06864 216000
3.06912 217440
3.06959 218880
3.07007 220320
3.07055 221760
3.07103 223200
3.07151 224640
3.07199 226080
3.07246 227520
3.07294 228960
3.07342 230400
3.0739 231840
3.07438 233280
3.07485 234720
3.0846 236160
3.08507 237600
3.08555 239040
3.08603 240480
3.08651 241920
3.08699 243360
3.08746 244800
3.08794 246240
3.08842 247680
3.0889 249120
3.08938 250560
3.08985 252000
3.09033 253440
3.09081 254880
3.09129 256320
3.09177 257760
3.09225 259200
3.09272 260640
3.0932 262080
3.09368 263520
3.09416 264960
3.09464 266400
3.09511 267840
3.09559 269280
3.09607 270720
3.09655 272160
3.09703 273600
3.0975 275040
3.09798 276480
3.09846 277920
3.09894 279360
3.09942 280800
3.09989 282240
3.10037 283680
3.10085 285120
3.10133 286560
3.10181 288000
3.10228 289440
3.10276 290880
3.10324 292320
3.10372 293760
3.1042 295200
3.10468 296640
3.10515 298080
3.10563 299520
3.10611 300960
3.10659 302400
3.10707 303840
3.28507 305280
3.28555 306720
3.28603 308160
3.28651 309600
3.28699 311040
3.28746 312480
3.28794 313920
3.28842 315360
3.2889 316800
3.28938 318240
3.28985 319680
3.29033 321120
3.29081 322560
3.29129 324000
3.29177 325440
3.29225 326880
3.29272 328320
3.2932 329760
3.29368 331200
3.29416 332640
3.29464 334080
3.29511 335520
3.29559 336960
3.29607 338400
3.29655 339840
3.29703 341280
3.2975 342720
3.29798 344160
3.29846 345600
3.29894 347040
3.29942 348480
3.29989 349920
3.30037 351360
3.30486 352800
3.30533 354240
3.30581 355680
3.30629 357120
3.30677 358560
3.30725 360000
3.30772 361440
3.3082 362880
3.30868 364320
3.30916 365760
3.30964 367200
3.31011 368640
3.31059 370080
3.31107 371520
3.31155 372960
3.31203 374400
3.31251 375840
3.31298 377280
3.31346 378720
3.31394 380160
3.31442 381600
3.3149 383040
3.31537 384480
3.31585 385920
3.31633 387360
3.31681 388800
3.31729 390240
3.31776 391680
3.31824 393120
3.31872 394560
3.3192 396000
3.31968 397440
3.32015 398880
3.32063 400320
3.32111 401760
3.32159 403200
3.32207 404640
3.32254 406080
3.32302 407520
3.3235 408960
3.32398 410400
3.32446 411840
3.32494 413280
3.32541 414720
3.32589 416160
3.32637 417600
3.32685 419040
3.32733 420480
3.3278 421920
3.32828 423360
3.32876 424800
3.32924 426240
3.32972 427680
3.33019 429120
3.33067 430560
3.33115 432000
3.33163 433440
3.33211 434880
3.33258 436320
3.33306 437760
3.33354 439200
3.33402 440640
3.3345 442080
3.33497 443520
3.33545 444960
3.33593 446400
3.33641 447840
3.33689 449280
3.33737 450720
3.33784 452160
3.33832 453600
3.3388 455040
3.50533 456480
3.50581 457920
3.50629 459360
3.50677 460800
3.50725 462240
3.50772 463680
3.5082 465120
3.50868 466560
3.50916 468000
3.50964 469440
3.51011 470880
3.51059 472320
3.51107 473760
3.51155 475200
3.51203 476640
3.51251 478080
3.51298 479520
3.51346 480960
3.51394 482400
3.51442 483840
3.5149 485280
3.51537 486720
3.51585 488160
3.51633 489600
3.51681 491040
3.51729 492480
3.51776 493920
3.51824 495360
3.51872 496800
3.5192 498240
3.51968 499680
3.52015 501120
3.52063 502560
3.52111 504000
3.52159 505440
3.52207 506880
3.52254 508320
3.52302 509760
3.5235 511200
3.52398 512640
3.52446 514080
3.52494 515520
3.52541 516960
3.52589 518400
3.52637 519840
3.52685 521280
3.52733 522720
3.5278 524160
3.52828 525600
3.52876 527040
3.52924 528480
3.52972 529920
3.53019 531360
3.53067 532800
3.53115 534240
3.53163 535680
3.53211 537120
3.53258 538560
3.53306 540000
3.53354 541440
3.53402 542880
3.5345 544320
3.53497 545760
3.53545 547200
3.53593 548640
3.53641 550080
3.53689 551520
3.53737 552960
3.53784 554400
3.53832 555840
3.5388 557280
3.53928 558720
3.53976 560160
3.54023 561600
3.54071 563040
3.54119 564480
3.54167 565920
3.54215 567360
3.54262 568800
3.5431 570240
3.54358 571680
3.54406 573120
3.54454 574560
3.54501 576000
3.54549 577440
3.54597 578880
3.54645 580320
3.54693 581760
3.5474 583200
3.54788 584640
3.54836 586080
3.54884 587520
3.54932 588960
3.5498 590400
3.55027 591840
3.55075 593280
3.55123 594720
3.55171 596160
3.55219 597600
3.55266 599040
3.55314 600480
3.55362 601920
3.5541 603360
3.55458 604800
3.55505 606240
3.55553 607680
3.55601 609120
3.55649 610560
3.55697 612000
3.55744 613440
3.55792 614880
3.5584 616320
3.55888 617760
3.55936 619200
3.55983 620640
3.56031 622080
3.56079 623520
3.56127 624960
3.56175 626400
3.56223 627840
3.5627 629280
3.56318 630720
3.56366 632160
3.56414 633600
3.56462 635040
3.56509 636480
3.56557 637920
3.56605 639360
3.56653 640800
3.56701 642240
3.56748 643680
3.56796 645120
3.56844 646560
3.56892 648000
3.5694 649440
3.56987 650880
3.57035 652320
3.57083 653760
3.57131 655200
3.57179 656640
3.57226 658080
3.57274 659520
3.57322 660960
3.5737 662400
3.57418 663840
3.57466 665280
3.57513 666720
3.57561 668160
3.57609 669600
3.57657 671040
3.57705 672480
3.57752 673920
3.578 675360
3.57848 676800
3.57896 678240
3.57944 679680
3.57991 681120
3.58039 682560
3.72583 684000
3.72631 685440
3.72679 686880
3.72727 688320
3.72775 689760
3.72822 691200
3.7287 692640
3.72918 694080
3.72966 695520
3.73014 696960
3.73061 698400
3.73109 699840
3.73157 701280
3.73205 702720
3.73253 704160
3.733 705600
3.73348 707040
3.73396 708480
3.73444 709920
3.73492 711360
3.73539 712800
3.73587 714240
3.73635 715680
3.73683 717120
3.73731 718560
3.73779 720000
3.73826 721440
3.73874 722880
3.73922 724320
3.7397 725760
3.74018 727200
3.74065 728640
3.74113 730080
3.74161 731520
3.74209 732960
3.74257 734400
3.74304 735840
3.74352 737280
3.744 738720
3.74448 740160
3.74496 741600
3.74543 743040
3.74591 744480
3.74639 745920
3.74687 747360
3.74735 748800
3.74782 750240
3.7483 751680
3.74878 753120
3.74926 754560
3.74974 756000
3.75022 757440
3.75069 758880
3.75117 760320
3.75165 761760
3.75213 763200
3.75261 764640
3.75308 766080
3.75356 767520
3.75404 768960
3.75452 770400
3.755 771840
3.75547 773280
3.75595 774720
3.75643 776160
3.75691 777600
3.75739 779040
3.75786 780480
3.75834 781920
3.75882 783360
3.7593 784800
3.75978 786240
3.76025 787680
3.76073 789120
3.76121 790560
3.76169 792000
3.76217 793440
3.76265 794880
3.76312 796320
3.7636 797760
3.76408 799200
3.76456 800640
3.76504 802080
3.76551 803520
3.76599 804960
3.76647 806400
3.76695 807840
3.76743 809280
3.7679 810720
3.76838 812160
3.76886 813600
3.76934 815040
3.76982 816480
3.77029 817920
3.77077 819360
3.77125 820800
3.77173 822240
3.77221 823680
3.77268 825120
3.77316 826560
3.77364 828000
3.77412 829440
3.7746 830880
3.77508 832320
3.77555 833760
3.77603 835200
3.77651 836640
3.77699 838080
3.77747 839520
3.77794 840960
3.77842 842400
3.7789 843840
3.77938 845280
3.77986 846720
3.78033 848160
3.78081 849600
3.78129 851040
3.78177 852480
3.78225 853920
3.78272 855360
3.7832 856800
3.78368 858240
3.78416 859680
3.78464 861120
3.78511 862560
3.78559 864000
3.78607 865440
3.78655 866880
3.78703 868320
3.78751 869760
3.78798 871200
3.78846 872640
3.78894 874080
3.78942 875520
3.7899 876960
3.79037 878400
3.79085 879840
3.79133 881280
3.79181 882720
3.79229 884160
3.79276 885600
3.79324 887040
3.79372 888480
3.7942 889920
3.79468 891360
3.79515 892800
3.79563 894240
3.79611 895680
3.79659 897120
3.79707 898560
3.79754 900000
3.79802 901440
3.7985 902880
3.79898 904320
3.79946 905760
3.79994 907200
3.80041 908640
3.80089 910080
3.80137 911520
3.80185 912960
3.80233 914400
3.8028 915840
3.80328 917280
3.80376 918720
3.80424 920160
3.80496 920160
3.80496 736128
4.40503 737568
4.41315 739008
4.42128 740448
4.42941 741888
4.43754 743328
4.44566 744768
4.45379 746208
4.46192 747648
4.47005 749088
4.47889 750528
4.48941 751968
4.49993 753408
4.51044 754848
4.52096 756288
4.53052 757728
4.6229 759168
4.63198 760608
4.64011 762048
4.64824 763488
4.65637 764928
4.66449 766368
4.67262 767808
4.68075 769248
4.68887 770688
4.697 772128
4.70513 773568
4.71564 775008
4.72616 776448
4.73668 777888
4.7472 779328
4.83575 780768
4.84842 782208
4.85655 783648
4.86515 785088
4.87376 786528
4.88236 787968
4.89097 789408
4.89957 790848
4.90818 792288
4.91678 793728
4.92539 795168
4.93399 796608
4.94403 798048
4.95503 799488
4.96578 800928
5.0541 802368
5.06796 803808
5.07657 805248
5.08517 806688
5.09378 808128
5.10238 809568
5.11099 811008
5.11959 812448
5.1282 813888
5.1368 815328
5.14541 816768
5.15402 818208
5.16262 819648
5.17146 821088
5.18198 822528
5.19154 823968
5.2832 825408
5.293 826848
5.30161 828288
5.31021 829728
5.31977 831168
5.32934 832608
5.3389 834048
5.34846 835488
5.3585 836928
5.36854 838368
5.37858 839808
5.38862 841248
5.39961 842688
5.41061 844128
5.50442 845568
5.51613 847008
5.52808 848448
5.54003 849888
5.55199 851328
5.56394 852768
5.57685 854208
5.58976 855648
5.60314 857088
5.61653 858528
5.63087 859968
5.72492 861408
5.73974 862848
5.75408 864288
5.77033 865728
5.78659 867168
5.80284 868608
5.8191 870048
5.83727 871488
5.85543 872928
5.95115 874368
5.96932 875808
5.99036 877248
6.01139 878688
6.03243 880128
6.05346 881568
6.07832 883008
6.17882 884448
6.20368 885888
6.22854 887328
6.25818 888768
6.28783 890208
6.39143 891648
6.42108 893088
6.45837 894528
6.49566 895968
6.60476 897408
6.64301 898848
6.69321 900288
6.7434 901728
6.86518 903168
6.91538 904608
7.06178 906048
7.13731 907488
7.28323 908928
7.35877 910368
7.61799 911808
7.94592 913248
8.20491 914688
8.46365 916128
8.72264 917568
9.05009 919008
9.30908 920448
9.5683 921888
9.82776 923328
10.1543 924768
10.4137 926208
10.5965 927648
10.6892 929088
10.8334 930528
10.8999 931968
11.0245 933408
11.0767 934848
11.1235 936288
11.2297 937728
11.2711 939168
11.3074 940608
11.3409 942048
11.3725 943488
11.467 944928
11.4947 946368
11.521 947808
11.5459 949248
11.5698 950688
11.5927 952128
11.6786 953568
11.6997 955008
11.7197 956448
11.7389 957888
11.7575 959328
11.7757 960768
11.7929 962208
11.8096 963648
11.8831 965088
11.9042 966528
11.9194 967968
11.9343 969408
11.9486 970848
11.9625 972288
11.9763 973728
11.9897 975168
12.0026 976608
12.0155 978048
12.028 979488
12.0399 980928
12.1094 982368
12.1237 983808
12.1352 985248
12.1462 986688
12.1572 988128
12.1677 989568
12.1782 991008
12.1887 992448
12.1992 993888
12.2097 995328
12.2203 996768
12.2308 998208
12.2413 999648
12.2518 1001088
12.2623 1002528
12.3267 1003968
12.3408 1005408
12.3514 1006848
12.3619 1008288
12.3724 1009728
12.3829 1011168
12.3934 1012608
12.404 1014048
12.4149 1015488
12.4259 1016928
12.4369 1018368
12.4479 1019808
12.4589 1021248
12.4699 1022688
12.4809 1024128
12.4919 1025568
12.5566 1027008
12.5678 1028448
12.5788 1029888
12.5898 1031328
12.6008 1032768
12.6118 1034208
12.6228 1035648
12.6338 1037088
12.6448 1038528
12.6558 1039968
12.6668 1041408
12.6778 1042848
12.6888 1044288
12.6997 1045728
12.7107 1047168
12.7692 1048608
12.7828 1050048
12.7938 1051488
12.8048 1052928
12.8158 1054368
12.8268 1055808
12.8378 1057248
12.8488 1058688
12.8598 1060128
12.8712 1061568
12.8827 1063008
12.8942 1064448
12.9057 1065888
12.9171 1067328
12.9286 1068768
12.9401 1070208
12.998 1071648
13.0095 1073088
13.021 1074528
13.0325 1075968
13.0439 1077408
13.0554 1078848
13.0669 1080288
13.0784 1081728
13.0898 1083168
13.1013 1084608
13.1128 1086048
13.1243 1087488
13.1357 1088928
13.1472 1090368
13.1587 1091808
13.2107 1093248
13.2245 1094688
13.236 1096128
13.2475 1097568
13.2589 1099008
13.2704 1100448
13.2819 1101888
13.2934 1103328
13.3048 1104768
13.3163 1106208
13.3283 1107648
13.3402 1109088
13.3522 1110528
13.3641 1111968
13.3761 1113408
13.388 1114848
13.439 1116288
13.451 1117728
13.4629 1119168
13.4749 1120608
13.4868 1122048
13.4988 1123488
13.5108 1124928
13.5227 1126368
13.5347 1127808
13.5466 1129248
13.5586 1130688
13.5705 1132128
13.5825 1133568
13.5944 1135008
13.6064 1136448
13.6517 1137888
13.6658 1139328
13.6777 1140768
13.6897 1142208
13.7016 1143648
13.7136 1145088
13.7255 1146528
13.7375 1147968
13.7494 1149408
13.7614 1150848
13.7733 1152288
13.7858 1153728
13.7982 1155168
13.8106 1156608
13.823 1158048
13.8355 1159488
13.8796 1160928
13.892 1162368
13.9044 1163808
13.9168 1165248
13.9293 1166688
13.9417 1168128
13.9541 1169568
13.9666 1171008
13.979 1172448
13.9914 1173888
14.0039 1175328
14.0163 1176768
14.0287 1178208
14.0411 1179648
14.0536 1181088
14.0922 1182528
14.1065 1183968
14.1189 1185408
14.1314 1186848
14.1438 1188288
14.1562 1189728
14.1687 1191168
14.1811 1192608
14.1935 1194048
14.206 1195488
14.2184 1196928
14.2308 1198368
14.2437 1199808
14.2566 1201248
14.2695 1202688
14.2824 1204128
14.3196 1205568
14.3325 1207008
14.3454 1208448
14.3583 1209888
14.3712 1211328
14.3841 1212768
14.3971 1214208
14.41 1215648
14.4229 1217088
14.4358 1218528
14.4487 1219968
14.4616 1221408
14.4745 1222848
14.4874 1224288
14.5003 1225728
14.5322 1227168
14.5468 1228608
14.5597 1230048
14.5726 1231488
14.5855 1232928
14.5984 1234368
14.6113 1235808
14.6242 1237248
14.6372 1238688
14.6501 1240128
14.663 1241568
14.6759 1243008
14.6888 1244448
14.7022 1245888
14.7156 1247328
14.7289 1248768
14.7587 1250208
14.7726 1251648
14.7859 1253088
14.7993 1254528
14.8127 1255968
14.8261 1257408
14.8395 1258848
14.8529 1260288
14.8663 1261728
14.8796 1263168
14.893 1264608
14.9064 1266048
14.9198 1267488
14.9332 1268928
14.9466 1270368
14.9713 1271808
14.9864 1273248
14.9997 1274688
15.0131 1276128
15.0265 1277568
15.0399 1279008
15.0533 1280448
15.0667 1281888
15.0801 1283328
15.0934 1284768
15.1068 1286208
15.1202 1287648
15.1336 1289088
15.147 1290528
15.1609 1291968
15.1747 1293408
15.1968 1294848
15.2119 1296288
15.2257 1297728
15.2396 1299168
15.2535 1300608
15.2673 1302048
15.2812 1303488
15.2951 1304928
15.3089 1306368
15.3228 1307808
15.3367 1309248
15.3505 1310688
15.3644 1312128
15.3782 1313568
15.3921 1315008
15.4092 1316448
15.4254 1317888
15.4393 1319328
15.4532 1320768
15.467 1322208
15.4809 1323648
15.4948 1325088
15.5086 1326528
15.5225 1327968
15.5364 1329408
15.5502 1330848
15.5641 1332288
15.578 1333728
15.5918 1335168
15.6057 1336608
15.62 1338048
15.6354 1339488
15.6507 1340928
15.6651 1342368
15.6794 1343808
15.6938 1345248
15.7081 1346688
15.7224 1348128
15.7368 1349568
15.7511 1351008
15.7655 1352448
15.7798 1353888
15.7941 1355328
15.8085 1356768
15.8228 1358208
15.8372 1359648
15.8515 1361088
15.8659 1362528
15.8802 1363968
15.8945 1365408
15.9089 1366848
15.9232 1368288
15.9376 1369728
15.9519 1371168
15.9663 1372608
15.9806 1374048
15.9949 1375488
16.0093 1376928
16.0236 1378368
16.038 1379808
16.0523 1381248
16.0667 1382688
16.0815 1384128
16.0963 1385568
16.1111 1387008
16.1259 1388448
16.1408 1389888
16.1556 1391328
16.1704 1392768
16.1852 1394208
16.2 1395648
16.2149 1397088
16.2297 1398528
16.2445 1399968
16.2593 1401408
16.2741 1402848
16.289 1404288
16.3038 1405728
16.3186 1407168
16.3334 1408608
16.3482 1410048
16.3631 1411488
16.3779 1412928
16.3927 1414368
16.4075 1415808
16.4223 1417248
16.4372 1418688
16.452 1420128
16.4668 1421568
16.4816 1423008
16.4964 1424448
16.5113 1425888
16.5261 1427328
16.5409 1428768
16.5562 1430208
16.5715 1431648
16.5868 1433088
16.6021 1434528
16.6174 1435968
16.6327 1437408
16.648 1438848
16.6633 1440288
16.6786 1441728
16.6939 1443168
16.7092 1444608
16.7245 1446048
16.7398 1447488
16.7551 1448928
16.7704 1450368
16.7857 1451808
16.801 1453248
16.8163 1454688
16.8316 1456128
16.8469 1457568
16.8622 1459008
16.8775 1460448
16.8928 1461888
16.9081 1463328
16.9234 1464768
16.9387 1466208
16.954 1467648
16.9693 1469088
16.9846 1470528
16.9999 1471968
17.0152 1473408
17.0305 1474848
17.0462 1476288
17.062 1477728
17.0778 1479168
17.0936 1480608
17.1093 1482048
17.1251 1483488
17.1409 1484928
17.1567 1486368
17.1724 1487808
17.1882 1489248
17.204 1490688
17.2198 1492128
17.2356 1493568
17.2513 1495008
17.2671 1496448
17.2829 1497888
17.2987 1499328
17.3144 1500768
17.3302 1502208
17.346 1503648
17.3618 1505088
17.3775 1506528
17.3933 1507968
17.4041 1507968
17.4041 1206144
18.6503 1206144
18.6503 1440
18.6913 2880
18.9115 4320
19.1318 5760
19.132 7200
19.1323 8640
19.3521 10080
19.3523 11520
19.3525 12960
19.3528 14400
19.353 15840
19.3532 17280
19.5723 18720
19.5726 20160
19.5728 21600
19.573 23040
19.5733 24480
19.5735 25920
19.5738 27360
19.574 28800
19.5742 30240
19.5745 31680
19.5747 33120
19.5749 34560
19.7926 36000
19.7928 37440
19.7931 38880
19.7933 40320
19.7935 41760
19.7938 43200
19.794 44640
19.7943 46080
19.7945 47520
19.7947 48960
19.795 50400
19.7952 51840
19.7955 53280
19.7957 54720
19.7959 56160
19.7962 57600
19.7964 59040
19.7966 60480
19.7969 61920
19.7971 63360
19.7974 64800
19.7976 66240
19.7978 67680
19.7981 69120
20.0128 70560
20.0131 72000
20.0133 73440
20.0136 74880
20.0138 76320
20.014 77760
20.0143 79200
20.0145 80640
20.0148 82080
20.015 83520
20.0152 84960
20.0155 86400
20.0157 87840
20.016 89280
20.0162 90720
20.0164 92160
20.0167 93600
20.0169 95040
20.0171 96480
20.0174 97920
20.0176 99360
20.0179 100800
20.0183 102240
20.0186 103680
20.0188 105120
20.0191 106560
20.0193 108000
20.0195 109440
20.0198 110880
20.02 112320
20.0203 113760
20.0205 115200
20.0207 116640
20.021 118080
20.0212 119520
20.0215 120960
20.0217 122400
20.0219 123840
20.0222 125280
20.0224 126720
20.0226 128160
20.0229 129600
20.0231 131040
20.0234 132480
20.0236 133920
20.0238 135360
20.0241 136800
20.2331 138240
20.2333 139680
20.2336 141120
20.2338 142560
20.2341 144000
20.2343 145440
20.2345 146880
20.2348 148320
20.235 149760
20.2353 151200
20.2355 152640
20.2357 154080
20.236 155520
20.2362 156960
20.2365 158400
20.2367 159840
20.2369 161280
20.2372 162720
20.2374 164160
20.2377 165600
20.2379 167040
20.2381 168480
20.2384 169920
20.2386 171360
20.2388 172800
20.2391 174240
20.2393 175680
20.2396 177120
20.2398 178560
20.24 180000
20.2403 181440
20.2405 182880
20.2408 184320
20.241 185760
20.2412 187200
20.2415 188640
20.2417 190080
20.242 191520
20.2422 192960
20.2424 194400
20.2427 195840
20.2551 197280
20.2553 198720
20.2556 200160
20.4534 201600
20.4536 203040
20.4539 204480
20.4541 205920
20.4543 207360
20.4546 208800
20.4548 210240
20.455 211680
20.4553 213120
20.4555 214560
20.4558 216000
20.456 217440
20.4562 218880
20.4718 220320
20.472 221760
20.4723 223200
20.6748 224640
20.6751 226080
20.6753 227520
20.6908 228960
20.6911 230400
20.6913 231840
20.7069 233280
20.7071 234720
20.7073 236160
20.9061 237600
20.9063 239040
20.9066 240480
21.9066 240480
21.9066 1440
22.1268 2880
22.3471 4320
22.3473 5760
22.5674 7200
22.5676 8640
22.5678 10080
22.7886 11520
22.7888 12960
22.7891 14400
23.01 15840
23.0105 17280
23.011 18720
23.0115 20160
23.012 21600
23.2305 23040
23.231 24480
23.2315 25920
23.232 27360
23.2324 28800
23.2329 30240
23.2334 31680
23.4336 33120
23.451 34560
23.4515 36000
23.452 37440
23.4525 38880
23.4529 40320
23.4534 41760
23.4539 43200
23.4544 44640
23.4549 46080
23.4553 47520
23.6539 48960
23.6713 50400
23.6718 51840
23.6723 53280
23.6727 54720
23.6732 56160
23.6737 57600
23.6742 59040
23.6746 60480
23.6751 61920
23.6756 63360
23.6761 64800
23.6766 66240
23.677 67680
23.6775 69120
23.678 70560
23.8742 72000
23.8746 73440
23.8918 74880
23.8923 76320
23.8928 77760
23.8932 79200
23.8937 80640
23.8942 82080
23.8947 83520
23.8951 84960
23.8956 86400
23.8961 87840
23.8966 89280
23.8971 90720
23.8975 92160
23.898 93600
23.8985 95040
23.899 96480
23.8994 97920
23.8999 99360
23.9004 100800
23.9009 102240
23.9014 103680
23.9018 105120
24.0944 106560
24.0949 108000
24.0954 109440
24.1121 110880
24.1125 112320
24.113 113760
24.1135 115200
24.114 116640
24.1144 118080
24.1149 119520
24.1154 120960
24.1159 122400
24.1164 123840
24.1168 125280
24.1173 126720
24.1178 128160
24.1183 129600
24.1187 131040
24.1192 132480
24.1197 133920
24.1202 135360
24.1207 136800
24.1211 138240
24.1216 139680
24.1221 141120
24.1226 142560
24.1231 144000
24.1235 145440
24.124 146880
24.1245 148320
24.125 149760
24.1254 151200
24.1259 152640
24.1264 154080
24.1269 155520
24.1274 156960
24.3147 158400
24.3152 159840
24.3156 161280
24.3161 162720
24.3166 164160
24.3326 165600
24.333 167040
24.3335 168480
24.334 169920
24.3345 171360
24.3349 172800
24.3354 174240
24.3359 175680
24.3364 177120
24.3369 178560
24.3373 180000
24.3378 181440
24.3383 182880
24.3388 184320
24.3392 185760
24.3397 187200
24.3402 188640
24.3407 190080
24.3412 191520
24.3416 192960
24.565 194400
24.7941 195840
25.1972 197280
25.2363 198720
25.4441 200160
25.4609 201600
25.6632 203040
25.6761 204480
25.8606 205920
25.8851 207360
25.8947 208800
25.9038 210240
26.0982 211680
26.1059 213120
26.113 214560
26.1197 216000
26.1264 217440
26.3182 218880
26.3245 220320
26.3302 221760
26.3359 223200
26.3412 224640
26.3464 226080
26.5218 227520
26.5404 228960
26.5452 230400
26.5495 231840
26.5538 233280
26.5581 234720
26.5624 236160
26.5662 237600
26.7392 239040
26.743 240480
26.7604 241920
26.7643 243360
26.7681 244800
26.7714 246240
26.7748 247680
26.7781 249120
26.7815 250560
26.7848 252000
26.7882 253440
26.7915 254880
26.9623 256320
26.9783 257760
26.9812 259200
26.984 260640
26.9869 262080
26.9898 263520
26.9926 264960
26.9955 266400
26.9984 267840
27.0013 269280
27.0041 270720
27.007 272160
27.0099 273600
27.0127 275040
27.1807 276480
27.184 277920
27.2002 279360
27.2036 280800
27.2069 282240
27.2103 283680
27.2136 285120
27.217 286560
27.2203 288000
27.2237 289440
27.227 290880
27.2304 292320
27.2337 293760
27.2371 295200
27.4024 296640
27.4181 298080
27.4215 299520
27.4248 300960
27.4281 302400
27.4315 303840
27.4348 305280
27.4382 306720
27.4415 308160
27.4449 309600
27.4482 311040
27.4516 312480
27.4549 313920
27.4583 315360
27.6207 316800
27.6241 318240
27.6396 319680
27.6429 321120
27.6463 322560
27.6501 324000
27.6539 325440
27.6577 326880
27.6616 328320
27.6654 329760
27.6692 331200
27.673 332640
27.6769 334080
27.6807 335520
27.8405 336960
27.8443 338400
27.8598 339840
27.8636 341280
27.8675 342720
27.8713 344160
27.8751 345600
27.8789 347040
27.8828 348480
27.8866 349920
27.8904 351360
27.8942 352800
27.8981 354240
27.9019 355680
27.9057 357120
28.0627 358560
28.0665 360000
28.0815 361440
28.0853 362880
28.0892 364320
28.093 365760
28.0968 367200
28.1006 368640
28.1049 370080
28.1092 371520
28.1135 372960
28.1179 374400
28.1222 375840
28.1265 377280
28.1308 378720
28.2851 380160
28.3001 381600
28.3044 383040
28.3087 384480
28.313 385920
28.3173 387360
28.3216 388800
28.3259 390240
28.3302 391680
28.3345 393120
28.3388 394560
28.3431 396000
28.3474 397440
28.3517 398880
28.503 400320
28.5073 401760
28.522 403200
28.5263 404640
28.5306 406080
28.5349 407520
28.5392 408960
28.5436 410400
28.5479 411840
28.5522 413280
28.5565 414720
28.5612 416160
28.566 417600
28.5708 419040
28.5756 420480
28.7242 421920
28.729 423360
28.7437 424800
28.7485 426240
28.7533 427680
28.7581 429120
28.7629 430560
28.7676 432000
28.7724 433440
28.7772 434880
28.782 436320
28.7868 437760
28.7915 439200
28.7963 440640
28.8011 442080
28.9466 443520
28.9609 444960
28.9657 446400
28.9704 447840
28.9752 449280
28.98 450720
28.9848 452160
28.9896 453600
28.9944 455040
28.9991 456480
29.0039 457920
29.0087 459360
29.0135 460800
29.0187 462240
29.024 463680
29.1669 465120
29.1814 466560
29.1866 468000
29.1919 469440
29.1972 470880
29.2024 472320
29.2077 473760
29.2129 475200
29.2182 476640
29.2235 478080
29.2287 479520
29.234 480960
29.2392 482400
29.2445 483840
29.384 485280
29.3893 486720
29.4036 488160
29.4088 489600
29.4141 491040
29.4193 492480
29.4246 493920
29.4299 495360
29.4351 496800
29.4404 498240
29.4456 499680
29.4509 501120
29.4561 502560
29.4614 504000
29.4667 505440
29.4719 506880
29.6088 508320
29.6231 509760
29.6288 511200
29.6346 512640
29.6403 514080
29.646 515520
29.6518 516960
29.6575 518400
29.6633 519840
29.669 521280
29.6747 522720
29.6805 524160
29.6862 525600
29.6919 527040
29.8255 528480
29.8312 529920
29.8453 531360
29.851 532800
29.8567 534240
29.8625 535680
29.8682 537120
29.874 538560
29.8797 540000
29.8854 541440
29.8912 542880
29.8969 544320
29.9026 545760
29.9084 547200
29.9141 548640
30.0446 550080
30.0503 551520
30.0639 552960
30.0701 554400
30.0763 555840
30.0825 557280
30.0887 558720
30.0949 560160
30.1011 561600
30.1074 563040
30.1136 564480
30.1198 565920
30.126 567360
30.1322 568800
30.1384 570240
30.2662 571680
30.2725 573120
30.286 574560
30.2922 576000
30.2985 577440
30.3047 578880
30.3109 580320
30.3171 581760
30.3233 583200
30.3295 584640
30.3358 586080
30.342 587520
30.3482 588960
30.3544 590400
30.3606 591840
30.4853 593280
30.4915 594720
30.5046 596160
30.5108 597600
30.517 599040
30.5237 600480
30.5304 601920
30.5371 603360
30.5438 604800
30.5505 606240
30.5572 607680
30.5639 609120
30.5706 610560
30.5773 612000
30.584 613440
30.7061 614880
30.7127 616320
30.7258 617760
30.7325 619200
30.7392 620640
30.7459 622080
30.7526 623520
30.7593 624960
30.766 626400
30.7727 627840
30.7794 629280
30.7861 630720
30.7928 632160
30.7995 633600
30.8062 635040
30.8128 636480
30.9318 637920
30.9444 639360
30.9511 640800
30.9578 642240
30.9645 643680
30.9712 645120
30.9784 646560
30.9855 648000
30.9927 649440
30.9999 650880
31.007 652320
31.0142 653760
31.0214 655200
31.0286 656640
31.0357 658080
31.1518 659520
31.1647 660960
31.1719 662400
31.179 663840
31.1862 665280
31.1934 666720
31.2005 668160
31.2077 669600
31.2149 671040
31.2221 672480
31.2292 673920
31.2364 675360
31.2436 676800
31.2507 678240
31.2579 679680
31.3707 681120
31.3778 682560
31.3904 684000
31.3976 685440
31.4048 686880
31.412 688320
31.4191 689760
31.4263 691200
31.4339 692640
31.4416 694080
31.4492 695520
31.4569 696960
31.4645 698400
31.4722 699840
31.4798 701280
31.5897 702720
31.5974 704160
31.61 705600
31.6176 707040
31.6253 708480
31.6329 709920
31.6406 711360
31.6482 712800
31.6559 714240
31.6635 715680
31.6712 717120
31.6788 718560
31.6865 720000
31.6941 721440
31.7018 722880
31.8085 724320
31.8162 725760
31.8283 727200
31.836 728640
31.8436 730080
31.8513 731520
31.8589 732960
31.8666 734400
31.8742 735840
31.8819 737280
31.89 738720
31.8981 740160
31.9063 741600
31.9144 743040
31.9225 744480
31.9306 745920
32.0348 747360
32.0469 748800
32.055 750240
32.0632 751680
32.0713 753120
32.0794 754560
32.0876 756000
32.0957 757440
32.1038 758880
32.1119 760320
32.1201 761760
32.1282 763200
32.1363 764640
32.1444 766080
32.1526 767520
32.2534 768960
32.2615 770400
32.2734 771840
32.2815 773280
32.2896 774720
32.2978 776160
32.3059 777600
32.314 779040
32.3222 780480
32.3303 781920
32.3384 783360
32.347 784800
32.3556 786240
32.3642 787680
32.3728 789120
32.4708 790560
32.4794 792000
32.4913 793440
32.4999 794880
32.5085 796320
32.5171 797760
32.5257 799200
32.5343 800640
32.5429 802080
32.5515 803520
32.5601 804960
32.5687 806400
32.5773 807840
32.5859 809280
32.5945 810720
32.6893 812160
32.698 813600
32.7094 815040
32.718 816480
32.7266 817920
32.7352 819360
32.7438 820800
32.7524 822240
32.761 823680
32.7696 825120
32.7782 826560
32.7868 828000
32.7954 829440
32.8045 830880
32.8136 832320
32.8227 833760
32.9149 835200
32.924 836640
32.9354 838080
32.9445 839520
32.9535 840960
32.9626 842400
32.9717 843840
32.9808 845280
32.9899 846720
32.999 848160
33.008 849600
33.0171 851040
33.0262 852480
33.0353 853920
33.0444 855360
33.1332 856800
33.1423 858240
33.1532 859680
33.1623 861120
33.1714 862560
33.1805 864000
33.1896 865440
33.1987 866880
33.2077 868320
33.2168 869760
33.2259 871200
33.235 872640
33.2441 874080
33.2532 875520
33.2627 876960
33.2723 878400
33.3585 879840
33.3694 881280
33.379 882720
33.3886 884160
33.3981 885600
33.4077 887040
33.4172 888480
33.4268 889920
33.4364 891360
33.4459 892800
33.4555 894240
33.465 895680
33.4746 897120
33.4842 898560
33.4937 900000
33.5766 901440
33.5862 902880
33.5969 904320
33.6064 905760
33.616 907200
33.6255 908640
33.6351 910080
33.6447 911520
33.6542 912960
33.6638 914400
33.6734 915840
33.6829 917280
33.6925 918720
33.702 920160
33.7116 921600
33.7916 923040
33.8016 924480
33.8123 925920
33.8224 927360
33.8324 928800
33.8425 930240
33.8525 931680
33.8625 933120
33.8726 934560
33.8826 936000
33.8927 937440
33.9027 938880
33.9127 940320
33.9228 941760
33.9328 943200
33.9429 944640
34.0198 946080
34.03 947520
34.04 948960
34.0501 950400
34.0601 951840
34.0701 953280
34.0802 954720
34.0902 956160
34.1003 957600
34.1103 959040
34.1203 960480
34.1304 961920
34.1404 963360
34.1504 964800
34.1605 966240
34.234 967680
34.2446 969120
34.2551 970560
34.2656 972000
34.2761 973440
34.2866 974880
34.2971 976320
34.3077 977760
34.3182 979200
34.3287 980640
34.3392 982080
34.3497 983520
34.3603 984960
34.3708 986400
34.3813 987840
34.3918 989280
34.4624 990720
34.4729 992160
34.4835 993600
34.494 995040
34.5045 996480
34.515 997920
34.5255 999360
34.536 1000800
34.5466 1002240
34.5571 1003680
34.5676 1005120
34.5781 1006560
34.5886 1008000
34.5992 1009440
34.6097 1010880
34.6765 1012320
34.687 1013760
34.698 1015200
34.709 1016640
34.72 1018080
34.731 1019520
34.742 1020960
34.753 1022400
34.764 1023840
34.775 1025280
34.7859 1026720
34.7969 1028160
34.8079 1029600
34.8189 1031040
34.8299 1032480
34.8936 1033920
34.9046 1035360
34.9156 1036800
34.9266 1038240
34.9376 1039680
34.9486 1041120
34.9596 1042560
34.9706 1044000
34.9816 1045440
34.9926 1046880
35.0036 1048320
35.0146 1049760
35.0256 1051200
35.0366 1052640
35.0476 1054080
35.0586 1055520
35.1187 1056960
35.1297 1058400
35.1407 1059840
35.1521 1061280
35.1636 1062720
35.1751 1064160
35.1866 1065600
35.198 1067040
35.2095 1068480
35.221 1069920
35.2324 1071360
35.2439 1072800
35.2554 1074240
35.2669 1075680
35.2783 1077120
35.3351 1078560
35.3466 1080000
35.358 1081440
35.3695 1082880
35.381 1084320
35.3925 1085760
35.4039 1087200
35.4154 1088640
35.4269 1090080
35.4384 1091520
35.4498 1092960
35.4613 1094400
35.4728 1095840
35.4843 1097280
35.4957 1098720
35.5072 1100160
35.5604 1101600
35.5719 1103040
35.5833 1104480
35.5948 1105920
35.6068 1107360
35.6187 1108800
35.6307 1110240
35.6426 1111680
35.6546 1113120
35.6665 1114560
35.6785 1116000
35.6904 1117440
35.7024 1118880
35.7143 1120320
35.7263 1121760
35.7761 1123200
35.788 1124640
35.8 1126080
35.812 1127520
35.8239 1128960
35.8359 1130400
35.8478 1131840
35.8598 1133280
35.8717 1134720
35.8837 1136160
35.8956 1137600
35.9076 1139040
35.9195 1140480
35.9315 1141920
35.9434 1143360
35.9554 1144800
36.0016 1146240
36.0136 1147680
36.0255 1149120
36.0375 1150560
36.0494 1152000
36.0619 1153440
36.0743 1154880
36.0867 1156320
36.0991 1157760
36.1116 1159200
36.124 1160640
36.1364 1162080
36.1489 1163520
36.1613 1164960
36.1737 1166400
36.2166 1167840
36.229 1169280
36.2415 1170720
36.2539 1172160
36.2663 1173600
36.2788 1175040
36.2912 1176480
36.3036 1177920
36.3161 1179360
36.3285 1180800
36.3409 1182240
36.3533 1183680
36.3658 1185120
36.3782 1186560
36.3906 1188000
36.4031 1189440
36.4424 1190880
36.4548 1192320
36.4672 1193760
36.4797 1195200
36.4921 1196640
36.5045 1198080
36.5174 1199520
36.5303 1200960
36.5432 1202400
36.5562 1203840
36.5691 1205280
36.582 1206720
36.5949 1208160
36.6078 1209600
36.6207 1211040
36.6567 1212480
36.6696 1213920
36.6825 1215360
36.6954 1216800
36.7083 1218240
36.7212 1219680
36.7341 1221120
36.747 1222560
36.7599 1224000
36.7728 1225440
36.7857 1226880
36.7986 1228320
36.8116 1229760
36.8245 1231200
36.8374 1232640
36.8503 1234080
36.8827 1235520
36.8956 1236960
36.9085 1238400
36.9214 1239840
36.9343 1241280
36.9472 1242720
36.9601 1244160
36.9735 1245600
36.9869 1247040
37.0003 1248480
37.0136 1249920
37.027 1251360
37.0404 1252800
37.0538 1254240
37.0672 1255680
37.0806 1257120
37.1096 1258560
37.123 1260000
37.1364 1261440
37.1498 1262880
37.1632 1264320
37.1765 1265760
37.1899 1267200
37.2033 1268640
37.2167 1270080
37.2301 1271520
37.2435 1272960
37.2569 1274400
37.2702 1275840
37.2836 1277280
37.297 1278720
37.3222 1280160
37.3356 1281600
37.349 1283040
37.3624 1284480
37.3758 1285920
37.3892 1287360
37.4025 1288800
37.4159 1290240
37.4298 1291680
37.4437 1293120
37.4575 1294560
37.4714 1296000
37.4852 1297440
37.4991 1298880
37.513 1300320
37.5268 1301760
37.5489 1303200
37.5628 1304640
37.5767 1306080
37.5905 1307520
37.6044 1308960
37.6183 1310400
37.6321 1311840
37.646 1313280
37.6598 1314720
37.6737 1316160
37.6876 1317600
37.7014 1319040
37.7153 1320480
37.7292 1321920
37.743 1323360
37.7613 1324800
37.7752 1326240
37.789 1327680
37.8029 1329120
37.8168 1330560
37.8306 1332000
37.8445 1333440
37.8584 1334880
37.8722 1336320
37.8866 1337760
37.9009 1339200
37.9152 1340640
37.9296 1342080
37.9439 1343520
37.9583 1344960
37.9726 1346400
37.9878 1347840
38.0021 1349280
38.0165 1350720
38.0308 1352160
38.0452 1353600
38.0595 1355040
38.0738 1356480
38.0882 1357920
38.1025 1359360
38.1169 1360800
38.1312 1362240
38.1455 1363680
38.1599 1365120
38.1742 1366560
38.1886 1368000
38.2029 1369440
38.2173 1370880
38.2316 1372320
38.2459 1373760
38.2603 1375200
38.2746 1376640
38.289 1378080
38.3033 1379520
38.3177 1380960
38.332 1382400
38.3468 1383840
38.3616 1385280
38.3765 1386720
38.3913 1388160
38.4061 1389600
38.4209 1391040
38.4357 1392480
38.4506 1393920
38.4654 1395360
38.4802 1396800
38.495 1398240
38.5098 1399680
38.5247 1401120
38.5395 1402560
38.5543 1404000
38.5691 1405440
38.5839 1406880
38.5988 1408320
38.6136 1409760
38.6284 1411200
38.6432 1412640
38.658 1414080
38.6729 1415520
38.6877 1416960
38.7025 1418400
38.7173 1419840
38.7321 1421280
38.747 1422720
38.7618 1424160
38.7766 1425600
38.7914 1427040
38.8063 1428480
38.8215 1429920
38.8368 1431360
38.8521 1432800
38.8674 1434240
38.8827 1435680
38.898 1437120
38.9133 1438560
38.9286 1440000
38.9439 1441440
38.9592 1442880
38.9745 1444320
38.9898 1445760
39.0051 1447200
39.0204 1448640
39.0357 1450080
39.051 1451520
39.0663 1452960
39.0816 1454400
39.0969 1455840
39.1122 1457280
39.1275 1458720
39.1428 1460160
39.1581 1461600
39.1734 1463040
39.1887 1464480
39.204 1465920
39.2193 1467360
39.2346 1468800
39.2499 1470240
39.2652 1471680
39.2805 1473120
39.2958 1474560
39.3116 1476000
39.3274 1477440
39.3431 1478880
39.3589 1480320
39.3747 1481760
39.3905 1483200
39.4062 1484640
39.422 1486080
39.4378 1487520
39.4536 1488960
39.4693 1490400
39.4851 1491840
39.5009 1493280
39.5167 1494720
39.5325 1496160
39.5482 1497600
39.564 1499040
39.5798 1500480
39.5956 1501920
39.6113 1503360
39.6271 1504800
39.6429 1506240
39.6587 1507680
39.6694 1507680
39.6694 1206144
40.9156 1206144
40.9156 1440
40.9566 2880
41.1769 4320
41.3971 5760
41.3974 7200
41.3976 8640
41.6174 10080
41.6176 11520
41.6179 12960
41.6181 14400
41.6184 15840
41.6186 17280
41.8377 18720
41.8379 20160
41.8381 21600
41.8384 23040
41.8386 24480
41.8389 25920
41.8391 27360
41.8393 28800
41.8396 30240
41.8398 31680
41.8401 33120
41.8403 34560
42.0579 36000
42.0582 37440
42.0584 38880
42.0586 40320
42.0589 41760
42.0591 43200
42.0594 44640
42.0596 46080
42.0598 47520
42.0601 48960
42.0603 50400
42.0606 51840
42.0608 53280
42.061 54720
42.0613 56160
42.0615 57600
42.0618 59040
42.062 60480
42.0622 61920
42.0625 63360
42.0627 64800
42.0629 66240
42.0632 67680
42.0634 69120
42.2782 70560
42.2784 72000
42.2787 73440
42.2789 74880
42.2791 76320
42.2794 77760
42.2796 79200
42.2799 80640
42.2801 82080
42.2803 83520
42.2806 84960
42.2808 86400
42.2811 87840
42.2813 89280
42.2815 90720
42.2818 92160
42.282 93600
42.2823 95040
42.2825 96480
42.2827 97920
42.283 99360
42.2832 100800
42.2837 102240
42.2839 103680
42.2842 105120
42.2844 106560
42.2846 108000
42.2849 109440
42.2851 110880
42.2854 112320
42.2856 113760
42.2858 115200
42.2861 116640
42.2863 118080
42.2866 119520
42.2868 120960
42.287 122400
42.2873 123840
42.2875 125280
42.2878 126720
42.288 128160
42.2882 129600
42.2885 131040
42.2887 132480
42.2889 133920
42.2892 135360
42.2894 136800
42.4985 138240
42.4987 139680
42.4989 141120
42.4992 142560
42.4994 144000
42.4997 145440
42.4999 146880
42.5001 148320
42.5004 149760
42.5006 151200
42.5008 152640
42.5011 154080
42.5013 155520
42.5016 156960
42.5018 158400
42.502 159840
42.5023 161280
42.5025 162720
42.5028 164160
42.503 165600
42.5032 167040
42.5035 168480
42.5037 169920
42.504 171360
42.5042 172800
42.5044 174240
42.5047 175680
42.5049 177120
42.5051 178560
42.5054 180000
42.5056 181440
42.5059 182880
42.5061 184320
42.5063 185760
42.5066 187200
42.5068 188640
42.5071 190080
42.5073 191520
42.5075 192960
42.5078 194400
42.508 195840
42.5204 197280
42.5207 198720
42.5209 200160
42.7187 201600
42.719 203040
42.7192 204480
42.7194 205920
42.7197 207360
42.7199 208800
42.7202 210240
42.7204 211680
42.7206 213120
42.7209 214560
42.7211 216000
42.7214 217440
42.7216 218880
42.7371 220320
42.7374 221760
42.7376 223200
42.9402 224640
42.9404 226080
42.9407 227520
42.9562 228960
42.9564 230400
42.9567 231840
42.9722 233280
42.9725 234720
42.9727 236160
43.1714 237600
43.1717 239040
43.1719 240480
44.1719 240480
44.1719 1440
44.3922 2880
44.6124 4320
44.6127 5760
44.8327 7200
44.8329 8640
44.8332 10080
45.0539 11520
45.0542 12960
45.0544 14400
45.2754 15840
45.2759 17280
45.2763 18720
45.2768 20160
45.2773 21600
45.4959 23040
45.4964 24480
45.4968 25920
45.4973 27360
45.4978 28800
45.4983 30240
45.4988 31680
45.699 33120
45.7164 34560
45.7169 36000
45.7173 37440
45.7178 38880
45.7183 40320
45.7188 41760
45.7193 43200
45.7197 44640
45.7202 46080
45.7207 47520
45.9193 48960
45.9366 50400
45.9371 51840
45.9376 53280
45.9381 54720
45.9386 56160
45.939 57600
45.9395 59040
45.94 60480
45.9405 61920
45.9409 63360
45.9414 64800
45.9419 66240
45.9424 67680
45.9429 69120
45.9433 70560
46.1395 72000
46.14 73440
46.1571 74880
46.1576 76320
46.1581 77760
46.1586 79200
46.1591 80640
46.1595 82080
46.16 83520
46.1605 84960
46.161 86400
46.1614 87840
46.1619 89280
46.1624 90720
46.1629 92160
46.1634 93600
46.1638 95040
46.1643 96480
46.1648 97920
46.1653 99360
46.1657 100800
46.1662 102240
46.1667 103680
46.1672 105120
46.3598 106560
46.3602 108000
46.3607 109440
46.3774 110880
46.3779 112320
46.3784 113760
46.3788 115200
46.3793 116640
46.3798 118080
46.3803 119520
46.3807 120960
46.3812 122400
46.3817 123840
46.3822 125280
46.3827 126720
46.3831 128160
46.3836 129600
46.3841 131040
46.3846 132480
46.3851 133920
46.3855 135360
46.386 136800
46.3865 138240
46.387 139680
46.3874 141120
46.3879 142560
46.3884 144000
46.3889 145440
46.3894 146880
46.3898 148320
46.3903 149760
46.3908 151200
46.3913 152640
46.3917 154080
46.3922 155520
46.3927 156960
46.58 158400
46.5805 159840
46.581 161280
46.5815 162720
46.5819 164160
46.5979 165600
46.5984 167040
46.5989 168480
46.5993 169920
46.5998 171360
46.6003 172800
46.6008 174240
46.6012 175680
46.6017 177120
46.6022 178560
46.6027 180000
46.6032 181440
46.6036 182880
46.6041 184320
46.6046 185760
46.6051 187200
46.6056 188640
46.606 190080
46.6065 191520
46.607 192960
46.8304 194400
47.0595 195840
47.4625 197280
47.5017 198720
47.7095 200160
47.7262 201600
47.9285 203040
47.9415 204480
48.1259 205920
48.1505 207360
48.16 208800
48.1691 210240
48.3636 211680
48.3712 213120
48.3784 214560
48.3851 216000
48.3918 217440
48.5836 218880
48.5898 220320
48.5955 221760
48.6013 223200
48.6065 224640
48.6118 226080
48.7872 227520
48.8058 228960
48.8105 230400
48.8148 231840
48.8191 233280
48.8234 234720
48.8278 236160
48.8316 237600
49.0046 239040
49.0084 240480
49.0258 241920
49.0296 243360
49.0334 244800
49.0368 246240
49.0401 247680
49.0435 249120
49.0468 250560
49.0502 252000
49.0535 253440
49.0569 254880
49.2277 256320
49.2437 257760
49.2465 259200
49.2494 260640
49.2523 262080
49.2551 263520
49.258 264960
49.2609 266400
49.2637 267840
49.2666 269280
49.2695 270720
49.2723 272160
49.2752 273600
49.2781 275040
49.446 276480
49.4494 277920
49.4656 279360
49.4689 280800
49.4723 282240
49.4756 283680
49.479 285120
49.4823 286560
49.4857 288000
49.489 289440
49.4924 290880
49.4957 292320
49.4991 293760
49.5024 295200
49.6677 296640
49.6835 298080
49.6868 299520
49.6901 300960
49.6935 302400
49.6968 303840
49.7002 305280
49.7035 306720
49.7069 308160
49.7102 309600
49.7136 311040
49.7169 312480
49.7203 313920
49.7236 315360
49.8861 316800
49.8894 318240
49.9049 319680
49.9083 321120
49.9116 322560
49.9154 324000
49.9193 325440
49.9231 326880
49.9269 328320
49.9307 329760
49.9346 331200
49.9384 332640
49.9422 334080
49.946 335520
50.1059 336960
50.1097 338400
50.1252 339840
50.129 341280
50.1328 342720
50.1366 344160
50.1405 345600
50.1443 347040
50.1481 348480
50.1519 349920
50.1558 351360
50.1596 352800
50.1634 354240
50.1672 355680
50.1711 357120
50.328 358560
50.3319 360000
50.3469 361440
50.3507 362880
50.3545 364320
50.3583 365760
50.3622 367200
50.366 368640
50.3703 370080
50.3746 371520
50.3789 372960
50.3832 374400
50.3875 375840
50.3918 377280
50.3961 378720
50.5504 380160
50.5655 381600
50.5698 383040
50.5741 384480
50.5784 385920
50.5827 387360
50.587 388800
50.5913 390240
50.5956 391680
50.5999 393120
50.6042 394560
50.6085 396000
50.6128 397440
50.6171 398880
50.7683 400320
50.7726 401760
50.7874 403200
50.7917 404640
50.796 406080
50.8003 407520
50.8046 408960
50.8089 410400
50.8132 411840
50.8175 413280
50.8218 414720
50.8266 416160
50.8314 417600
50.8361 419040
50.8409 420480
50.9895 421920
50.9943 423360
51.0091 424800
51.0139 426240
51.0186 427680
51.0234 429120
51.0282 430560
51.033 432000
51.0378 433440
51.0425 434880
51.0473 436320
51.0521 437760
51.0569 439200
51.0617 440640
51.0664 442080
51.2119 443520
51.2262 444960
51.231 446400
51.2358 447840
51.2406 449280
51.2454 450720
51.2501 452160
51.2549 453600
51.2597 455040
51.2645 456480
51.2693 457920
51.274 459360
51.2788 460800
51.2841 462240
51.2893 463680
51.4322 465120
51.4467 466560
51.452 468000
51.4572 469440
51.4625 470880
51.4678 472320
51.473 473760
51.4783 475200
51.4835 476640
51.4888 478080
51.4941 479520
51.4993 480960
51.5046 482400
51.5098 483840
51.6494 485280
51.6546 486720
51.6689 488160
51.6742 489600
51.6794 491040
51.6847 492480
51.6899 493920
51.6952 495360
51.7005 496800
51.7057 498240
51.711 499680
51.7162 501120
51.7215 502560
51.7267 504000
51.732 505440
51.7373 506880
51.8742 508320
51.8884 509760
51.8942 511200
51.8999 512640
51.9057 514080
51.9114 515520
51.9171 516960
51.9229 518400
51.9286 519840
51.9343 521280
51.9401 522720
51.9458 524160
51.9516 525600
51.9573 527040
52.0908 528480
52.0966 529920
52.1106 531360
52.1164 532800
52.1221 534240
52.1278 535680
52.1336 537120
52.1393 538560
52.145 540000
52.1508 541440
52.1565 542880
52.1623 544320
52.168 545760
52.1737 547200
52.1795 548640
52.3099 550080
52.3156 551520
52.3292 552960
52.3354 554400
52.3416 555840
52.3478 557280
52.3541 558720
52.3603 560160
52.3665 561600
52.3727 563040
52.3789 564480
52.3851 565920
52.3914 567360
52.3976 568800
52.4038 570240
52.5316 571680
52.5378 573120
52.5514 574560
52.5576 576000
52.5638 577440
52.57 578880
52.5762 580320
52.5825 581760
52.5887 583200
52.5949 584640
52.6011 586080
52.6073 587520
52.6135 588960
52.6197 590400
52.626 591840
52.7507 593280
52.7569 594720
52.77 596160
52.7762 597600
52.7824 599040
52.7891 600480
52.7958 601920
52.8025 603360
52.8092 604800
52.8159 606240
52.8226 607680
52.8292 609120
52.8359 610560
52.8426 612000
52.8493 613440
52.9714 614880
52.9781 616320
52.9912 617760
52.9979 619200
53.0046 620640
53.0113 622080
53.018 623520
53.0246 624960
53.0313 626400
53.038 627840
53.0447 629280
53.0514 630720
53.0581 632160
53.0648 633600
53.0715 635040
53.0782 636480
53.1972 637920
53.2098 639360
53.2165 640800
53.2232 642240
53.2298 643680
53.2365 645120
53.2437 646560
53.2509 648000
53.2581 649440
53.2652 650880
53.2724 652320
53.2796 653760
53.2867 655200
53.2939 656640
53.3011 658080
53.4172 659520
53.43 660960
53.4372 662400
53.4444 663840
53.4515 665280
53.4587 666720
53.4659 668160
53.4731 669600
53.4802 671040
53.4874 672480
53.4946 673920
53.5017 675360
53.5089 676800
53.5161 678240
53.5233 679680
53.636 681120
53.6432 682560
53.6558 684000
53.663 685440
53.6701 686880
53.6773 688320
53.6845 689760
53.6916 691200
53.6993 692640
53.7069 694080
53.7146 695520
53.7222 696960
53.7299 698400
53.7375 699840
53.7452 701280
53.8551 702720
53.8627 704160
53.8753 705600
53.883 707040
53.8906 708480
53.8983 709920
53.9059 711360
53.9136 712800
53.9212 714240
53.9289 715680
53.9365 717120
53.9442 718560
53.9518 720000
53.9595 721440
53.9671 722880
54.0739 724320
54.0815 725760
54.0937 727200
54.1013 728640
54.109 730080
54.1166 731520
54.1243 732960
54.1319 734400
54.1396 735840
54.1472 737280
54.1553 738720
54.1635 740160
54.1716 741600
54.1797 743040
54.1879 744480
54.196 745920
54.3001 747360
54.3123 748800
54.3204 750240
54.3285 751680
54.3366 753120
54.3448 754560
54.3529 756000
54.361 757440
54.3692 758880
54.3773 760320
54.3854 761760
54.3935 763200
54.4017 764640
54.4098 766080
54.4179 767520
54.5187 768960
54.5268 770400
54.5387 771840
54.5469 773280
54.555 774720
54.5631 776160
54.5712 777600
54.5794 779040
54.5875 780480
54.5956 781920
54.6038 783360
54.6124 784800
54.621 786240
54.6296 787680
54.6382 789120
54.7361 790560
54.7447 792000
54.7566 793440
54.7652 794880
54.7738 796320
54.7824 797760
54.791 799200
54.7996 800640
54.8082 802080
54.8168 803520
54.8255 804960
54.8341 806400
54.8427 807840
54.8513 809280
54.8599 810720
54.9547 812160
54.9633 813600
54.9747 815040
54.9833 816480
54.9919 817920
55.0005 819360
55.0091 820800
55.0177 822240
55.0263 823680
55.035 825120
55.0436 826560
55.0522 828000
55.0608 829440
55.0699 830880
55.0789 832320
55.088 833760
55.1802 835200
55.1893 836640
55.2007 838080
55.2098 839520
55.2189 840960
55.228 842400
55.237 843840
55.2461 845280
55.2552 846720
55.2643 848160
55.2734 849600
55.2825 851040
55.2915 852480
55.3006 853920
55.3097 855360
55.3986 856800
55.4076 858240
55.4186 859680
55.4277 861120
55.4367 862560
55.4458 864000
55.4549 865440
55.464 866880
55.4731 868320
55.4822 869760
55.4913 871200
55.5003 872640
55.5094 874080
55.5185 875520
55.5281 876960
55.5376 878400
55.6238 879840
55.6348 881280
55.6443 882720
55.6539 884160
55.6635 885600
55.673 887040
55.6826 888480
55.6921 889920
55.7017 891360
55.7113 892800
55.7208 894240
55.7304 895680
55.74 897120
55.7495 898560
55.7591 900000
55.8419 901440
55.8515 902880
55.8622 904320
55.8718 905760
55.8813 907200
55.8909 908640
55.9005 910080
55.91 911520
55.9196 912960
55.9291 914400
55.9387 915840
55.9483 917280
55.9578 918720
55.9674 920160
55.9769 921600
56.057 923040
56.067 924480
56.0777 925920
56.0877 927360
56.0978 928800
56.1078 930240
56.1178 931680
56.1279 933120
56.1379 934560
56.148 936000
56.158 937440
56.168 938880
56.1781 940320
56.1881 941760
56.1982 943200
56.2082 944640
56.2851 946080
56.2953 947520
56.3054 948960
56.3154 950400
56.3254 951840
56.3355 953280
56.3455 954720
56.3556 956160
56.3656 957600
56.3756 959040
56.3857 960480
56.3957 961920
56.4058 963360
56.4158 964800
56.4258 966240
56.4994 967680
56.5099 969120
56.5204 970560
56.5309 972000
56.5415 973440
56.552 974880
56.5625 976320
56.573 977760
56.5835 979200
56.594 980640
56.6046 982080
56.6151 983520
56.6256 984960
56.6361 986400
56.6466 987840
56.6571 989280
56.7278 990720
56.7383 992160
56.7488 993600
56.7593 995040
56.7698 996480
56.7804 997920
56.7909 999360
56.8014 1000800
56.8119 1002240
56.8224 1003680
56.8329 1005120
56.8435 1006560
56.854 1008000
56.8645 1009440
56.875 1010880
56.9418 1012320
56.9523 1013760
56.9633 1015200
56.9743 1016640
56.9853 1018080
56.9963 1019520
57.0073 1020960
57.0183 1022400
57.0293 1023840
57.0403 1025280
57.0513 1026720
57.0623 1028160
57.0733 1029600
57.0843 1031040
57.0953 1032480
57.159 1033920
57.17 1035360
57.181 1036800
57.192 1038240
57.203 1039680
57.2139 1041120
57.2249 1042560
57.2359 1044000
57.2469 1045440
57.2579 1046880
57.2689 1048320
57.2799 1049760
57.2909 1051200
57.3019 1052640
57.3129 1054080
57.3239 1055520
57.384 1056960
57.395 1058400
57.406 1059840
57.4175 1061280
57.4289 1062720
57.4404 1064160
57.4519 1065600
57.4634 1067040
57.4748 1068480
57.4863 1069920
57.4978 1071360
57.5093 1072800
57.5207 1074240
57.5322 1075680
57.5437 1077120
57.6004 1078560
57.6119 1080000
57.6234 1081440
57.6349 1082880
57.6463 1084320
57.6578 1085760
57.6693 1087200
57.6808 1088640
57.6922 1090080
57.7037 1091520
57.7152 1092960
57.7267 1094400
57.7381 1095840
57.7496 1097280
57.7611 1098720
57.7726 1100160
57.8257 1101600
57.8372 1103040
57.8487 1104480
57.8601 1105920
57.8721 1107360
57.8841 1108800
57.896 1110240
57.908 1111680
57.9199 1113120
57.9319 1114560
57.9438 1116000
57.9558 1117440
57.9677 1118880
57.9797 1120320
57.9916 1121760
58.0414 1123200
58.0534 1124640
58.0653 1126080
58.0773 1127520
58.0893 1128960
58.1012 1130400
58.1132 1131840
58.1251 1133280
58.1371 1134720
58.149 1136160
58.161 1137600
58.1729 1139040
58.1849 1140480
58.1968 1141920
58.2088 1143360
58.2207 1144800
58.267 1146240
58.2789 1147680
58.2909 1149120
58.3028 1150560
58.3148 1152000
58.3272 1153440
58.3396 1154880
58.3521 1156320
58.3645 1157760
58.3769 1159200
58.3893 1160640
58.4018 1162080
58.4142 1163520
58.4266 1164960
58.4391 1166400
58.482 1167840
58.4944 1169280
58.5068 1170720
58.5193 1172160
58.5317 1173600
58.5441 1175040
58.5565 1176480
58.569 1177920
58.5814 1179360
58.5938 1180800
58.6063 1182240
58.6187 1183680
58.6311 1185120
58.6436 1186560
58.656 1188000
58.6684 1189440
58.7077 1190880
58.7202 1192320
58.7326 1193760
58.745 1195200
58.7574 1196640
58.7699 1198080
58.7828 1199520
58.7957 1200960
58.8086 1202400
58.8215 1203840
58.8344 1205280
58.8473 1206720
58.8602 1208160
58.8731 1209600
58.886 1211040
58.922 1212480
58.9349 1213920
58.9478 1215360
58.9607 1216800
58.9736 1218240
58.9865 1219680
58.9995 1221120
59.0124 1222560
59.0253 1224000
59.0382 1225440
59.0511 1226880
59.064 1228320
59.0769 1229760
59.0898 1231200
59.1027 1232640
59.1156 1234080
59.148 1235520
59.1609 1236960
59.1738 1238400
59.1867 1239840
59.1996 1241280
59.2125 1242720
59.2255 1244160
59.2388 1245600
59.2522 1247040
59.2656 1248480
59.279 1249920
59.2924 1251360
59.3058 1252800
59.3192 1254240
59.3325 1255680
59.3459 1257120
59.375 1258560
59.3883 1260000
59.4017 1261440
59.4151 1262880
59.4285 1264320
59.4419 1265760
59.4553 1267200
59.4687 1268640
59.482 1270080
59.4954 1271520
59.5088 1272960
59.5222 1274400
59.5356 1275840
59.549 1277280
59.5624 1278720
59.5876 1280160
59.601 1281600
59.6143 1283040
59.6277 1284480
59.6411 1285920
59.6545 1287360
59.6679 1288800
59.6813 1290240
59.6951 1291680
59.709 1293120
59.7229 1294560
59.7367 1296000
59.7506 1297440
59.7645 1298880
59.7783 1300320
59.7922 1301760
59.8143 1303200
59.8281 1304640
59.842 1306080
59.8559 1307520
59.8697 1308960
59.8836 1310400
59.8975 1311840
59.9113 1313280
59.9252 1314720
59.9391 1316160
59.9529 1317600
59.9668 1319040
59.9807 1320480
59.9945 1321920
60.0084 1323360
60.0267 1324800
60.0405 1326240
60.0544 1327680
60.0682 1329120
60.0821 1330560
60.096 1332000
60.1098 1333440
60.1237 1334880
60.1376 1336320
60.1519 1337760
60.1663 1339200
60.1806 1340640
60.1949 1342080
60.2093 1343520
60.2236 1344960
60.238 1346400
60.2531 1347840
60.2675 1349280
60.2818 1350720
60.2962 1352160
60.3105 1353600
60.3248 1355040
60.3392 1356480
60.3535 1357920
60.3679 1359360
60.3822 1360800
60.3966 1362240
60.4109 1363680
60.4252 1365120
60.4396 1366560
60.4539 1368000
60.4683 1369440
60.4826 1370880
60.4969 1372320
60.5113 1373760
60.5256 1375200
60.54 1376640
60.5543 1378080
60.5687 1379520
60.583 1380960
60.5973 1382400
60.6122 1383840
60.627 1385280
60.6418 1386720
60.6566 1388160
60.6714 1389600
60.6863 1391040
60.7011 1392480
60.7159 1393920
60.7307 1395360
60.7455 1396800
60.7604 1398240
60.7752 1399680
60.79 1401120
60.8048 1402560
60.8196 1404000
60.8345 1405440
60.8493 1406880
60.8641 1408320
60.8789 1409760
60.8938 1411200
60.9086 1412640
60.9234 1414080
60.9382 1415520
60.953 1416960
60.9679 1418400
60.9827 1419840
60.9975 1421280
61.0123 1422720
61.0271 1424160
61.042 1425600
61.0568 1427040
61.0716 1428480
61.0869 1429920
61.1022 1431360
61.1175 1432800
61.1328 1434240
61.1481 1435680
61.1634 1437120
61.1787 1438560
61.194 1440000
61.2093 1441440
61.2246 1442880
61.2399 1444320
61.2552 1445760
61.2705 1447200
61.2858 1448640
61.3011 1450080
61.3164 1451520
61.3317 1452960
61.347 1454400
61.3623 1455840
61.3776 1457280
61.3929 1458720
61.4082 1460160
61.4235 1461600
61.4388 1463040
61.4541 1464480
61.4694 1465920
61.4847 1467360
61.5 1468800
61.5153 1470240
61.5306 1471680
61.5459 1473120
61.5611 1474560
61.5769 1476000
61.5927 1477440
61.6085 1478880
61.6243 1480320
61.64 1481760
61.6558 1483200
61.6716 1484640
61.6874 1486080
61.7031 1487520
61.7189 1488960
61.7347 1490400
61.7505 1491840
61.7662 1493280
61.782 1494720
61.7978 1496160
61.8136 1497600
61.8294 1499040
61.8451 1500480
61.8609 1501920
61.8767 1503360
61.8925 1504800
61.9082 1506240
61.924 1507680
61.9348 1507680
61.9348 1206144
63.181 1206144
63.181 1440
63.222 2880
63.4422 4320
63.6625 5760
63.6627 7200
63.663 8640
63.8827 10080
63.883 11520
63.8832 12960
63.8835 14400
63.8837 15840
63.8839 17280
64.103 18720
64.1032 20160
64.1035 21600
64.1037 23040
64.104 24480
64.1042 25920
64.1044 27360
64.1047 28800
64.1049 30240
64.1052 31680
64.1054 33120
64.1056 34560
64.3233 36000
64.3235 37440
64.3238 38880
64.324 40320
64.3242 41760
64.3245 43200
64.3247 44640
64.3249 46080
64.3252 47520
64.3254 48960
64.3257 50400
64.3259 51840
64.3261 53280
64.3264 54720
64.3266 56160
64.3269 57600
64.3271 59040
64.3273 60480
64.3276 61920
64.3278 63360
64.3281 64800
64.3283 66240
64.3285 67680
64.3288 69120
64.5435 70560
64.5438 72000
64.544 73440
64.5443 74880
64.5445 76320
64.5447 77760
64.545 79200
64.5452 80640
64.5455 82080
64.5457 83520
64.5459 84960
64.5462 86400
64.5464 87840
64.5466 89280
64.5469 90720
64.5471 92160
64.5474 93600
64.5476 95040
64.5478 96480
64.5481 97920
64.5483 99360
64.5486 100800
64.549 102240
64.5493 103680
64.5495 105120
64.5498 106560
64.55 108000
64.5502 109440
64.5505 110880
64.5507 112320
64.5509 113760
64.5512 115200
64.5514 116640
64.5517 118080
64.5519 119520
64.5521 120960
64.5524 122400
64.5526 123840
64.5529 125280
64.5531 126720
64.5533 128160
64.5536 129600
64.5538 131040
64.5541 132480
64.5543 133920
64.5545 135360
64.5548 136800
64.7638 138240
64.764 139680
64.7643 141120
64.7645 142560
64.7648 144000
64.765 145440
64.7652 146880
64.7655 148320
64.7657 149760
64.766 151200
64.7662 152640
64.7664 154080
64.7667 155520
64.7669 156960
64.7671 158400
64.7674 159840
64.7676 161280
64.7679 162720
64.7681 164160
64.7683 165600
64.7686 167040
64.7688 168480
64.7691 169920
64.7693 171360
64.7695 172800
64.7698 174240
64.77 175680
64.7703 177120
64.7705 178560
64.7707 180000
64.771 181440
64.7712 182880
64.7715 184320
64.7717 185760
64.7719 187200
64.7722 188640
64.7724 190080
64.7726 191520
64.7729 192960
64.7731 194400
64.7734 195840
64.7858 197280
64.786 198720
64.7863 200160
64.9841 201600
64.9843 203040
64.9845 204480
64.9848 205920
64.985 207360
64.9853 208800
64.9855 210240
64.9857 211680
64.986 213120
64.9862 214560
64.9865 216000
64.9867 217440
64.9869 218880
65.0025 220320
65.0027 221760
65.003 223200
65.2055 224640
65.2058 226080
65.206 227520
65.2215 228960
65.2218 230400
65.222 231840
65.2376 233280
65.2378 234720
65.238 236160
65.4368 237600
65.437 239040
65.4373 240480
66.4373 240480
66.4373 1440
66.6575 2880
66.8778 4320
66.878 5760
67.0981 7200
67.0983 8640
67.0985 10080
67.3193 11520
67.3195 12960
67.3197 14400
67.5407 15840
67.5412 17280
67.5417 18720
67.5422 20160
67.5426 21600
67.7612 23040
67.7617 24480
67.7622 25920
67.7627 27360
67.7631 28800
67.7636 30240
67.7641 31680
67.9643 33120
67.9817 34560
67.9822 36000
67.9827 37440
67.9832 38880
67.9836 40320
67.9841 41760
67.9846 43200
67.9851 44640
67.9856 46080
67.986 47520
68.1846 48960
68.202 50400
68.2025 51840
68.2029 53280
68.2034 54720
68.2039 56160
68.2044 57600
68.2049 59040
68.2053 60480
68.2058 61920
68.2063 63360
68.2068 64800
68.2072 66240
68.2077 67680
68.2082 69120
68.2087 70560
68.4049 72000
68.4053 73440
68.4225 74880
68.423 76320
68.4234 77760
68.4239 79200
68.4244 80640
68.4249 82080
68.4254 83520
68.4258 84960
68.4263 86400
68.4268 87840
68.4273 89280
68.4277 90720
68.4282 92160
68.4287 93600
68.4292 95040
68.4297 96480
68.4301 97920
68.4306 99360
68.4311 100800
68.4316 102240
68.432 103680
68.4325 105120
68.6251 106560
68.6256 108000
68.6261 109440
68.6427 110880
68.6432 112320
68.6437 113760
68.6442 115200
68.6447 116640
68.6451 118080
68.6456 119520
68.6461 120960
68.6466 122400
68.6471 123840
68.6475 125280
68.648 126720
68.6485 128160
68.649 129600
68.6494 131040
68.6499 132480
68.6504 133920
68.6509 135360
68.6514 136800
68.6518 138240
68.6523 139680
68.6528 141120
68.6533 142560
68.6537 144000
68.6542 145440
68.6547 146880
68.6552 148320
68.6557 149760
68.6561 151200
68.6566 152640
68.6571 154080
68.6576 155520
68.658 156960
68.8454 158400
68.8459 159840
68.8463 161280
68.8468 162720
68.8473 164160
68.8632 165600
68.8637 167040
68.8642 168480
68.8647 169920
68.8652 171360
68.8656 172800
68.8661 174240
68.8666 175680
68.8671 177120
68.8675 178560
68.868 180000
68.8685 181440
68.869 182880
68.8695 184320
68.8699 185760
68.8704 187200
68.8709 188640
68.8714 190080
68.8719 191520
68.8723 192960
69.0957 194400
69.3248 195840
69.7279 197280
69.767 198720
69.9748 200160
69.9916 201600
70.1939 203040
70.2068 204480
70.3913 205920
70.4158 207360
70.4254 208800
70.4345 210240
70.6289 211680
70.6366 213120
70.6437 214560
70.6504 216000
70.6571 217440
70.8489 218880
70.8551 220320
70.8609 221760
70.8666 223200
70.8719 224640
70.8771 226080
71.0525 227520
71.0711 228960
71.0759 230400
71.0802 231840
71.0845 233280
71.0888 234720
71.0931 236160
71.0969 237600
71.2699 239040
71.2737 240480
71.2911 241920
71.295 243360
71.2988 244800
71.3021 246240
71.3055 247680
71.3088 249120
71.3122 250560
71.3155 252000
71.3189 253440
71.3222 254880
71.493 256320
71.509 257760
71.5119 259200
71.5147 260640
71.5176 262080
71.5205 263520
71.5233 264960
71.5262 266400
71.5291 267840
71.5319 269280
71.5348 270720
71.5377 272160
71.5406 273600
71.5434 275040
71.7114 276480
71.7147 277920
71.7309 279360
71.7343 280800
71.7376 282240
71.741 283680
71.7443 285120
71.7477 286560
71.751 288000
71.7544 289440
71.7577 290880
71.761 292320
71.7644 293760
71.7677 295200
71.9331 296640
71.9488 298080
71.9521 299520
71.9555 300960
71.9588 302400
71.9622 303840
71.9655 305280
71.9689 306720
71.9722 308160
71.9756 309600
71.9789 311040
71.9823 312480
71.9856 313920
71.989 315360
72.1514 316800
72.1548 318240
72.1703 319680
72.1736 321120
72.1769 322560
72.1808 324000
72.1846 325440
72.1884 326880
72.1922 328320
72.1961 329760
72.1999 331200
72.2037 332640
72.2075 334080
72.2114 335520
72.3712 336960
72.375 338400
72.3905 339840
72.3943 341280
72.3982 342720
72.402 344160
72.4058 345600
72.4096 347040
72.4135 348480
72.4173 349920
72.4211 351360
72.4249 352800
72.4288 354240
72.4326 355680
72.4364 357120
72.5934 358560
72.5972 360000
72.6122 361440
72.616 362880
72.6199 364320
72.6237 365760
72.6275 367200
72.6313 368640
72.6356 370080
72.6399 371520
72.6442 372960
72.6485 374400
72.6528 375840
72.6571 377280
72.6615 378720
72.8158 380160
72.8308 381600
72.8351 383040
72.8394 384480
72.8437 385920
72.848 387360
72.8523 388800
72.8566 390240
72.8609 391680
72.8652 393120
72.8695 394560
72.8738 396000
72.8781 397440
72.8824 398880
73.0337 400320
73.038 401760
73.0527 403200
73.057 404640
73.0613 406080
73.0656 407520
73.0699 408960
73.0742 410400
73.0785 411840
73.0828 413280
73.0872 414720
73.0919 416160
73.0967 417600
73.1015 419040
73.1063 420480
73.2549 421920
73.2597 423360
73.2744 424800
73.2792 426240
73.284 427680
73.2888 429120
73.2935 430560
73.2983 432000
73.3031 433440
73.3079 434880
73.3127 436320
73.3175 437760
73.3222 439200
73.327 440640
73.3318 442080
73.4773 443520
73.4916 444960
73.4964 446400
73.5011 447840
73.5059 449280
73.5107 450720
73.5155 452160
73.5203 453600
73.525 455040
73.5298 456480
73.5346 457920
73.5394 459360
73.5442 460800
73.5494 462240
73.5547 463680
73.6976 465120
73.7121 466560
73.7173 468000
73.7226 469440
73.7279 470880
73.7331 472320
73.7384 473760
73.7436 475200
73.7489 476640
73.7541 478080
73.7594 479520
73.7647 480960
73.7699 482400
73.7752 483840
73.9147 485280
73.92 486720
73.9342 488160
73.9395 489600
73.9448 491040
73.95 492480
73.9553 493920
73.9605 495360
73.9658 496800
73.9711 498240
73.9763 499680
73.9816 501120
73.9868 502560
73.9921 504000
73.9974 505440
74.0026 506880
74.1395 508320
74.1538 509760
74.1595 511200
74.1653 512640
74.171 514080
74.1767 515520
74.1825 516960
74.1882 518400
74.1939 519840
74.1997 521280
74.2054 522720
74.2112 524160
74.2169 525600
74.2226 527040
74.3562 528480
74.3619 529920
74.376 531360
74.3817 532800
74.3874 534240
74.3932 535680
74.3989 537120
74.4046 538560
74.4104 540000
74.4161 541440
74.4219 542880
74.4276 544320
74.4333 545760
74.4391 547200
74.4448 548640
74.5752 550080
74.581 551520
74.5946 552960
74.6008 554400
74.607 555840
74.6132 557280
74.6194 558720
74.6256 560160
74.6318 561600
74.6381 563040
74.6443 564480
74.6505 565920
74.6567 567360
74.6629 568800
74.6691 570240
74.7969 571680
74.8032 573120
74.8167 574560
74.8229 576000
74.8292 577440
74.8354 578880
74.8416 580320
74.8478 581760
74.854 583200
74.8602 584640
74.8664 586080
74.8727 587520
74.8789 588960
74.8851 590400
74.8913 591840
75.016 593280
75.0222 594720
75.0353 596160
75.0415 597600
75.0477 599040
75.0544 600480
75.0611 601920
75.0678 603360
75.0745 604800
75.0812 606240
75.0879 607680
75.0946 609120
75.1013 610560
75.108 612000
75.1147 613440
75.2367 614880
75.2434 616320
75.2565 617760
75.2632 619200
75.2699 620640
75.2766 622080
75.2833 623520
75.29 624960
75.2967 626400
75.3034 627840
75.3101 629280
75.3168 630720
75.3235 632160
75.3301 633600
75.3368 635040
75.3435 636480
75.4625 637920
75.4751 639360
75.4818 640800
75.4885 642240
75.4952 643680
75.5019 645120
75.5091 646560
75.5162 648000
75.5234 649440
75.5306 650880
75.5377 652320
75.5449 653760
75.5521 655200
75.5593 656640
75.5664 658080
75.6825 659520
75.6954 660960
75.7025 662400
75.7097 663840
75.7169 665280
75.7241 666720
75.7312 668160
75.7384 669600
75.7456 671040
75.7527 672480
75.7599 673920
75.7671 675360
75.7743 676800
75.7814 678240
75.7886 679680
75.9013 681120
75.9085 682560
75.9211 684000
75.9283 685440
75.9355 686880
75.9426 688320
75.9498 689760
75.957 691200
75.9646 692640
75.9723 694080
75.9799 695520
75.9876 696960
75.9952 698400
76.0029 699840
76.0105 701280
76.1204 702720
76.1281 704160
76.1407 705600
76.1483 707040
76.156 708480
76.1636 709920
76.1713 711360
76.1789 712800
76.1866 714240
76.1942 715680
76.2019 717120
76.2095 718560
76.2172 720000
76.2248 721440
76.2325 722880
76.3392 724320
76.3469 725760
76.359 727200
76.3667 728640
76.3743 730080
76.382 731520
76.3896 732960
76.3973 734400
76.4049 735840
76.4126 737280
76.4207 738720
76.4288 740160
76.4369 741600
76.4451 743040
76.4532 744480
76.4613 745920
76.5655 747360
76.5776 748800
76.5857 750240
76.5939 751680
76.602 753120
76.6101 754560
76.6182 756000
76.6264 757440
76.6345 758880
76.6426 760320
76.6508 761760
76.6589 763200
76.667 764640
76.6751 766080
76.6833 767520
76.7841 768960
76.7922 770400
76.8041 771840
76.8122 773280
76.8203 774720
76.8285 776160
76.8366 777600
76.8447 779040
76.8528 780480
76.861 781920
76.8691 783360
76.8777 784800
76.8863 786240
76.8949 787680
76.9035 789120
77.0015 790560
77.0101 792000
77.022 793440
77.0306 794880
77.0392 796320
77.0478 797760
77.0564 799200
77.065 800640
77.0736 802080
77.0822 803520
77.0908 804960
77.0994 806400
77.108 807840
77.1166 809280
77.1252 810720
77.22 812160
77.2286 813600
77.2401 815040
77.2487 816480
77.2573 817920
77.2659 819360
77.2745 820800
77.2831 822240
77.2917 823680
77.3003 825120
77.3089 826560
77.3175 828000
77.3261 829440
77.3352 830880
77.3443 832320
77.3534 833760
77.4456 835200
77.4546 836640
77.4661 838080
77.4751 839520
77.4842 840960
77.4933 842400
77.5024 843840
77.5115 845280
77.5206 846720
77.5296 848160
77.5387 849600
77.5478 851040
77.5569 852480
77.566 853920
77.5751 855360
77.6639 856800
77.673 858240
77.6839 859680
77.693 861120
77.7021 862560
77.7112 864000
77.7203 865440
77.7293 866880
77.7384 868320
77.7475 869760
77.7566 871200
77.7657 872640
77.7748 874080
77.7838 875520
77.7934 876960
77.803 878400
77.8892 879840
77.9001 881280
77.9097 882720
77.9192 884160
77.9288 885600
77.9384 887040
77.9479 888480
77.9575 889920
77.9671 891360
77.9766 892800
77.9862 894240
77.9957 895680
78.0053 897120
78.0149 898560
78.0244 900000
78.1073 901440
78.1169 902880
78.1276 904320
78.1371 905760
78.1467 907200
78.1562 908640
78.1658 910080
78.1754 911520
78.1849 912960
78.1945 914400
78.204 915840
78.2136 917280
78.2232 918720
78.2327 920160
78.2423 921600
78.3223 923040
78.3323 924480
78.343 925920
78.3531 927360
78.3631 928800
78.3732 930240
78.3832 931680
78.3932 933120
78.4033 934560
78.4133 936000
78.4234 937440
78.4334 938880
78.4434 940320
78.4535 941760
78.4635 943200
78.4736 944640
78.5504 946080
78.5607 947520
78.5707 948960
78.5807 950400
78.5908 951840
78.6008 953280
78.6109 954720
78.6209 956160
78.6309 957600
78.641 959040
78.651 960480
78.6611 961920
78.6711 963360
78.6811 964800
78.6912 966240
78.7647 967680
78.7752 969120
78.7858 970560
78.7963 972000
78.8068 973440
78.8173 974880
78.8278 976320
78.8384 977760
78.8489 979200
78.8594 980640
78.8699 982080
78.8804 983520
78.8909 984960
78.9015 986400
78.912 987840
78.9225 989280
78.9931 990720
79.0036 992160
79.0142 993600
79.0247 995040
79.0352 996480
79.0457 997920
79.0562 999360
79.0667 1000800
79.0773 1002240
79.0878 1003680
79.0983 1005120
79.1088 1006560
79.1193 1008000
79.1298 1009440
79.1404 1010880
79.2072 1012320
79.2177 1013760
79.2287 1015200
79.2397 1016640
79.2507 1018080
79.2617 1019520
79.2727 1020960
79.2837 1022400
79.2947 1023840
79.3056 1025280
79.3166 1026720
79.3276 1028160
79.3386 1029600
79.3496 1031040
79.3606 1032480
79.4243 1033920
79.4353 1035360
79.4463 1036800
79.4573 1038240
79.4683 1039680
79.4793 1041120
79.4903 1042560
79.5013 1044000
79.5123 1045440
79.5233 1046880
79.5343 1048320
79.5453 1049760
79.5563 1051200
79.5673 1052640
79.5783 1054080
79.5893 1055520
79.6494 1056960
79.6604 1058400
79.6713 1059840
79.6828 1061280
79.6943 1062720
79.7058 1064160
79.7172 1065600
79.7287 1067040
79.7402 1068480
79.7517 1069920
79.7631 1071360
79.7746 1072800
79.7861 1074240
79.7976 1075680
79.809 1077120
79.8658 1078560
79.8773 1080000
79.8887 1081440
79.9002 1082880
79.9117 1084320
79.9232 1085760
79.9346 1087200
79.9461 1088640
79.9576 1090080
79.9691 1091520
79.9805 1092960
79.992 1094400
80.0035 1095840
80.015 1097280
80.0264 1098720
80.0379 1100160
80.0911 1101600
80.1025 1103040
80.114 1104480
80.1255 1105920
80.1374 1107360
80.1494 1108800
80.1613 1110240
80.1733 1111680
80.1853 1113120
80.1972 1114560
80.2092 1116000
80.2211 1117440
80.2331 1118880
80.245 1120320
80.257 1121760
80.3068 1123200
80.3187 1124640
80.3307 1126080
80.3426 1127520
80.3546 1128960
80.3665 1130400
80.3785 1131840
80.3905 1133280
80.4024 1134720
80.4144 1136160
80.4263 1137600
80.4383 1139040
80.4502 1140480
80.4622 1141920
80.4741 1143360
80.4861 1144800
80.5323 1146240
80.5443 1147680
80.5562 1149120
80.5682 1150560
80.5801 1152000
80.5925 1153440
80.605 1154880
80.6174 1156320
80.6298 1157760
80.6423 1159200
80.6547 1160640
80.6671 1162080
80.6796 1163520
80.692 1164960
80.7044 1166400
80.7473 1167840
80.7597 1169280
80.7722 1170720
80.7846 1172160
80.797 1173600
80.8095 1175040
80.8219 1176480
80.8343 1177920
80.8467 1179360
80.8592 1180800
80.8716 1182240
80.884 1183680
80.8965 1185120
80.9089 1186560
80.9213 1188000
80.9338 1189440
80.9731 1190880
80.9855 1192320
80.9979 1193760
81.0104 1195200
81.0228 1196640
81.0352 1198080
81.0481 1199520
81.061 1200960
81.0739 1202400
81.0868 1203840
81.0998 1205280
81.1127 1206720
81.1256 1208160
81.1385 1209600
81.1514 1211040
81.1874 1212480
81.2003 1213920
81.2132 1215360
81.2261 1216800
81.239 1218240
81.2519 1219680
81.2648 1221120
81.2777 1222560
81.2906 1224000
81.3035 1225440
81.3164 1226880
81.3293 1228320
81.3422 1229760
81.3552 1231200
81.3681 1232640
81.381 1234080
81.4133 1235520
81.4263 1236960
81.4392 1238400
81.4521 1239840
81.465 1241280
81.4779 1242720
81.4908 1244160
81.5042 1245600
81.5176 1247040
81.531 1248480
81.5443 1249920
81.5577 1251360
81.5711 1252800
81.5845 1254240
81.5979 1255680
81.6113 1257120
81.6403 1258560
81.6537 1260000
81.6671 1261440
81.6805 1262880
81.6938 1264320
81.7072 1265760
81.7206 1267200
81.734 1268640
81.7474 1270080
81.7608 1271520
81.7742 1272960
81.7875 1274400
81.8009 1275840
81.8143 1277280
81.8277 1278720
81.8529 1280160
81.8663 1281600
81.8797 1283040
81.8931 1284480
81.9065 1285920
81.9198 1287360
81.9332 1288800
81.9466 1290240
81.9605 1291680
81.9743 1293120
81.9882 1294560
82.0021 1296000
82.0159 1297440
82.0298 1298880
82.0437 1300320
82.0575 1301760
82.0796 1303200
82.0935 1304640
82.1074 1306080
82.1212 1307520
82.1351 1308960
82.1489 1310400
82.1628 1311840
82.1767 1313280
82.1905 1314720
82.2044 1316160
82.2183 1317600
82.2321 1319040
82.246 1320480
82.2599 1321920
82.2737 1323360
82.292 1324800
82.3059 1326240
82.3197 1327680
82.3336 1329120
82.3475 1330560
82.3613 1332000
82.3752 1333440
82.389 1334880
82.4029 1336320
82.4173 1337760
82.4316 1339200
82.4459 1340640
82.4603 1342080
82.4746 1343520
82.489 1344960
82.5033 1346400
82.5185 1347840
82.5328 1349280
82.5472 1350720
82.5615 1352160
82.5758 1353600
82.5902 1355040
82.6045 1356480
82.6189 1357920
82.6332 1359360
82.6476 1360800
82.6619 1362240
82.6762 1363680
82.6906 1365120
82.7049 1366560
82.7193 1368000
82.7336 1369440
82.748 1370880
82.7623 1372320
82.7766 1373760
82.791 1375200
82.8053 1376640
82.8197 1378080
82.834 1379520
82.8483 1380960
82.8627 1382400
82.8775 1383840
82.8923 1385280
82.9072 1386720
82.922 1388160
82.9368 1389600
82.9516 1391040
82.9664 1392480
82.9813 1393920
82.9961 1395360
83.0109 1396800
83.0257 1398240
83.0405 1399680
83.0554 1401120
83.0702 1402560
83.085 1404000
83.0998 1405440
83.1146 1406880
83.1295 1408320
83.1443 1409760
83.1591 1411200
83.1739 1412640
83.1887 1414080
83.2036 1415520
83.2184 1416960
83.2332 1418400
83.248 1419840
83.2628 1421280
83.2777 1422720
83.2925 1424160
83.3073 1425600
83.3221 1427040
83.3369 1428480
83.3522 1429920
83.3675 1431360
83.3828 1432800
83.3981 1434240
83.4134 1435680
83.4287 1437120
83.444 1438560
83.4593 1440000
83.4746 1441440
83.4899 1442880
83.5052 1444320
83.5205 1445760
83.5358 1447200
83.5511 1448640
83.5664 1450080
83.5817 1451520
83.597 1452960
83.6123 1454400
83.6276 1455840
83.6429 1457280
83.6582 1458720
83.6735 1460160
83.6888 1461600
83.7041 1463040
83.7194 1464480
83.7347 1465920
83.75 1467360
83.7653 1468800
83.7806 1470240
83.7959 1471680
83.8112 1473120
83.8265 1474560
83.8423 1476000
83.858 1477440
83.8738 1478880
83.8896 1480320
83.9054 1481760
83.9212 1483200
83.9369 1484640
83.9527 1486080
83.9685 1487520
83.9843 1488960
84 1490400
84.0158 1491840
84.0316 1493280
84.0474 1494720
84.0631 1496160
84.0789 1497600
84.0947 1499040
84.1105 1500480
84.1262 1501920
84.142 1503360
84.1578 1504800
84.1736 1506240
84.1894 1507680
84.2001 1507680
84.2001 1206144
85.4463 1206144
85.4463 1440
85.4873 2880
85.7076 4320
85.9278 5760
85.9281 7200
85.9283 8640
86.1481 10080
86.1483 11520
86.1486 12960
86.1488 14400
86.149 15840
86.1493 17280
86.3684 18720
86.3686 20160
86.3688 21600
86.3691 23040
86.3693 24480
86.3696 25920
86.3698 27360
86.37 28800
86.3703 30240
86.3705 31680
86.3707 33120
86.371 34560
86.5886 36000
86.5889 37440
86.5891 38880
86.5893 40320
86.5896 41760
86.5898 43200
86.5901 44640
86.5903 46080
86.5905 47520
86.5908 48960
86.591 50400
86.5913 51840
86.5915 53280
86.5917 54720
86.592 56160
86.5922 57600
86.5924 59040
86.5927 60480
86.5929 61920
86.5932 63360
86.5934 64800
86.5936 66240
86.5939 67680
86.5941 69120
86.8089 70560
86.8091 72000
86.8094 73440
86.8096 74880
86.8098 76320
86.8101 77760
86.8103 79200
86.8106 80640
86.8108 82080
86.811 83520
86.8113 84960
86.8115 86400
86.8118 87840
86.812 89280
86.8122 90720
86.8125 92160
86.8127 93600
86.8129 95040
86.8132 96480
86.8134 97920
86.8137 99360
86.8139 100800
86.8144 102240
86.8146 103680
86.8149 105120
86.8151 106560
86.8153 108000
86.8156 109440
86.8158 110880
86.8161 112320
86.8163 113760
86.8165 115200
86.8168 116640
86.817 118080
86.8173 119520
86.8175 120960
86.8177 122400
86.818 123840
86.8182 125280
86.8184 126720
86.8187 128160
86.8189 129600
86.8192 131040
86.8194 132480
86.8196 133920
86.8199 135360
86.8201 136800
87.0291 138240
87.0294 139680
87.0296 141120
87.0299 142560
87.0301 144000
87.0303 145440
87.0306 146880
87.0308 148320
87.0311 149760
87.0313 151200
87.0315 152640
87.0318 154080
87.032 155520
87.0323 156960
87.0325 158400
87.0327 159840
87.033 161280
87.0332 162720
87.0335 164160
87.0337 165600
87.0339 167040
87.0342 168480
87.0344 169920
87.0346 171360
87.0349 172800
87.0351 174240
87.0354 175680
87.0356 177120
87.0358 178560
87.0361 180000
87.0363 181440
87.0366 182880
87.0368 184320
87.037 185760
87.0373 187200
87.0375 188640
87.0378 190080
87.038 191520
87.0382 192960
87.0385 194400
87.0387 195840
87.0511 197280
87.0514 198720
87.0516 200160
87.2494 201600
87.2497 203040
87.2499 204480
87.2501 205920
87.2504 207360
87.2506 208800
87.2508 210240
87.2511 211680
87.2513 213120
87.2516 214560
87.2518 216000
87.252 217440
87.2523 218880
87.2678 220320
87.2681 221760
87.2683 223200
87.4709 224640
87.4711 226080
87.4714 227520
87.4869 228960
87.4871 230400
87.4874 231840
87.5029 233280
87.5031 234720
87.5034 236160
87.7021 237600
87.7024 239040
87.7026 240480
88.7026 240480
88.7026 1440
88.9229 2880
89.1431 4320
89.1434 5760
89.3634 7200
89.3636 8640
89.3639 10080
89.5846 11520
89.5849 12960
89.5851 14400
89.8061 15840
89.8066 17280
89.807 18720
89.8075 20160
89.808 21600
90.0266 23040
90.0271 24480
90.0275 25920
90.028 27360
90.0285 28800
90.029 30240
90.0294 31680
90.2297 33120
90.2471 34560
90.2476 36000
90.248 37440
90.2485 38880
90.249 40320
90.2495 41760
90.2499 43200
90.2504 44640
90.2509 46080
90.2514 47520
90.4499 48960
90.4673 50400
90.4678 51840
90.4683 53280
90.4688 54720
90.4692 56160
90.4697 57600
90.4702 59040
90.4707 60480
90.4712 61920
90.4716 63360
90.4721 64800
90.4726 66240
90.4731 67680
90.4735 69120
90.474 70560
90.6702 72000
90.6707 73440
90.6878 74880
90.6883 76320
90.6888 77760
90.6893 79200
90.6897 80640
90.6902 82080
90.6907 83520
90.6912 84960
90.6917 86400
90.6921 87840
90.6926 89280
90.6931 90720
90.6936 92160
90.694 93600
90.6945 95040
90.695 96480
90.6955 97920
90.696 99360
90.6964 100800
90.6969 102240
90.6974 103680
90.6979 105120
90.8905 106560
90.8909 108000
90.8914 109440
90.9081 110880
90.9086 112320
90.9091 113760
90.9095 115200
90.91 116640
90.9105 118080
90.911 119520
90.9114 120960
90.9119 122400
90.9124 123840
90.9129 125280
90.9134 126720
90.9138 128160
90.9143 129600
90.9148 131040
90.9153 132480
90.9157 133920
90.9162 135360
90.9167 136800
90.9172 138240
90.9177 139680
90.9181 141120
90.9186 142560
90.9191 144000
90.9196 145440
90.92 146880
90.9205 148320
90.921 149760
90.9215 151200
90.922 152640
90.9224 154080
90.9229 155520
90.9234 156960
91.1107 158400
91.1112 159840
91.1117 161280
91.1122 162720
91.1126 164160
91.1286 165600
91.1291 167040
91.1295 168480
91.13 169920
91.1305 171360
91.131 172800
91.1315 174240
91.1319 175680
91.1324 177120
91.1329 178560
91.1334 180000
91.1339 181440
91.1343 182880
91.1348 184320
91.1353 185760
91.1358 187200
91.1362 188640
91.1367 190080
91.1372 191520
91.1377 192960
91.361 194400
91.5901 195840
91.9932 197280
92.0323 198720
92.2402 200160
92.2569 201600
92.4592 203040
92.4721 204480
92.6566 205920
92.6812 207360
92.6907 208800
92.6998 210240
92.8943 211680
92.9019 213120
92.9091 214560
92.9158 216000
92.9225 217440
93.1143 218880
93.1205 220320
93.1262 221760
93.132 223200
93.1372 224640
93.1425 226080
93.3179 227520
93.3365 228960
93.3412 230400
93.3455 231840
93.3498 233280
93.3541 234720
93.3584 236160
93.3623 237600
93.5353 239040
93.5391 240480
93.5565 241920
93.5603 243360
93.5641 244800
93.5675 246240
93.5708 247680
93.5742 249120
93.5775 250560
93.5809 252000
93.5842 253440
93.5875 254880
93.7584 256320
93.7743 257760
93.7772 259200
93.7801 260640
93.7829 262080
93.7858 263520
93.7887 264960
93.7916 266400
93.7944 267840
93.7973 269280
93.8002 270720
93.803 272160
93.8059 273600
93.8088 275040
93.9767 276480
93.9801 277920
93.9963 279360
93.9996 280800
94.003 282240
94.0063 283680
94.0097 285120
94.013 286560
94.0164 288000
94.0197 289440
94.023 290880
94.0264 292320
94.0297 293760
94.0331 295200
94.1984 296640
94.2141 298080
94.2175 299520
94.2208 300960
94.2242 302400
94.2275 303840
94.2309 305280
94.2342 306720
94.2376 308160
94.2409 309600
94.2443 311040
94.2476 312480
94.251 313920
94.2543 315360
94.4168 316800
94.4201 318240
94.4356 319680
94.4389 321120
94.4423 322560
94.4461 324000
94.4499 325440
94.4538 326880
94.4576 328320
94.4614 329760
94.4652 331200
94.4691 332640
94.4729 334080
94.4767 335520
94.6366 336960
94.6404 338400
94.6559 339840
94.6597 341280
94.6635 342720
94.6673 344160
94.6712 345600
94.675 347040
94.6788 348480
94.6826 349920
94.6865 351360
94.6903 352800
94.6941 354240
94.6979 355680
94.7018 357120
94.8587 358560
94.8626 360000
94.8776 361440
94.8814 362880
94.8852 364320
94.889 365760
94.8929 367200
94.8967 368640
94.901 370080
94.9053 371520
94.9096 372960
94.9139 374400
94.9182 375840
94.9225 377280
94.9268 378720
95.0811 380160
95.0961 381600
95.1004 383040
95.1047 384480
95.1091 385920
95.1134 387360
95.1177 388800
95.122 390240
95.1263 391680
95.1306 393120
95.1349 394560
95.1392 396000
95.1435 397440
95.1478 398880
95.299 400320
95.3033 401760
95.3181 403200
95.3224 404640
95.3267 406080
95.331 407520
95.3353 408960
95.3396 410400
95.3439 411840
95.3482 413280
95.3525 414720
95.3573 416160
95.3621 417600
95.3668 419040
95.3716 420480
95.5202 421920
95.525 423360
95.5398 424800
95.5446 426240
95.5493 427680
95.5541 429120
95.5589 430560
95.5637 432000
95.5685 433440
95.5732 434880
95.578 436320
95.5828 437760
95.5876 439200
95.5924 440640
95.5971 442080
95.7426 443520
95.7569 444960
95.7617 446400
95.7665 447840
95.7713 449280
95.776 450720
95.7808 452160
95.7856 453600
95.7904 455040
95.7952 456480
95.7999 457920
95.8047 459360
95.8095 460800
95.8148 462240
95.82 463680
95.9629 465120
95.9774 466560
95.9827 468000
95.9879 469440
95.9932 470880
95.9985 472320
96.0037 473760
96.009 475200
96.0142 476640
96.0195 478080
96.0248 479520
96.03 480960
96.0353 482400
96.0405 483840
96.1801 485280
96.1853 486720
96.1996 488160
96.2049 489600
96.2101 491040
96.2154 492480
96.2206 493920
96.2259 495360
96.2311 496800
96.2364 498240
96.2417 499680
96.2469 501120
96.2522 502560
96.2574 504000
96.2627 505440
96.268 506880
96.4049 508320
96.4191 509760
96.4249 511200
96.4306 512640
96.4363 514080
96.4421 515520
96.4478 516960
96.4536 518400
96.4593 519840
96.465 521280
96.4708 522720
96.4765 524160
96.4822 525600
96.488 527040
96.6215 528480
96.6273 529920
96.6413 531360
96.647 532800
96.6528 534240
96.6585 535680
96.6643 537120
96.67 538560
96.6757 540000
96.6815 541440
96.6872 542880
96.6929 544320
96.6987 545760
96.7044 547200
96.7102 548640
96.8406 550080
96.8463 551520
96.8599 552960
96.8661 554400
96.8723 555840
96.8785 557280
96.8848 558720
96.891 560160
96.8972 561600
96.9034 563040
96.9096 564480
96.9158 565920
96.922 567360
96.9283 568800
96.9345 570240
97.0623 571680
97.0685 573120
97.0821 574560
97.0883 576000
97.0945 577440
97.1007 578880
97.1069 580320
97.1131 581760
97.1194 583200
97.1256 584640
97.1318 586080
97.138 587520
97.1442 588960
97.1504 590400
97.1566 591840
97.2814 593280
97.2876 594720
97.3007 596160
97.3069 597600
97.3131 599040
97.3198 600480
97.3265 601920
97.3332 603360
97.3399 604800
97.3466 606240
97.3532 607680
97.3599 609120
97.3666 610560
97.3733 612000
97.38 613440
97.5021 614880
97.5088 616320
97.5219 617760
97.5286 619200
97.5353 620640
97.542 622080
97.5486 623520
97.5553 624960
97.562 626400
97.5687 627840
97.5754 629280
97.5821 630720
97.5888 632160
97.5955 633600
97.6022 635040
97.6089 636480
97.7278 637920
97.7405 639360
97.7472 640800
97.7538 642240
97.7605 643680
97.7672 645120
97.7744 646560
97.7816 648000
97.7887 649440
97.7959 650880
97.8031 652320
97.8103 653760
97.8174 655200
97.8246 656640
97.8318 658080
97.9479 659520
97.9607 660960
97.9679 662400
97.9751 663840
97.9822 665280
97.9894 666720
97.9966 668160
98.0037 669600
98.0109 671040
98.0181 672480
98.0253 673920
98.0324 675360
98.0396 676800
98.0468 678240
98.0539 679680
98.1667 681120
98.1739 682560
98.1865 684000
98.1936 685440
98.2008 686880
98.208 688320
98.2152 689760
98.2223 691200
98.23 692640
98.2376 694080
98.2453 695520
98.2529 696960
98.2606 698400
98.2682 699840
98.2759 701280
98.3858 702720
98.3934 704160
98.406 705600
98.4137 707040
98.4213 708480
98.429 709920
98.4366 711360
98.4443 712800
98.4519 714240
98.4596 715680
98.4672 717120
98.4749 718560
98.4825 720000
98.4902 721440
98.4978 722880
98.6046 724320
98.6122 725760
98.6244 727200
98.632 728640
98.6397 730080
98.6473 731520
98.655 732960
98.6626 734400
98.6703 735840
98.6779 737280
98.686 738720
98.6942 740160
98.7023 741600
98.7104 743040
98.7185 744480
98.7267 745920
98.8308 747360
98.843 748800
98.8511 750240
98.8592 751680
98.8673 753120
98.8755 754560
98.8836 756000
98.8917 757440
98.8998 758880
98.908 760320
98.9161 761760
98.9242 763200
98.9324 764640
98.9405 766080
98.9486 767520
99.0494 768960
99.0575 770400
99.0694 771840
99.0776 773280
99.0857 774720
99.0938 776160
99.1019 777600
99.1101 779040
99.1182 780480
99.1263 781920
99.1344 783360
99.1431 784800
99.1517 786240
99.1603 787680
99.1689 789120
99.2668 790560
99.2754 792000
99.2873 793440
99.2959 794880
99.3045 796320
99.3131 797760
99.3217 799200
99.3303 800640
99.3389 802080
99.3475 803520
99.3561 804960
99.3647 806400
99.3734 807840
99.382 809280
99.3906 810720
99.4854 812160
99.494 813600
99.5054 815040
99.514 816480
99.5226 817920
99.5312 819360
99.5398 820800
99.5484 822240
99.557 823680
99.5656 825120
99.5743 826560
99.5829 828000
99.5915 829440
99.6005 830880
99.6096 832320
99.6187 833760
99.7109 835200
99.72 836640
99.7314 838080
99.7405 839520
99.7496 840960
99.7587 842400
99.7677 843840
99.7768 845280
99.7859 846720
99.795 848160
99.8041 849600
99.8132 851040
99.8222 852480
99.8313 853920
99.8404 855360
99.9293 856800
99.9383 858240
99.9493 859680
99.9584 861120
99.9674 862560
99.9765 864000
99.9856 865440
99.9947 866880
100.004 868320
100.013 869760
100.022 871200
100.031 872640
100.04 874080
100.049 875520
100.059 876960
100.068 878400
