0.0 0
0.0301987 1440
0.0301987 1440
0.0628553 2880
0.0967027 4320
0.13055 5760
0.163453 7200
0.165843 8640
0.197898 10080
0.200288 11520
0.202679 12960
0.232343 14400
0.234733 15840
0.237124 17280
0.239514 18720
0.265614 20160
0.268005 21600
0.270395 23040
0.272786 24480
0.275176 25920
0.277566 27360
0.299462 28800
0.301852 30240
0.304243 31680
0.306633 33120
0.309023 34560
0.311414 36000
0.313804 37440
0.316195 38880
0.318585 40320
0.333907 41760
0.336297 43200
0.338711 44640
0.341101 46080
0.343492 47520
0.345882 48960
0.348272 50400
0.350663 51840
0.353053 53280
0.355444 54720
0.357834 56160
0.360224 57600
0.362615 59040
0.365005 60480
0.370145 61920
0.373154 63360
0.375545 64800
0.377935 66240
0.380325 67680
0.382716 69120
0.385106 70560
0.387497 72000
0.389887 73440
0.392277 74880
0.394668 76320
0.397058 77760
0.399449 79200
0.401839 80640
0.404229 82080
0.40662 83520
0.40901 84960
0.411401 86400
0.413791 87840
0.416181 89280
0.418572 90720
0.420962 92160
0.423353 93600
0.425743 95040
0.428133 96480
0.430524 97920
0.432914 99360
0.435305 100800
0.437695 102240
0.440085 103680
0.442476 105120
0.444866 106560
0.447257 108000
0.449647 109440
0.452037 110880
0.454428 112320
0.456818 113760
0.459209 115200
0.461599 116640
0.463989 118080
0.46638 119520
0.46877 120960
0.471161 122400
0.473551 123840
0.475941 125280
0.478332 126720
0.480722 128160
0.483113 129600
0.485503 131040
0.487893 132480
0.490284 133920
0.492674 135360
0.495065 136800
0.497455 138240
0.499845 139680
0.502236 141120
0.504626 142560
0.507017 144000
0.509407 145440
0.511797 146880
0.514188 148320
0.516578 149760
0.518969 151200
0.521359 152640
0.523749 154080
0.52614 155520
0.52853 156960
0.530921 158400
0.533311 159840
0.535701 161280
0.538092 162720
0.540482 164160
0.542873 165600
0.545263 167040
0.547653 168480
0.550044 169920
0.552434 171360
0.554825 172800
0.557215 174240
0.559605 175680
0.561996 177120
0.564386 178560
0.566777 180000
0.569167 181440
0.571557 182880
0.573948 184320
0.576338 185760
0.578728 187200
0.581119 188640
0.583509 190080
0.5859 191520
0.58829 192960
0.59068 194400
0.593071 195840
0.595461 197280
0.597852 198720
0.600242 200160
0.602632 201600
0.605023 203040
0.607413 204480
0.609804 205920
0.612194 207360
0.614584 208800
0.616975 210240
0.619365 211680
0.621756 213120
0.624146 214560
0.626536 216000
0.628927 217440
0.631317 218880
0.633708 220320
0.636098 221760
0.638488 223200
0.640879 224640
0.643269 226080
0.64566 227520
0.64805 228960
0.65044 230400
0.652831 231840
0.655221 233280
0.657612 234720
0.660002 236160
0.662392 237600
0.664783 239040
0.667173 240480
0.669564 241920
0.671954 243360
0.674344 244800
0.676735 246240
0.679125 247680
0.681516 249120
0.683906 250560
0.686296 252000
0.688687 253440
0.691077 254880
0.693468 256320
0.695858 257760
0.698248 259200
0.700639 260640
0.703029 262080
0.70542 263520
0.70781 264960
0.7102 266400
0.712591 267840
0.714981 269280
0.717372 270720
0.719762 272160
0.722152 273600
0.724543 275040
0.726933 276480
0.729324 277920
0.731714 279360
0.734104 280800
0.736495 282240
0.738885 283680
0.741276 285120
0.743666 286560
0.746056 288000
0.748447 289440
0.750837 290880
0.753228 292320
0.755618 293760
0.758008 295200
0.760399 296640
0.762789 298080
0.76518 299520
0.76757 300960
0.76996 302400
0.772351 303840
0.774741 305280
0.777132 306720
0.779522 308160
0.781912 309600
0.784303 311040
0.786693 312480
0.789084 313920
0.791474 315360
0.793864 316800
0.796255 318240
0.798645 319680
0.801036 321120
0.803426 322560
0.805816 324000
0.808207 325440
0.810597 326880
0.812988 328320
0.815378 329760
0.817768 331200
0.820159 332640
0.822549 334080
0.824939 335520
0.82733 336960
0.82972 338400
0.832111 339840
0.834501 341280
0.836891 342720
0.839282 344160
0.841672 345600
0.844063 347040
0.846453 348480
0.848843 349920
0.851234 351360
0.853624 352800
0.856015 354240
0.858405 355680
0.860795 357120
0.863186 358560
0.865576 360000
0.867967 361440
0.870357 362880
0.872747 364320
0.875138 365760
0.877528 367200
0.879919 368640
0.882309 370080
0.884699 371520
0.88709 372960
0.88948 374400
0.891871 375840
0.894261 377280
0.896651 378720
0.899042 380160
0.901432 381600
0.903823 383040
0.906213 384480
0.908603 385920
0.910994 387360
0.913384 388800
0.915775 390240
0.918165 391680
0.920555 393120
0.922946 394560
0.925336 396000
0.927727 397440
0.930117 398880
0.932507 400320
0.934898 401760
0.937288 403200
0.939679 404640
0.942069 406080
0.944459 407520
0.94685 408960
0.94924 410400
0.951631 411840
0.954021 413280
0.956411 414720
0.958802 416160
0.961192 417600
0.963583 419040
0.965973 420480
0.968363 421920
0.970754 423360
0.973144 424800
0.975535 426240
0.977925 427680
0.980315 429120
0.982706 430560
0.985096 432000
0.987487 433440
0.989877 434880
0.992267 436320
0.994658 437760
0.997048 439200
0.999439 440640
1.00183 442080
1.00422 443520
1.00661 444960
1.009 446400
1.01139 447840
1.01378 449280
1.01617 450720
1.01856 452160
1.02095 453600
1.02334 455040
1.02573 456480
1.02812 457920
1.03051 459360
1.0329 460800
1.03529 462240
1.03768 463680
1.04008 465120
1.04247 466560
1.04486 468000
1.04725 469440
1.04964 470880
1.05203 472320
1.05442 473760
1.05681 475200
1.0592 476640
1.06159 478080
1.06398 479520
1.06637 480960
1.06876 482400
1.07115 483840
1.07354 485280
1.07593 486720
1.07832 488160
1.08071 489600
1.0831 491040
1.08549 492480
1.08788 493920
1.09027 495360
1.09266 496800
1.09505 498240
1.09744 499680
1.09984 501120
1.10223 502560
1.10462 504000
1.10701 505440
1.1094 506880
1.11179 508320
1.11418 509760
1.11657 511200
1.11896 512640
1.12135 514080
1.12374 515520
1.12613 516960
1.12852 518400
1.13091 519840
1.1333 521280
1.13569 522720
1.13808 524160
1.14047 525600
1.14286 527040
1.14525 528480
1.14764 529920
1.15003 531360
1.15242 532800
1.15481 534240
1.1572 535680
1.1596 537120
1.16199 538560
1.16438 540000
1.16677 541440
1.16916 542880
1.17155 544320
1.17394 545760
1.17633 547200
1.17872 548640
1.18111 550080
1.1835 551520
1.18589 552960
1.18828 554400
1.19067 555840
1.19306 557280
1.19545 558720
1.19784 560160
1.20023 561600
1.20262 563040
1.20501 564480
1.2074 565920
1.20979 567360
1.21218 568800
1.21457 570240
1.21696 571680
1.21936 573120
1.22175 574560
1.22414 576000
1.22653 577440
1.22892 578880
1.23131 580320
1.2337 581760
1.23609 583200
1.23848 584640
1.24087 586080
1.24326 587520
1.24565 588960
1.24804 590400
1.25043 591840
1.25282 593280
1.25521 594720
1.2576 596160
1.25999 597600
1.26238 599040
1.26477 600480
1.26716 601920
1.26955 603360
1.27194 604800
1.27433 606240
1.27672 607680
1.27912 609120
1.28151 610560
1.2839 612000
1.28629 613440
1.28868 614880
1.29107 616320
1.29346 617760
1.29585 619200
1.29824 620640
1.30063 622080
1.30302 623520
1.30541 624960
1.3078 626400
1.31019 627840
1.31258 629280
1.31497 630720
1.31736 632160
1.31975 633600
1.32214 635040
1.32453 636480
1.32692 637920
1.32931 639360
1.3317 640800
1.33409 642240
1.33648 643680
1.33888 645120
1.34127 646560
1.34366 648000
1.34605 649440
1.34844 650880
1.35083 652320
1.35322 653760
1.35561 655200
1.358 656640
1.36039 658080
1.36278 659520
1.36517 660960
1.36756 662400
1.36995 663840
1.37234 665280
1.37473 666720
1.37712 668160
1.37951 669600
1.3819 671040
1.38429 672480
1.38668 673920
1.38907 675360
1.39146 676800
1.39385 678240
1.39624 679680
1.39864 681120
1.40103 682560
1.40342 684000
1.40581 685440
1.4082 686880
1.41059 688320
1.41298 689760
1.41537 691200
1.41776 692640
1.42015 694080
1.42254 695520
1.42493 696960
1.42732 698400
1.42971 699840
1.4321 701280
1.43449 702720
1.43688 704160
1.43927 705600
1.44166 707040
1.44405 708480
1.44644 709920
1.44883 711360
1.45122 712800
1.45361 714240
1.456 715680
1.45839 717120
1.46079 718560
1.46318 720000
1.46557 721440
1.46796 722880
1.47035 724320
1.47274 725760
1.47513 727200
1.47752 728640
1.47991 730080
1.4823 731520
1.48469 732960
1.48708 734400
1.48947 735840
1.49186 737280
1.49425 738720
1.49664 740160
1.49903 741600
1.50142 743040
1.50381 744480
1.5062 745920
1.50859 747360
1.51098 748800
1.51337 750240
1.51576 751680
1.51815 753120
1.52055 754560
1.52294 756000
1.52533 757440
1.52772 758880
1.53011 760320
1.5325 761760
1.53489 763200
1.53728 764640
1.53967 766080
1.54206 767520
1.54445 768960
1.54684 770400
1.54923 771840
1.55162 773280
1.55401 774720
1.5564 776160
1.55879 777600
1.56118 779040
1.56357 780480
1.56596 781920
1.56835 783360
1.57074 784800
1.57313 786240
1.57552 787680
1.57791 789120
1.58031 790560
1.5827 792000
1.58509 793440
1.58748 794880
1.58987 796320
1.59226 797760
1.59465 799200
1.59704 800640
1.59943 802080
1.60182 803520
1.60421 804960
1.6066 806400
1.60899 807840
1.61138 809280
1.61377 810720
1.61616 812160
1.61855 813600
1.62094 815040
1.62333 816480
1.62572 817920
1.62811 819360
1.6305 820800
1.63289 822240
1.63528 823680
1.63767 825120
1.64007 826560
1.64246 828000
1.64485 829440
1.64724 830880
1.64963 832320
1.65202 833760
1.65441 835200
1.6568 836640
1.65919 838080
1.66158 839520
1.66397 840960
1.66636 842400
1.66875 843840
1.67114 845280
1.67353 846720
1.67592 848160
1.67831 849600
1.6807 851040
1.68309 852480
1.68548 853920
1.68787 855360
1.69026 856800
1.69265 858240
1.69504 859680
1.69743 861120
1.69983 862560
1.70222 864000
1.70461 865440
1.707 866880
1.70939 868320
1.71178 869760
1.71417 871200
1.71656 872640
1.71895 874080
1.72134 875520
1.72373 876960
1.72612 878400
1.72851 879840
1.7309 881280
1.73329 882720
1.73568 884160
1.73807 885600
1.74046 887040
1.74285 888480
1.74524 889920
1.74763 891360
1.75002 892800
1.75241 894240
1.7548 895680
1.75719 897120
1.75959 898560
1.76198 900000
1.76437 901440
1.76676 902880
1.76915 904320
1.77154 905760
1.77393 907200
1.77632 908640
1.77871 910080
1.7811 911520
1.78349 912960
1.78588 914400
1.78827 915840
1.79066 917280
1.79305 918720
1.79544 920160
1.79783 921600
1.80022 923040
1.80261 924480
1.805 925920
1.80739 927360
1.80978 928800
1.81217 930240
1.81456 931680
1.81695 933120
1.81935 934560
1.82174 936000
1.82413 937440
1.82652 938880
1.82891 940320
1.8313 941760
1.83369 943200
1.83608 944640
1.83847 946080
1.84086 947520
1.84325 948960
1.84564 950400
1.84803 951840
1.85042 953280
1.85281 954720
1.8552 956160
1.85759 957600
1.85998 959040
1.86237 960480
1.86476 961920
1.86715 963360
1.86954 964800
1.87193 966240
1.87432 967680
1.87671 969120
1.87911 970560
1.8815 972000
1.88389 973440
1.88628 974880
1.88867 976320
1.89106 977760
1.89345 979200
1.89584 980640
1.89823 982080
1.90062 983520
1.90301 984960
1.9054 986400
1.90779 987840
1.91018 989280
1.91257 990720
1.91496 992160
1.91735 993600
1.91974 995040
1.92213 996480
1.92453 997920
1.92691 999360
1.9293 1000800
1.93169 1002240
1.93408 1003680
1.93647 1005120
1.93886 1006560
1.94126 1008000
1.94365 1009440
1.94604 1010880
1.94843 1012320
1.95082 1013760
1.95321 1015200
1.9556 1016640
1.95799 1018080
1.96038 1019520
1.96277 1020960
1.96516 1022400
1.96755 1023840
1.96994 1025280
1.97233 1026720
1.97472 1028160
1.97711 1029600
1.9795 1031040
1.98189 1032480
1.98428 1033920
1.98667 1035360
1.98906 1036800
1.99145 1038240
1.99384 1039680
1.99623 1041120
1.99862 1042560
2.00102 1044000
2.00341 1045440
2.0058 1046880
2.00819 1048320
2.01058 1049760
2.01297 1051200
2.01536 1052640
2.01775 1054080
2.02014 1055520
2.02253 1056960
2.02492 1058400
2.02731 1059840
2.0297 1061280
2.03209 1062720
2.03448 1064160
2.03687 1065600
2.03926 1067040
2.04165 1068480
2.04404 1069920
2.04643 1071360
2.04882 1072800
2.05121 1074240
2.0536 1075680
2.05599 1077120
2.05838 1078560
2.06078 1080000
2.06317 1081440
2.06556 1082880
2.06795 1084320
2.07034 1085760
2.07273 1087200
2.07512 1088640
2.07751 1090080
2.0799 1091520
2.08229 1092960
2.08468 1094400
2.08707 1095840
2.08946 1097280
2.09185 1098720
2.09424 1100160
2.09663 1101600
2.09902 1103040
2.10141 1104480
2.1038 1105920
2.10619 1107360
2.10858 1108800
2.11097 1110240
2.11336 1111680
2.11575 1113120
2.11814 1114560
2.12054 1116000
2.12293 1117440
2.12532 1118880
2.12771 1120320
2.1301 1121760
2.13249 1123200
2.13488 1124640
2.13727 1126080
2.13966 1127520
2.14205 1128960
2.14444 1130400
2.14683 1131840
2.14922 1133280
2.15161 1134720
2.154 1136160
2.15639 1137600
2.15878 1139040
2.16117 1140480
2.16356 1141920
2.16595 1143360
2.16834 1144800
2.17073 1146240
2.17312 1147680
2.17551 1149120
2.1779 1150560
2.1803 1152000
2.18269 1153440
2.18508 1154880
2.18747 1156320
2.18986 1157760
2.19225 1159200
2.19464 1160640
2.19703 1162080
2.19942 1163520
2.20181 1164960
2.2042 1166400
2.20659 1167840
2.20898 1169280
2.21137 1170720
2.21376 1172160
2.21615 1173600
2.21854 1175040
2.22093 1176480
2.22332 1177920
2.22571 1179360
2.2281 1180800
2.23049 1182240
2.23288 1183680
2.23527 1185120
2.23766 1186560
2.24006 1188000
2.24245 1189440
2.24484 1190880
2.24723 1192320
2.24962 1193760
2.25201 1195200
2.2544 1196640
2.25679 1198080
2.25918 1199520
2.26157 1200960
2.26396 1202400
2.26635 1203840
2.26874 1205280
2.27113 1206720
2.27352 1208160
2.27591 1209600
2.2783 1211040
2.28069 1212480
2.28308 1213920
2.28547 1215360
2.28786 1216800
2.29025 1218240
2.29264 1219680
2.29503 1221120
2.29742 1222560
2.29982 1224000
2.30221 1225440
2.3046 1226880
2.30699 1228320
2.30938 1229760
2.31177 1231200
2.31416 1232640
2.31655 1234080
2.31894 1235520
2.32133 1236960
2.32372 1238400
2.32611 1239840
2.3285 1241280
2.33089 1242720
2.33328 1244160
2.33567 1245600
2.33806 1247040
2.34045 1248480
2.34284 1249920
2.34523 1251360
2.34762 1252800
2.35001 1254240
2.3524 1255680
2.35479 1257120
2.35718 1258560
2.35958 1260000
2.36197 1261440
2.36436 1262880
2.36675 1264320
2.36914 1265760
2.37153 1267200
2.37392 1268640
2.37631 1270080
2.3787 1271520
2.38109 1272960
2.38348 1274400
2.38587 1275840
2.38826 1277280
2.39065 1278720
2.39304 1280160
2.39543 1281600
2.39782 1283040
2.40021 1284480
2.4026 1285920
2.40499 1287360
2.40738 1288800
2.40977 1290240
2.41216 1291680
2.41455 1293120
2.41694 1294560
2.41933 1296000
2.42173 1297440
2.42412 1298880
2.42651 1300320
2.4289 1301760
2.43129 1303200
2.43368 1304640
2.43607 1306080
2.43846 1307520
2.44085 1308960
2.44324 1310400
2.44563 1311840
2.44802 1313280
2.45041 1314720
2.4528 1316160
2.45519 1317600
2.45758 1319040
2.45997 1320480
2.46236 1321920
2.46475 1323360
2.46714 1324800
2.46953 1326240
2.47192 1327680
2.47431 1329120
2.4767 1330560
2.47909 1332000
2.48149 1333440
2.48388 1334880
2.48627 1336320
2.48866 1337760
2.49105 1339200
2.49344 1340640
2.49583 1342080
2.49822 1343520
2.50061 1344960
2.503 1346400
2.50539 1347840
2.50778 1349280
2.51017 1350720
2.51256 1352160
2.51495 1353600
2.51734 1355040
2.51973 1356480
2.52212 1357920
2.52451 1359360
2.5269 1360800
2.52929 1362240
2.53168 1363680
2.53407 1365120
2.53646 1366560
2.53885 1368000
2.54125 1369440
2.54364 1370880
2.54603 1372320
2.54842 1373760
2.55081 1375200
2.5532 1376640
2.55559 1378080
2.55798 1379520
2.56037 1380960
2.56276 1382400
2.56515 1383840
2.56754 1385280
2.56993 1386720
2.57232 1388160
2.57471 1389600
2.5771 1391040
2.57949 1392480
2.58188 1393920
2.58427 1395360
2.58666 1396800
2.58905 1398240
2.59144 1399680
2.59383 1401120
2.59622 1402560
2.59861 1404000
2.60101 1405440
2.6034 1406880
2.60579 1408320
2.60818 1409760
2.61057 1411200
2.61296 1412640
2.61535 1414080
2.61774 1415520
2.62013 1416960
2.62252 1418400
2.62491 1419840
2.6273 1421280
2.62969 1422720
2.63208 1424160
2.63447 1425600
2.63686 1427040
2.63925 1428480
2.64164 1429920
2.64403 1431360
2.64642 1432800
2.64881 1434240
2.6512 1435680
2.65359 1437120
2.65598 1438560
2.65837 1440000
2.66077 1441440
2.66316 1442880
2.66555 1444320
2.66794 1445760
2.67033 1447200
2.67272 1448640
2.67511 1450080
2.6775 1451520
2.67989 1452960
2.68228 1454400
2.68467 1455840
2.68706 1457280
2.68945 1458720
2.69184 1460160
2.69423 1461600
2.69662 1463040
2.69901 1464480
2.7014 1465920
2.70379 1467360
2.70618 1468800
2.70857 1470240
2.71096 1471680
2.71335 1473120
2.71574 1474560
2.71813 1476000
2.72053 1477440
2.72292 1478880
2.72531 1480320
2.7277 1481760
2.73009 1483200
2.73248 1484640
2.73487 1486080
2.73726 1487520
2.73965 1488960
2.74204 1490400
2.74443 1491840
2.74682 1493280
2.74921 1494720
2.7516 1496160
2.75399 1497600
2.75639 1499040
2.75877 1500480
2.76116 1501920
2.76355 1503360
2.76594 1504800
2.76833 1506240
2.77072 1507680
2.77311 1509120
2.7755 1510560
2.77789 1512000
2.78029 1513440
2.78268 1514880
2.78507 1516320
2.78746 1517760
2.78985 1519200
2.79224 1520640
2.79463 1522080
2.79702 1523520
2.79941 1524960
2.8018 1526400
2.80419 1527840
2.80658 1529280
2.80897 1530720
2.81136 1532160
2.81375 1533600
2.81614 1535040
2.81853 1536480
2.82092 1537920
2.82331 1539360
2.8257 1540800
2.82809 1542240
2.83048 1543680
2.83287 1545120
2.83526 1546560
2.83765 1548000
2.84005 1549440
2.84244 1550880
2.84483 1552320
2.84722 1553760
2.84961 1555200
2.852 1556640
2.85439 1558080
2.85678 1559520
2.85917 1560960
2.86156 1562400
2.86395 1563840
2.86634 1565280
2.86873 1566720
2.87112 1568160
2.87351 1569600
2.8759 1571040
2.87829 1572480
2.88068 1573920
2.88307 1575360
2.88546 1576800
2.88785 1578240
2.89024 1579680
2.89263 1581120
2.89502 1582560
2.89741 1584000
2.8998 1585440
2.9022 1586880
2.90459 1588320
2.90698 1589760
2.90937 1591200
2.91176 1592640
2.91415 1594080
2.91654 1595520
2.91893 1596960
2.92132 1598400
2.92371 1599840
2.9261 1601280
2.92849 1602720
2.93088 1604160
2.93327 1605600
2.93566 1607040
2.93805 1608480
2.94044 1609920
2.94283 1611360
2.94522 1612800
2.94761 1614240
2.95 1615680
2.95239 1617120
2.95478 1618560
2.95717 1620000
2.95956 1621440
2.96196 1622880
2.96435 1624320
2.96674 1625760
2.96913 1627200
2.97152 1628640
2.97391 1630080
2.9763 1631520
2.97869 1632960
2.98108 1634400
2.98347 1635840
2.98586 1637280
2.98825 1638720
2.99064 1640160
2.99303 1641600
2.99542 1643040
2.99781 1644480
3.0002 1645920
3.00259 1647360
3.00498 1648800
3.00737 1650240
3.00976 1651680
3.01215 1653120
3.01454 1654560
3.01693 1656000
3.01932 1657440
3.02172 1658880
3.02411 1660320
3.0265 1661760
3.02889 1663200
3.03128 1664640
3.03367 1666080
3.03606 1667520
3.03845 1668960
3.04084 1670400
3.04323 1671840
3.04562 1673280
3.04801 1674720
3.0504 1676160
3.05279 1677600
3.05518 1679040
3.05757 1680480
3.05996 1681920
3.06235 1683360
3.06474 1684800
3.06713 1686240
3.06952 1687680
3.07191 1689120
3.0743 1690560
3.07669 1692000
3.07908 1693440
3.08148 1694880
3.08387 1696320
3.08626 1697760
3.08865 1699200
3.09104 1700640
3.09343 1702080
3.09582 1703520
3.09821 1704960
3.1006 1706400
3.10299 1707840
3.10538 1709280
3.10777 1710720
3.11016 1712160
3.11255 1713600
3.11494 1715040
3.11733 1716480
3.11972 1717920
3.12211 1719360
3.1245 1720800
3.12689 1722240
3.12928 1723680
3.13167 1725120
3.13406 1726560
3.13645 1728000
3.13884 1729440
3.14124 1730880
3.14363 1732320
3.14602 1733760
3.14841 1735200
3.1508 1736640
3.15319 1738080
3.15558 1739520
3.15797 1740960
3.16036 1742400
3.16275 1743840
3.16514 1745280
3.16753 1746720
3.16992 1748160
3.17231 1749600
3.1747 1751040
3.17709 1752480
3.17948 1753920
3.18187 1755360
3.18426 1756800
3.18665 1758240
3.18904 1759680
3.19143 1761120
3.19382 1762560
3.19622 1764000
3.1986 1765440
3.201 1766880
3.20339 1768320
3.20578 1769760
3.20817 1771200
3.21056 1772640
3.21295 1774080
3.21534 1775520
3.21773 1776960
3.22012 1778400
3.22251 1779840
3.2249 1781280
3.22729 1782720
3.22968 1784160
3.23207 1785600
3.23446 1787040
3.23685 1788480
3.23924 1789920
3.24163 1791360
3.24402 1792800
3.24641 1794240
3.2488 1795680
3.25119 1797120
3.25358 1798560
3.25597 1800000
3.25836 1801440
3.26076 1802880
3.26315 1804320
3.26554 1805760
3.26793 1807200
3.27032 1808640
3.27271 1810080
3.2751 1811520
3.27749 1812960
3.27988 1814400
3.28227 1815840
3.28466 1817280
3.28705 1818720
3.28944 1820160
3.29183 1821600
3.29422 1823040
3.29661 1824480
3.299 1825920
3.30139 1827360
3.30378 1828800
3.30617 1830240
3.30856 1831680
3.31095 1833120
3.31334 1834560
3.31573 1836000
3.31812 1837440
3.32052 1838880
3.32291 1840320
3.3253 1841760
3.32769 1843200
3.33008 1844640
3.33247 1846080
3.33486 1847520
3.33725 1848960
3.33964 1850400
3.34203 1851840
3.34442 1853280
3.34681 1854720
3.3492 1856160
3.35159 1857600
3.35398 1859040
3.35637 1860480
3.35876 1861920
3.36115 1863360
3.36354 1864800
3.36593 1866240
3.36832 1867680
3.37071 1869120
3.3731 1870560
3.37549 1872000
3.37788 1873440
3.38027 1874880
3.38267 1876320
3.38506 1877760
3.38745 1879200
3.38984 1880640
3.39223 1882080
3.39462 1883520
3.39701 1884960
3.3994 1886400
3.40179 1887840
3.40418 1889280
3.40657 1890720
3.40896 1892160
3.41135 1893600
3.41374 1895040
3.41613 1896480
3.41852 1897920
3.42091 1899360
3.4233 1900800
3.42569 1902240
3.42808 1903680
3.43047 1905120
3.43286 1906560
3.43525 1908000
3.43764 1909440
3.44003 1910880
3.44243 1912320
3.44482 1913760
3.44721 1915200
3.4496 1916640
3.45199 1918080
3.45438 1919520
3.45677 1920960
3.45916 1922400
3.46155 1923840
3.46394 1925280
3.46633 1926720
3.46872 1928160
3.47111 1929600
3.4735 1931040
3.47589 1932480
3.47828 1933920
3.48067 1935360
3.48306 1936800
3.48545 1938240
3.48784 1939680
3.49023 1941120
3.49262 1942560
3.49501 1944000
3.4974 1945440
3.49979 1946880
3.50219 1948320
3.50458 1949760
3.50697 1951200
3.50936 1952640
3.51175 1954080
3.51414 1955520
3.51653 1956960
3.51892 1958400
3.52131 1959840
3.5237 1961280
3.52609 1962720
3.52848 1964160
3.53087 1965600
3.53326 1967040
3.53565 1968480
3.53804 1969920
3.54043 1971360
3.54282 1972800
3.54521 1974240
3.5476 1975680
3.54999 1977120
3.55238 1978560
3.55477 1980000
3.55716 1981440
3.55955 1982880
3.56195 1984320
3.56434 1985760
3.56673 1987200
3.56912 1988640
3.57151 1990080
3.5739 1991520
3.57629 1992960
3.57868 1994400
3.58107 1995840
3.58346 1997280
3.58585 1998720
3.58824 2000160
3.59063 2001600
3.59302 2003040
3.59541 2004480
3.5978 2005920
3.60019 2007360
3.60258 2008800
3.60497 2010240
3.60736 2011680
3.60976 2013120
3.61214 2014560
3.61453 2016000
3.61692 2017440
3.61931 2018880
3.62171 2020320
3.6241 2021760
3.62649 2023200
3.62888 2024640
3.63127 2026080
3.63366 2027520
3.63605 2028960
3.63844 2030400
3.64083 2031840
3.64322 2033280
3.64561 2034720
3.648 2036160
3.65039 2037600
3.65278 2039040
3.65517 2040480
3.65756 2041920
3.65995 2043360
3.66234 2044800
3.66473 2046240
3.66712 2047680
3.66951 2049120
3.6719 2050560
3.67429 2052000
3.67668 2053440
3.67907 2054880
3.68147 2056320
3.68386 2057760
3.68625 2059200
3.68864 2060640
3.69103 2062080
3.69342 2063520
3.69581 2064960
3.6982 2066400
3.70059 2067840
3.70298 2069280
3.70537 2070720
3.70776 2072160
3.71015 2073600
3.71254 2075040
3.71493 2076480
3.71732 2077920
3.71971 2079360
3.7221 2080800
3.72449 2082240
3.72688 2083680
3.72927 2085120
3.73166 2086560
3.73405 2088000
3.73644 2089440
3.73883 2090880
3.74123 2092320
3.74362 2093760
3.74601 2095200
3.7484 2096640
3.75079 2098080
3.75318 2099520
3.75557 2100960
3.75796 2102400
3.76035 2103840
3.76274 2105280
3.76513 2106720
3.76752 2108160
3.76991 2109600
3.7723 2111040
3.77469 2112480
3.77708 2113920
3.77947 2115360
3.78186 2116800
3.78425 2118240
3.78664 2119680
3.78903 2121120
3.79142 2122560
3.79381 2124000
3.7962 2125440
3.79859 2126880
3.80099 2128320
3.80338 2129760
3.80577 2131200
3.80816 2132640
3.81055 2134080
3.81294 2135520
3.81533 2136960
3.81772 2138400
3.82011 2139840
3.8225 2141280
3.82489 2142720
3.82728 2144160
3.82967 2145600
3.83206 2147040
3.83445 2148480
3.83684 2149920
3.83923 2151360
3.84162 2152800
3.84401 2154240
3.8464 2155680
3.84879 2157120
3.85118 2158560
3.85357 2160000
3.85596 2161440
3.85835 2162880
3.86074 2164320
3.86314 2165760
3.86553 2167200
3.86792 2168640
3.87031 2170080
3.8727 2171520
3.87509 2172960
3.87748 2174400
3.87987 2175840
3.88226 2177280
3.88465 2178720
3.88704 2180160
3.88943 2181600
3.89182 2183040
3.89421 2184480
3.8966 2185920
3.89899 2187360
3.90138 2188800
3.90377 2190240
3.90616 2191680
3.90855 2193120
3.91094 2194560
3.91334 2196000
3.91572 2197440
3.91811 2198880
3.9205 2200320
3.9229 2201760
3.92529 2203200
3.92768 2204640
3.93007 2206080
3.93246 2207520
3.93485 2208960
3.93724 2210400
3.93963 2211840
3.94202 2213280
3.94441 2214720
3.9468 2216160
3.94919 2217600
3.95158 2219040
3.95397 2220480
3.95636 2221920
3.95875 2223360
3.96114 2224800
3.96353 2226240
3.96592 2227680
3.96831 2229120
3.9707 2230560
3.97309 2232000
3.97548 2233440
3.97787 2234880
3.98026 2236320
3.98266 2237760
3.98505 2239200
3.98744 2240640
3.98983 2242080
3.99222 2243520
3.99461 2244960
3.997 2246400
3.99939 2247840
4.00178 2249280
4.00417 2250720
4.00656 2252160
4.00895 2253600
4.01134 2255040
4.01373 2256480
4.01612 2257920
4.01851 2259360
4.0209 2260800
4.02329 2262240
4.02568 2263680
4.02807 2265120
4.03046 2266560
4.03285 2268000
4.03524 2269440
4.03763 2270880
4.04125 2270880
4.04125 1815840
5.31421 1815840
5.31421 1440
5.51136 2880
5.51255 4320
5.51375 5760
5.51494 7200
5.51614 8640
5.51733 10080
5.51853 11520
5.51972 12960
5.52092 14400
5.52211 15840
5.52331 17280
5.5245 18720
5.5257 20160
5.52689 21600
5.52809 23040
5.52928 24480
5.53048 25920
5.53167 27360
5.53287 28800
5.53406 30240
5.53526 31680
5.53646 33120
5.53765 34560
5.53885 36000
5.54004 37440
5.54124 38880
5.54243 40320
5.54363 41760
5.54602 43200
5.5496 44640
5.55319 46080
5.56514 47520
5.56873 48960
5.57231 50400
5.5759 51840
5.57948 53280
5.58307 54720
5.58665 56160
5.59024 57600
5.59622 59040
5.65 60480
5.65358 61920
5.65717 63360
5.66076 64800
5.66434 66240
5.66793 67680
5.67151 69120
5.77191 70560
5.77549 72000
5.77908 73440
5.78267 74880
5.78625 76320
5.78984 77760
5.79342 79200
5.79701 80640
5.80059 82080
5.80418 83520
5.80777 84960
5.81135 86400
5.81494 87840
5.81852 89280
5.82211 90720
5.82569 92160
5.82928 93600
5.83286 95040
5.83645 96480
5.84004 97920
5.84362 99360
5.84721 100800
5.85079 102240
5.85438 103680
5.85557 105120
5.85916 106560
5.86274 108000
5.86513 109440
5.86872 110880
5.87231 112320
5.87589 113760
5.89741 115200
5.90099 116640
5.9476 118080
5.96195 119520
5.96553 120960
5.96912 122400
5.9727 123840
5.98824 125280
5.99183 126720
5.99541 128160
5.999 129600
6.00258 131040
6.00617 132480
6.00975 133920
6.01334 135360
6.01693 136800
6.02051 138240
6.0241 139680
6.02768 141120
6.03127 142560
6.03246 144000
6.03485 145440
6.03724 146880
6.04083 148320
6.04681 149760
6.05159 151200
6.05278 152640
6.05876 154080
6.06234 155520
6.06593 156960
6.06951 158400
6.0731 159840
6.07669 161280
6.07908 162720
6.08147 164160
6.08386 165600
6.08744 167040
6.09103 168480
6.09461 169920
6.0982 171360
6.10178 172800
6.11971 174240
6.1233 175680
6.12688 177120
6.13047 178560
6.13405 180000
6.13764 181440
6.14123 182880
6.14362 184320
6.14601 185760
6.1472 187200
6.14959 188640
6.15198 190080
6.21652 191520
6.21772 192960
6.22011 194400
6.22369 195840
6.22728 197280
6.23087 198720
6.23445 200160
6.23804 201600
6.24162 203040
6.24521 204480
6.28106 205920
6.28226 207360
6.28345 208800
7.46073 210240
7.4667 211680
7.47746 213120
7.4918 214560
7.50256 216000
7.50973 217440
7.5169 218880
7.52049 220320
7.52766 221760
7.53483 223200
7.542 224640
7.54558 226080
7.55276 227520
7.55634 228960
7.55993 230400
7.5671 231840
7.57068 233280
7.57785 234720
7.58503 236160
7.59578 237600
7.60295 239040
7.60415 240480
7.63522 241920
7.79658 243360
7.80016 244800
7.86709 246240
7.86948 247680
7.87546 249120
7.88502 250560
7.88741 252000
7.93283 253440
7.94 254880
7.94359 256320
7.95076 257760
8.1539 259200
8.23517 260640
8.23756 262080
8.23995 263520
8.24234 264960
8.24473 266400
8.24713 267840
8.24952 269280
8.25191 270720
8.2543 272160
8.29732 273600
8.29971 275040
8.3021 276480
8.30449 277920
8.30689 279360
8.30928 280800
8.31167 282240
8.31406 283680
8.31645 285120
8.31884 286560
8.32123 288000
8.32362 289440
8.32601 290880
8.3284 292320
8.33079 293760
8.33318 295200
8.33557 296640
8.33796 298080
8.34035 299520
8.34274 300960
8.34513 302400
8.34752 303840
8.34991 305280
8.3523 306720
8.35469 308160
8.35708 309600
8.35947 311040
8.36186 312480
8.36425 313920
8.36665 315360
8.44314 316800
8.44553 318240
8.44792 319680
8.45031 321120
8.4527 322560
8.45509 324000
8.45748 325440
8.45987 326880
8.46226 328320
8.46465 329760
8.46704 331200
8.46943 332640
8.47182 334080
8.47421 335520
8.4766 336960
8.47899 338400
8.48138 339840
8.48377 341280
8.48617 342720
8.48856 344160
8.49095 345600
8.49334 347040
8.49573 348480
8.49812 349920
8.50051 351360
8.5029 352800
8.50529 354240
8.50768 355680
8.51007 357120
8.51246 358560
8.51485 360000
8.51724 361440
8.51963 362880
8.52202 364320
8.52441 365760
8.5268 367200
8.52919 368640
8.53158 370080
8.53397 371520
8.53636 372960
8.53875 374400
8.54114 375840
8.54353 377280
8.54593 378720
8.54832 380160
8.55071 381600
8.5531 383040
8.55549 384480
8.55788 385920
8.56027 387360
8.56266 388800
8.56505 390240
8.56744 391680
8.56983 393120
8.57222 394560
8.57461 396000
8.577 397440
8.57939 398880
8.58178 400320
8.58417 401760
8.58656 403200
8.58895 404640
8.59134 406080
8.59373 407520
8.59612 408960
8.59851 410400
8.6009 411840
8.60329 413280
8.60568 414720
8.60808 416160
8.61047 417600
8.61286 419040
8.61525 420480
8.61764 421920
8.62003 423360
8.62242 424800
8.62481 426240
8.6272 427680
8.62959 429120
8.63198 430560
8.63437 432000
8.63676 433440
8.63915 434880
8.64154 436320
8.64393 437760
8.64632 439200
8.64871 440640
8.6511 442080
8.65349 443520
8.65588 444960
8.65827 446400
8.66066 447840
8.66305 449280
8.66544 450720
8.66784 452160
8.67023 453600
8.67262 455040
8.67501 456480
8.6774 457920
8.67979 459360
8.68218 460800
8.68457 462240
8.68696 463680
8.68935 465120
8.69174 466560
8.69413 468000
8.69652 469440
8.69891 470880
8.7013 472320
8.70369 473760
8.70608 475200
8.70847 476640
8.71086 478080
8.71325 479520
8.71564 480960
8.71803 482400
8.72042 483840
8.72281 485280
8.7252 486720
8.7276 488160
8.72999 489600
8.73238 491040
8.73477 492480
8.73716 493920
8.73955 495360
8.74194 496800
8.74433 498240
8.74672 499680
8.74911 501120
8.7515 502560
8.75389 504000
8.75628 505440
8.75867 506880
8.76106 508320
8.76345 509760
8.76584 511200
8.76823 512640
8.77062 514080
8.77301 515520
8.7754 516960
8.77779 518400
8.78018 519840
8.78257 521280
8.78496 522720
8.78736 524160
8.78975 525600
8.79214 527040
8.79453 528480
8.79692 529920
8.79931 531360
8.8017 532800
8.80409 534240
8.80648 535680
8.80887 537120
8.81126 538560
8.81365 540000
8.81604 541440
8.81843 542880
8.82082 544320
8.82321 545760
8.8256 547200
8.82799 548640
8.83038 550080
8.83277 551520
8.83516 552960
8.83755 554400
8.83994 555840
8.84233 557280
8.84472 558720
8.84712 560160
8.84951 561600
8.8519 563040
8.85429 564480
8.85668 565920
8.85907 567360
8.86146 568800
8.86385 570240
8.86624 571680
8.86863 573120
8.87102 574560
8.87341 576000
8.8758 577440
8.87819 578880
8.88058 580320
8.88297 581760
8.88536 583200
8.88775 584640
8.89014 586080
8.89253 587520
8.89492 588960
8.89731 590400
8.8997 591840
8.90209 593280
8.90448 594720
8.90688 596160
8.90927 597600
8.91166 599040
8.91405 600480
8.91644 601920
8.91883 603360
8.92122 604800
8.92361 606240
8.926 607680
8.92839 609120
8.93078 610560
8.93317 612000
8.93556 613440
8.93795 614880
8.94034 616320
8.94273 617760
8.94512 619200
8.94751 620640
8.9499 622080
8.95229 623520
8.95468 624960
8.95707 626400
8.95946 627840
8.96185 629280
8.96424 630720
8.96664 632160
8.96903 633600
8.97142 635040
8.97381 636480
8.9762 637920
8.97859 639360
8.98098 640800
8.98337 642240
8.98576 643680
8.98815 645120
8.99054 646560
8.99293 648000
8.99532 649440
8.99771 650880
9.0001 652320
9.00249 653760
9.00488 655200
9.00727 656640
9.00966 658080
9.01205 659520
9.01444 660960
9.01683 662400
9.01922 663840
9.02161 665280
9.024 666720
9.0264 668160
9.02879 669600
9.03118 671040
9.03357 672480
9.03596 673920
9.03835 675360
9.04074 676800
9.04313 678240
9.04552 679680
9.04791 681120
9.0503 682560
9.05269 684000
9.05508 685440
9.05747 686880
9.05986 688320
9.06225 689760
9.06464 691200
9.06703 692640
9.06942 694080
9.07181 695520
9.0742 696960
9.07659 698400
9.07898 699840
9.08137 701280
9.08376 702720
9.08615 704160
9.08855 705600
9.09094 707040
9.09333 708480
9.09572 709920
9.09811 711360
9.1005 712800
9.10289 714240
9.10528 715680
9.10767 717120
9.11006 718560
9.11245 720000
9.11484 721440
9.11723 722880
9.11962 724320
9.12201 725760
9.1244 727200
9.12679 728640
9.12918 730080
9.13157 731520
9.13396 732960
9.13635 734400
9.13874 735840
9.14113 737280
9.14352 738720
9.14591 740160
9.14831 741600
9.1507 743040
9.15309 744480
9.15548 745920
9.15787 747360
9.16026 748800
9.16265 750240
9.16504 751680
9.16743 753120
9.16982 754560
9.17221 756000
9.1746 757440
9.17699 758880
9.17938 760320
9.18177 761760
9.18416 763200
9.18655 764640
9.18894 766080
9.19133 767520
9.19372 768960
9.19611 770400
9.1985 771840
9.20089 773280
9.20328 774720
9.20567 776160
9.20807 777600
9.21046 779040
9.21285 780480
9.21524 781920
9.21763 783360
9.22002 784800
9.22241 786240
9.2248 787680
9.22719 789120
9.22958 790560
9.23197 792000
9.23436 793440
9.23675 794880
9.23914 796320
9.24153 797760
9.24392 799200
9.24631 800640
9.2487 802080
9.25109 803520
9.25348 804960
9.25587 806400
9.25826 807840
9.26065 809280
9.26304 810720
9.26543 812160
9.26783 813600
9.27022 815040
9.27261 816480
9.275 817920
9.27739 819360
9.27978 820800
9.28217 822240
9.28456 823680
9.28695 825120
9.28934 826560
9.29173 828000
9.29412 829440
9.29651 830880
9.2989 832320
9.30129 833760
9.30368 835200
9.30607 836640
9.30846 838080
9.31085 839520
9.31324 840960
9.31563 842400
9.31802 843840
9.32041 845280
9.3228 846720
9.32519 848160
9.32759 849600
9.32998 851040
9.33237 852480
9.33476 853920
9.33715 855360
9.33954 856800
9.34193 858240
9.34432 859680
9.34671 861120
9.3491 862560
9.35149 864000
9.35388 865440
9.35627 866880
9.35866 868320
9.36105 869760
9.36344 871200
9.36583 872640
9.36822 874080
9.37061 875520
9.373 876960
9.37539 878400
9.37778 879840
9.38017 881280
9.38256 882720
9.38495 884160
9.38735 885600
9.38974 887040
9.39213 888480
9.39452 889920
9.39691 891360
9.3993 892800
9.40169 894240
9.40408 895680
9.40647 897120
9.40886 898560
9.41125 900000
9.41364 901440
9.41603 902880
9.41842 904320
9.42081 905760
9.4232 907200
9.42559 908640
9.42798 910080
9.43037 911520
9.43276 912960
9.43515 914400
9.43754 915840
9.43993 917280
9.44232 918720
9.44471 920160
9.44711 921600
9.4495 923040
9.45189 924480
9.45428 925920
9.45667 927360
9.45906 928800
9.46145 930240
9.46384 931680
9.46623 933120
9.46862 934560
9.47101 936000
9.4734 937440
9.47579 938880
9.47818 940320
9.48057 941760
9.48296 943200
9.48535 944640
9.48774 946080
9.49013 947520
9.49252 948960
9.49491 950400
9.4973 951840
9.49969 953280
9.50208 954720
9.50447 956160
9.50687 957600
9.50926 959040
9.51165 960480
9.51404 961920
9.51643 963360
9.51882 964800
9.52121 966240
9.5236 967680
9.52599 969120
9.52838 970560
9.53077 972000
9.53316 973440
9.53555 974880
9.53794 976320
9.54033 977760
9.54272 979200
9.54511 980640
9.5475 982080
9.54989 983520
9.55228 984960
9.55467 986400
9.55706 987840
9.55945 989280
9.56184 990720
9.56423 992160
9.56662 993600
9.56902 995040
9.57141 996480
9.5738 997920
9.57619 999360
9.57858 1000800
9.58097 1002240
9.58336 1003680
9.58575 1005120
9.58814 1006560
9.59053 1008000
9.59292 1009440
9.59531 1010880
9.5977 1012320
9.60009 1013760
9.60248 1015200
9.60487 1016640
9.60726 1018080
9.60965 1019520
9.61204 1020960
9.61443 1022400
9.61682 1023840
9.61921 1025280
9.6216 1026720
9.62399 1028160
9.62638 1029600
9.62878 1031040
9.63117 1032480
9.63356 1033920
9.63595 1035360
9.63834 1036800
9.64073 1038240
9.64312 1039680
9.64551 1041120
9.6479 1042560
9.65029 1044000
9.65268 1045440
9.65507 1046880
9.65746 1048320
9.65985 1049760
9.66224 1051200
9.66463 1052640
9.66702 1054080
9.66941 1055520
9.6718 1056960
9.67419 1058400
9.67658 1059840
9.67897 1061280
9.68136 1062720
9.68375 1064160
9.68614 1065600
9.68854 1067040
9.69093 1068480
9.69332 1069920
9.69571 1071360
9.6981 1072800
9.70049 1074240
9.70288 1075680
9.70527 1077120
9.70766 1078560
9.71005 1080000
9.71244 1081440
9.71483 1082880
9.71722 1084320
9.71961 1085760
9.722 1087200
9.72439 1088640
9.72678 1090080
9.72917 1091520
9.73156 1092960
9.73395 1094400
9.73634 1095840
9.73873 1097280
9.74112 1098720
9.74351 1100160
9.7459 1101600
9.7483 1103040
9.75069 1104480
9.75308 1105920
9.75547 1107360
9.75786 1108800
9.76025 1110240
9.76264 1111680
9.76503 1113120
9.76742 1114560
9.76981 1116000
9.7722 1117440
9.77459 1118880
9.77698 1120320
9.77937 1121760
9.78176 1123200
9.78415 1124640
9.78654 1126080
9.78893 1127520
9.79132 1128960
9.79371 1130400
9.7961 1131840
9.79849 1133280
9.80088 1134720
9.80327 1136160
9.80566 1137600
9.80806 1139040
9.81045 1140480
9.81284 1141920
9.81523 1143360
9.81762 1144800
9.82001 1146240
9.8224 1147680
9.82479 1149120
9.82718 1150560
9.82957 1152000
9.83196 1153440
9.83435 1154880
9.83674 1156320
9.83913 1157760
9.84152 1159200
9.84391 1160640
9.8463 1162080
9.84869 1163520
9.85108 1164960
9.85347 1166400
9.85586 1167840
9.85825 1169280
9.86064 1170720
9.86303 1172160
9.86542 1173600
9.86782 1175040
9.87021 1176480
9.8726 1177920
9.87499 1179360
9.87738 1180800
9.87977 1182240
9.88216 1183680
9.88455 1185120
9.88694 1186560
9.88933 1188000
9.89172 1189440
9.89411 1190880
9.8965 1192320
9.89889 1193760
9.90128 1195200
9.90367 1196640
9.90606 1198080
9.90845 1199520
9.91084 1200960
9.91323 1202400
9.91562 1203840
9.91801 1205280
9.9204 1206720
9.92279 1208160
9.92518 1209600
9.92758 1211040
9.92997 1212480
9.93236 1213920
9.93475 1215360
9.93714 1216800
9.93953 1218240
9.94192 1219680
9.94431 1221120
9.9467 1222560
9.94909 1224000
9.95148 1225440
9.95387 1226880
9.95626 1228320
9.95865 1229760
9.96104 1231200
9.96343 1232640
9.96582 1234080
9.96821 1235520
9.9706 1236960
9.97299 1238400
9.97538 1239840
9.97777 1241280
9.98016 1242720
9.98255 1244160
9.98494 1245600
9.98734 1247040
9.98973 1248480
9.99212 1249920
9.99451 1251360
9.9969 1252800
9.99929 1254240
10.0017 1255680
10.0041 1257120
10.0065 1258560
10.0088 1260000
10.0112 1261440
10.0136 1262880
10.016 1264320
10.0184 1265760
10.0208 1267200
10.0232 1268640
10.0256 1270080
10.028 1271520
10.0304 1272960
10.0328 1274400
10.0351 1275840
10.0375 1277280
10.0399 1278720
10.0423 1280160
10.0447 1281600
10.0471 1283040
10.0495 1284480
10.0519 1285920
10.0543 1287360
10.0567 1288800
10.059 1290240
10.0614 1291680
10.0638 1293120
10.0662 1294560
10.0686 1296000
10.071 1297440
10.0734 1298880
10.0758 1300320
10.0782 1301760
10.0806 1303200
10.083 1304640
10.0853 1306080
10.0877 1307520
10.0901 1308960
10.0925 1310400
10.0949 1311840
10.0973 1313280
10.0997 1314720
10.1021 1316160
10.1045 1317600
10.1069 1319040
10.1092 1320480
10.1116 1321920
10.114 1323360
10.1164 1324800
10.1188 1326240
10.1212 1327680
10.1236 1329120
10.126 1330560
10.1284 1332000
10.1308 1333440
10.1331 1334880
10.1355 1336320
10.1379 1337760
10.1403 1339200
10.1427 1340640
10.1451 1342080
10.1475 1343520
10.1499 1344960
10.1523 1346400
10.1547 1347840
10.1571 1349280
10.1594 1350720
10.1618 1352160
10.1642 1353600
10.1666 1355040
10.169 1356480
10.1714 1357920
10.1738 1359360
10.1762 1360800
10.1786 1362240
10.181 1363680
10.1833 1365120
10.1857 1366560
10.1881 1368000
10.1905 1369440
10.1929 1370880
10.1953 1372320
10.1977 1373760
10.2001 1375200
10.2025 1376640
10.2049 1378080
10.2073 1379520
10.2096 1380960
10.212 1382400
10.2144 1383840
10.2168 1385280
10.2192 1386720
10.2216 1388160
10.224 1389600
10.2264 1391040
10.2288 1392480
10.2312 1393920
10.2335 1395360
10.2359 1396800
10.2383 1398240
10.2407 1399680
10.2431 1401120
10.2455 1402560
10.2479 1404000
10.2503 1405440
10.2527 1406880
10.2551 1408320
10.2574 1409760
10.2598 1411200
10.2622 1412640
10.2646 1414080
10.267 1415520
10.2694 1416960
10.2718 1418400
10.2742 1419840
10.2766 1421280
10.279 1422720
10.2814 1424160
10.2837 1425600
10.2861 1427040
10.2885 1428480
10.2909 1429920
10.2933 1431360
10.2957 1432800
10.2981 1434240
10.3005 1435680
10.3029 1437120
10.3053 1438560
10.3076 1440000
10.31 1441440
10.3124 1442880
10.3148 1444320
10.3172 1445760
10.3196 1447200
10.322 1448640
10.3244 1450080
10.3268 1451520
10.3435 1452960
10.3626 1454400
10.3818 1455840
10.4009 1457280
10.42 1458720
10.4391 1460160
10.4582 1461600
10.4774 1463040
10.4965 1464480
10.5156 1465920
10.5347 1467360
10.5539 1468800
10.573 1470240
10.5921 1471680
10.6112 1473120
10.6304 1474560
10.6495 1476000
10.6686 1477440
10.6877 1478880
10.7068 1480320
10.726 1481760
10.7451 1483200
10.7642 1484640
10.7833 1486080
10.8025 1487520
10.8216 1488960
10.8407 1490400
10.8574 1491840
10.8766 1493280
10.8957 1494720
10.9148 1496160
10.9339 1497600
10.9531 1499040
10.9698 1500480
10.9865 1501920
11.0033 1503360
11.02 1504800
11.0367 1506240
11.0535 1507680
11.0702 1509120
11.0869 1510560
11.1037 1512000
11.1228 1513440
11.1419 1514880
11.161 1516320
11.1801 1517760
11.1993 1519200
11.2184 1520640
11.2375 1522080
11.2566 1523520
11.2758 1524960
11.2925 1526400
11.3116 1527840
11.3307 1529280
11.3475 1530720
11.3666 1532160
11.3857 1533600
11.4048 1535040
11.424 1536480
11.4431 1537920
11.4622 1539360
11.4813 1540800
11.5005 1542240
11.5196 1543680
11.5387 1545120
11.5578 1546560
11.5769 1548000
11.5961 1549440
11.6152 1550880
11.6343 1552320
11.6534 1553760
11.6726 1555200
11.6917 1556640
11.7108 1558080
11.7299 1559520
11.7491 1560960
11.7682 1562400
11.7873 1563840
11.8064 1565280
11.8256 1566720
11.8447 1568160
11.8638 1569600
11.8829 1571040
11.902 1572480
11.9212 1573920
11.9403 1575360
11.9594 1576800
11.9785 1578240
11.9977 1579680
12.0168 1581120
12.0359 1582560
12.055 1584000
12.0742 1585440
12.0933 1586880
12.1124 1588320
12.1315 1589760
12.1506 1591200
12.1698 1592640
12.1889 1594080
12.208 1595520
12.2271 1596960
12.2463 1598400
12.2654 1599840
12.2845 1601280
12.3036 1602720
12.3228 1604160
12.3419 1605600
12.361 1607040
12.3801 1608480
12.3992 1609920
12.4208 1611360
12.4423 1612800
12.4638 1614240
12.4853 1615680
12.5068 1617120
12.5283 1618560
12.5498 1620000
12.5714 1621440
12.5929 1622880
12.6144 1624320
12.6359 1625760
12.6574 1627200
12.6789 1628640
12.7004 1630080
12.722 1631520
12.7435 1632960
12.765 1634400
12.7865 1635840
12.808 1637280
12.8295 1638720
12.851 1640160
12.8725 1641600
12.8941 1643040
12.9156 1644480
12.9371 1645920
12.9586 1647360
12.9825 1648800
13.0064 1650240
13.0303 1651680
13.0542 1653120
13.0781 1654560
13.102 1656000
13.1259 1657440
13.1498 1658880
13.1737 1660320
13.1976 1661760
13.2215 1663200
13.2454 1664640
13.2694 1666080
13.2933 1667520
13.3172 1668960
13.3411 1670400
13.3674 1671840
13.3937 1673280
13.4199 1674720
13.4462 1676160
13.4725 1677600
13.4988 1679040
13.5251 1680480
13.5514 1681920
13.5777 1683360
13.604 1684800
13.6303 1686240
13.6566 1687680
13.6829 1689120
13.7092 1690560
13.7355 1692000
13.7642 1693440
13.7928 1694880
13.8215 1696320
13.8502 1697760
13.8789 1699200
13.9076 1700640
13.9363 1702080
13.965 1703520
13.9936 1704960
14.0223 1706400
14.0534 1707840
14.0845 1709280
14.1156 1710720
14.1466 1712160
14.1777 1713600
14.2088 1715040
14.2399 1716480
14.2709 1717920
14.302 1719360
14.3331 1720800
14.3665 1722240
14.4 1723680
14.4335 1725120
14.4669 1726560
14.5004 1728000
14.5339 1729440
14.5697 1730880
14.6056 1732320
14.6414 1733760
14.6773 1735200
14.7132 1736640
14.7514 1738080
14.7896 1739520
14.8279 1740960
14.8661 1742400
14.9044 1743840
14.9426 1745280
14.9833 1746720
15.0239 1748160
15.0645 1749600
15.1052 1751040
15.1482 1752480
15.1912 1753920
15.2343 1755360
15.2797 1756800
15.3251 1758240
15.3729 1759680
15.4207 1761120
15.4685 1762560
15.5163 1764000
15.5665 1765440
15.6191 1766880
15.6717 1768320
15.7243 1769760
15.7793 1771200
15.8342 1772640
15.8916 1774080
15.9514 1775520
16.0111 1776960
16.0733 1778400
16.1378 1779840
16.2024 1781280
16.2717 1782720
16.3434 1784160
16.4151 1785600
16.4355 1785600
16.4355 1427040
19.2666 1427040
19.2666 1440
20.5924 2880
20.7668 4320
20.9296 5760
21.0837 7200
21.2588 8640
21.2612 10080
21.2636 11520
21.462 12960
21.4644 14400
21.4668 15840
21.4692 17280
21.7011 18720
21.9467 20160
21.9491 21600
21.9503 23040
21.9538 24480
21.9562 25920
21.9586 27360
21.961 28800
22.206 30240
22.2204 31680
22.2228 33120
22.2252 34560
22.2276 36000
22.4821 37440
22.4857 38880
22.4881 40320
22.4905 41760
22.506 43200
22.5084 44640
22.7809 46080
22.7845 47520
22.7869 48960
22.7893 50400
22.7953 51840
22.8036 53280
22.806 54720
22.8156 56160
23.1323 57600
23.1395 59040
23.1419 60480
23.1431 61920
23.1514 63360
23.1539 64800
23.1562 66240
23.1658 67680
23.1753 69120
23.4747 70560
23.4783 72000
23.4807 73440
23.4879 74880
23.4891 76320
23.4927 77760
23.5034 79200
23.507 80640
23.513 82080
23.5202 83520
23.5225 84960
23.5273 86400
23.5297 87840
23.5309 89280
23.8686 90720
23.8709 92160
23.8733 93600
23.8793 95040
23.8817 96480
23.8841 97920
23.8889 99360
23.8996 100800
23.902 102240
23.9056 103680
23.908 105120
23.9164 106560
23.9187 108000
23.9211 109440
23.9271 110880
23.9295 112320
23.9319 113760
23.9367 115200
23.9391 116640
23.9415 118080
24.3144 119520
24.3287 120960
24.3311 122400
24.3538 123840
24.3562 125280
24.3586 126720
24.361 128160
24.3634 129600
24.3789 131040
24.3813 132480
24.3837 133920
24.3861 135360
24.3885 136800
24.3909 138240
24.3932 139680
24.3956 141120
24.398 142560
24.4004 144000
24.4028 145440
24.4052 146880
24.4076 148320
24.41 149760
24.8438 151200
24.8468 152640
24.8492 154080
24.8516 155520
24.854 156960
24.8564 158400
24.8588 159840
24.8683 161280
24.8958 162720
24.8982 164160
24.9006 165600
24.903 167040
24.9054 168480
24.9078 169920
24.9102 171360
24.9126 172800
24.9149 174240
24.9173 175680
24.9197 177120
24.9221 178560
24.9245 180000
24.9269 181440
24.9293 182880
24.9317 184320
24.9341 185760
25.4187 187200
25.4211 188640
25.4235 190080
25.4259 191520
25.497 192960
25.5687 194400
25.5711 195840
25.5735 197280
25.5759 198720
25.5783 200160
26.1251 201600
26.1275 203040
26.1335 204480
26.1359 205920
26.1382 207360
26.1406 208800
26.1454 210240
26.1478 211680
26.1502 213120
26.1526 214560
26.155 216000
26.1574 217440
26.1657 218880
26.1681 220320
26.1705 221760
26.1992 223200
26.2016 224640
26.21 226080
26.2124 227520
26.2147 228960
26.2195 230400
26.2219 231840
26.2243 233280
26.2267 234720
26.2291 236160
26.2327 237600
26.235 239040
26.2374 240480
26.2434 241920
26.2458 243360
26.2482 244800
26.2625 246240
26.2685 247680
26.4968 249120
26.4992 250560
26.5016 252000
26.504 253440
26.5064 254880
26.5088 256320
26.5111 257760
26.5136 259200
26.5159 260640
26.5183 262080
26.5207 263520
26.5231 264960
26.5255 266400
26.5279 267840
26.5303 269280
26.5327 270720
26.535 272160
26.8936 273600
26.896 275040
26.8984 276480
26.9008 277920
26.9031 279360
26.9055 280800
26.9079 282240
26.9103 283680
26.9127 285120
26.9151 286560
26.9175 288000
26.9199 289440
26.9223 290880
26.9247 292320
26.9271 293760
26.9294 295200
26.9318 296640
26.9342 298080
26.9366 299520
26.939 300960
26.9414 302400
26.9438 303840
26.9462 305280
26.9516 306720
26.9539 308160
26.9563 309600
26.9593 311040
26.9617 312480
26.9641 313920
26.9838 315360
26.9862 316800
26.9886 318240
26.991 319680
26.9934 321120
26.9958 322560
26.9982 324000
27.0006 325440
27.0029 326880
27.0053 328320
27.0077 329760
27.0101 331200
27.0125 332640
27.0149 334080
27.0173 335520
27.0197 336960
27.0221 338400
27.0245 339840
27.0268 341280
27.0292 342720
27.0316 344160
27.034 345600
27.0364 347040
27.0388 348480
27.0412 349920
27.0436 351360
27.046 352800
27.0484 354240
27.0508 355680
27.0531 357120
27.0555 358560
27.0579 360000
27.0603 361440
27.0627 362880
27.0651 364320
27.0675 365760
27.0699 367200
27.0723 368640
27.0747 370080
27.077 371520
27.1822 372960
27.1852 374400
27.1876 375840
27.1906 377280
27.1936 378720
27.196 380160
27.199 381600
27.2019 383040
27.2043 384480
27.2073 385920
27.2097 387360
27.2127 388800
27.2157 390240
27.2181 391680
27.2205 393120
27.2247 394560
27.227 396000
27.2295 397440
27.2324 398880
27.2348 400320
27.2378 401760
27.2408 403200
27.2432 404640
27.2462 406080
27.2486 407520
27.4498 408960
27.5952 410400
27.5976 411840
27.5999 413280
27.6023 414720
27.6047 416160
27.6071 417600
27.6095 419040
27.6119 420480
27.6143 421920
27.6167 423360
27.6191 424800
27.6215 426240
27.6238 427680
27.6262 429120
27.6286 430560
27.631 432000
27.6334 433440
27.6358 434880
27.6382 436320
27.6406 437760
27.643 439200
27.6454 440640
27.6478 442080
27.6501 443520
27.6525 444960
27.6549 446400
27.6573 447840
27.6597 449280
27.6621 450720
27.6645 452160
27.6669 453600
27.6693 455040
27.6717 456480
27.674 457920
27.6788 459360
27.6812 460800
27.6836 462240
27.686 463680
27.6884 465120
27.6908 466560
27.6932 468000
27.6956 469440
27.6985 470880
27.7135 472320
27.7159 473760
27.7183 475200
27.7207 476640
27.7231 478080
27.7254 479520
27.7278 480960
27.7302 482400
27.7326 483840
27.735 485280
27.7374 486720
27.7398 488160
27.7422 489600
27.7446 491040
27.747 492480
27.7493 493920
27.7517 495360
27.7541 496800
27.7565 498240
27.7589 499680
27.7613 501120
27.7637 502560
27.7661 504000
27.7685 505440
27.7709 506880
27.7733 508320
27.7756 509760
27.778 511200
27.7804 512640
27.7828 514080
27.7852 515520
27.7876 516960
27.79 518400
27.7924 519840
27.7948 521280
27.7972 522720
27.7996 524160
27.8019 525600
27.8043 527040
27.8067 528480
27.8091 529920
27.8115 531360
27.8139 532800
27.8163 534240
27.8187 535680
27.8211 537120
27.8234 538560
27.8258 540000
27.8282 541440
27.8306 542880
27.833 544320
27.8354 545760
27.8378 547200
27.8402 548640
27.8426 550080
27.845 551520
27.8474 552960
27.8497 554400
27.8522 555840
27.8545 557280
27.9717 558720
27.974 560160
27.977 561600
27.9794 563040
27.9818 564480
27.9842 565920
27.9872 567360
27.9896 568800
27.992 570240
27.9944 571680
27.9968 573120
27.9997 574560
28.0021 576000
28.0045 577440
28.0069 578880
28.0093 580320
28.0117 581760
28.0141 583200
28.0165 584640
28.0189 586080
28.0213 587520
28.0237 588960
28.0261 590400
28.0284 591840
28.0308 593280
28.0332 594720
28.0356 596160
28.038 597600
28.0404 599040
28.0428 600480
28.0452 601920
28.0475 603360
28.0499 604800
28.0523 606240
28.0547 607680
28.0571 609120
28.0595 610560
28.0619 612000
28.2651 613440
28.4073 614880
28.4097 616320
28.4121 617760
28.4145 619200
28.4169 620640
28.4193 622080
28.4216 623520
28.424 624960
28.4264 626400
28.4288 627840
28.4312 629280
28.4336 630720
28.436 632160
28.4384 633600
28.4408 635040
28.4432 636480
28.4455 637920
28.4479 639360
28.4503 640800
28.4527 642240
28.4551 643680
28.4575 645120
28.4599 646560
28.4623 648000
28.4647 649440
28.4671 650880
28.4695 652320
28.4718 653760
28.4743 655200
28.4766 656640
28.479 658080
28.4814 659520
28.4838 660960
28.4862 662400
28.4886 663840
28.491 665280
28.4934 666720
28.4957 668160
28.4981 669600
28.5005 671040
28.5029 672480
28.5053 673920
28.5077 675360
28.5101 676800
28.5125 678240
28.5149 679680
28.5173 681120
28.5197 682560
28.522 684000
28.5244 685440
28.5268 686880
28.5292 688320
28.5316 689760
28.534 691200
28.5364 692640
28.5388 694080
28.5412 695520
28.5436 696960
28.546 698400
28.5484 699840
28.5507 701280
28.5531 702720
28.5555 704160
28.5579 705600
28.5645 707040
28.5669 708480
28.5693 709920
28.5716 711360
28.574 712800
28.5764 714240
28.5788 715680
28.5812 717120
28.5836 718560
28.586 720000
28.5884 721440
28.5908 722880
28.5932 724320
28.5955 725760
28.5979 727200
28.6003 728640
28.6027 730080
28.6051 731520
28.6075 732960
28.6099 734400
28.6123 735840
28.6147 737280
28.6171 738720
28.6194 740160
28.6219 741600
28.6242 743040
28.6266 744480
28.629 745920
28.6314 747360
28.6338 748800
28.6362 750240
28.6386 751680
28.641 753120
28.6434 754560
28.6457 756000
28.6481 757440
28.6505 758880
28.6529 760320
28.6553 761760
28.6577 763200
28.6601 764640
28.6625 766080
28.6649 767520
28.6673 768960
28.6696 770400
28.672 771840
28.6744 773280
28.6768 774720
28.6792 776160
28.6816 777600
28.684 779040
28.6864 780480
28.6888 781920
28.6912 783360
28.6936 784800
28.696 786240
28.6983 787680
28.7007 789120
28.7031 790560
28.7055 792000
28.7079 793440
28.7103 794880
28.7127 796320
28.7151 797760
28.7175 799200
28.7198 800640
28.7222 802080
28.7246 803520
28.727 804960
28.7294 806400
28.7318 807840
28.7342 809280
28.7366 810720
28.739 812160
28.7414 813600
28.7438 815040
28.7461 816480
28.7485 817920
28.7509 819360
28.7533 820800
28.7557 822240
28.7581 823680
28.7605 825120
28.7629 826560
28.7653 828000
28.7677 829440
28.7701 830880
28.7724 832320
28.7748 833760
28.7772 835200
28.8782 836640
28.8806 838080
28.8836 839520
28.886 840960
28.8884 842400
28.8908 843840
28.8932 845280
28.8956 846720
28.8979 848160
28.9003 849600
28.9027 851040
28.9051 852480
28.9075 853920
28.9099 855360
28.9123 856800
28.9147 858240
28.9171 859680
28.9194 861120
28.9218 862560
28.9242 864000
28.9266 865440
28.929 866880
28.9314 868320
28.9338 869760
28.9362 871200
28.9386 872640
28.941 874080
28.9433 875520
28.9457 876960
28.9482 878400
28.9505 879840
28.9529 881280
28.9553 882720
28.9577 884160
28.9601 885600
28.9625 887040
28.9649 888480
28.9673 889920
28.9696 891360
28.9721 892800
28.9744 894240
28.9768 895680
28.9792 897120
28.9816 898560
28.984 900000
28.9864 901440
28.9888 902880
28.9912 904320
28.9935 905760
28.996 907200
28.9983 908640
29.0007 910080
29.0031 911520
29.0055 912960
29.0079 914400
29.0103 915840
29.0127 917280
29.2069 918720
29.2093 920160
29.3527 921600
29.3551 923040
29.3575 924480
29.3599 925920
29.3623 927360
29.3647 928800
29.367 930240
29.3694 931680
29.3718 933120
29.3742 934560
29.3766 936000
29.379 937440
29.3814 938880
29.3838 940320
29.3862 941760
29.3886 943200
29.3909 944640
29.3934 946080
29.3957 947520
29.3981 948960
29.4005 950400
29.4029 951840
29.4053 953280
29.4077 954720
29.4101 956160
29.4125 957600
29.4149 959040
29.4172 960480
29.4197 961920
29.422 963360
29.4244 964800
29.4268 966240
29.4292 967680
29.4316 969120
29.434 970560
29.4364 972000
29.4388 973440
29.4412 974880
29.4436 976320
29.4459 977760
29.4483 979200
29.4507 980640
29.4531 982080
29.4555 983520
29.4579 984960
29.4603 986400
29.4627 987840
29.4651 989280
29.4674 990720
29.4698 992160
29.4722 993600
29.4746 995040
29.477 996480
29.4794 997920
29.4818 999360
29.4842 1000800
29.4866 1002240
29.489 1003680
29.4913 1005120
29.4937 1006560
29.4961 1008000
29.4985 1009440
29.5009 1010880
29.5033 1012320
29.5057 1013760
29.5081 1015200
29.5105 1016640
29.5129 1018080
29.5153 1019520
29.5177 1020960
29.52 1022400
29.5224 1023840
29.5248 1025280
29.5272 1026720
29.5296 1028160
29.532 1029600
29.5344 1031040
29.5368 1032480
29.5392 1033920
29.5415 1035360
29.5439 1036800
29.5464 1038240
29.5487 1039680
29.5511 1041120
29.5535 1042560
29.5559 1044000
29.5583 1045440
29.5607 1046880
29.5631 1048320
29.5654 1049760
29.5679 1051200
29.5702 1052640
29.5726 1054080
29.575 1055520
29.5774 1056960
29.5798 1058400
29.5822 1059840
29.5846 1061280
29.587 1062720
29.5894 1064160
29.5917 1065600
29.5941 1067040
29.5965 1068480
29.5989 1069920
29.6013 1071360
29.6037 1072800
29.6061 1074240
29.6085 1075680
29.6109 1077120
29.6133 1078560
29.6156 1080000
29.618 1081440
29.6204 1082880
29.6228 1084320
29.6252 1085760
29.6276 1087200
29.63 1088640
29.6324 1090080
29.6348 1091520
29.6372 1092960
29.6396 1094400
29.642 1095840
29.6443 1097280
29.6467 1098720
29.6491 1100160
29.6515 1101600
29.6539 1103040
29.6563 1104480
29.6587 1105920
29.6611 1107360
29.6635 1108800
29.6658 1110240
29.6682 1111680
29.6706 1113120
29.673 1114560
29.6754 1116000
29.6778 1117440
29.6802 1118880
29.6826 1120320
29.685 1121760
29.6874 1123200
29.6897 1124640
29.6921 1126080
29.6945 1127520
29.6969 1128960
29.6993 1130400
29.7017 1131840
29.7041 1133280
29.7065 1134720
29.7089 1136160
29.7113 1137600
29.7137 1139040
29.716 1140480
29.716 1141920
29.7352 1143360
29.7543 1144800
29.7734 1146240
29.7925 1147680
29.8117 1149120
29.8308 1150560
29.8499 1152000
29.869 1153440
29.8882 1154880
29.9384 1156320
29.9581 1157760
29.9772 1159200
29.9963 1160640
30.0131 1162080
30.0322 1163520
30.0489 1164960
30.068 1166400
30.0848 1167840
30.1039 1169280
30.123 1170720
30.319 1172160
30.4774 1173600
30.4917 1175040
30.5061 1176480
30.5204 1177920
30.5348 1179360
30.5491 1180800
30.5634 1182240
30.5778 1183680
30.5921 1185120
30.6065 1186560
30.6208 1188000
30.6352 1189440
30.6495 1190880
30.6638 1192320
30.6782 1193760
30.6949 1195200
30.7116 1196640
30.7284 1198080
30.7451 1199520
30.7618 1200960
30.7786 1202400
30.7953 1203840
30.812 1205280
30.8288 1206720
30.8455 1208160
30.8622 1209600
30.879 1211040
30.8957 1212480
30.9124 1213920
30.9292 1215360
30.9459 1216800
30.9627 1218240
30.9794 1219680
30.9961 1221120
31.0129 1222560
31.0296 1224000
31.0463 1225440
31.0631 1226880
31.0798 1228320
31.0965 1229760
31.1133 1231200
31.13 1232640
31.1491 1234080
31.1682 1235520
31.1873 1236960
31.2065 1238400
31.2101 1238400
31.2101 989280
34.2058 989280
34.2058 790560
35.0424 792000
35.0592 793440
35.0759 794880
35.0927 796320
35.1094 797760
35.1261 799200
35.1428 800640
35.1596 802080
35.1763 803520
35.193 804960
35.2098 806400
35.2289 807840
35.248 809280
35.2671 810720
35.2863 812160
35.3054 813600
35.3245 815040
35.3437 816480
35.3628 817920
35.3819 819360
35.401 820800
35.4201 822240
35.4393 823680
35.4584 825120
35.4775 826560
35.4966 828000
35.5157 829440
35.5373 830880
35.5588 832320
35.5803 833760
35.6018 835200
35.6233 836640
35.6448 838080
35.6663 839520
35.6879 840960
35.7094 842400
35.7309 843840
35.7524 845280
35.7739 846720
35.7954 848160
35.8169 849600
35.8385 851040
35.86 852480
35.8815 853920
35.903 855360
35.9269 856800
35.9508 858240
35.9747 859680
35.9986 861120
36.0225 862560
36.0464 864000
36.0727 865440
36.099 866880
36.1253 868320
36.1516 869760
36.1779 871200
36.2042 872640
36.2305 874080
36.2568 875520
36.2831 876960
36.3094 878400
36.3357 879840
36.3619 881280
36.3882 882720
36.4145 884160
36.4432 885600
36.4719 887040
36.5006 888480
36.5317 889920
36.5628 891360
36.5938 892800
36.6249 894240
36.656 895680
36.687 897120
36.7181 898560
36.7516 900000
36.785 901440
36.8185 902880
36.852 904320
36.8854 905760
36.9189 907200
36.9524 908640
36.9858 910080
37.0217 911520
37.0576 912960
37.091 914400
37.1269 915840
37.1627 917280
37.1986 918720
37.2344 920160
37.2727 921600
37.3109 923040
37.3492 924480
37.3874 925920
37.4281 927360
37.4687 928800
37.5093 930240
37.55 931680
37.593 933120
37.636 934560
37.6791 936000
37.7245 937440
37.7699 938880
37.8153 940320
37.8631 941760
37.9109 943200
37.9587 944640
38.0089 946080
38.0591 947520
38.1093 948960
38.1619 950400
38.2169 951840
38.2719 953280
38.3292 954720
38.3866 956160
38.444 957600
38.5061 959040
38.5683 960480
38.6352 961920
38.7022 963360
38.7715 964800
38.8456 966240
38.9197 967680
39.0009 969120
39.0822 970560
39.1731 972000
39.2639 973440
39.3667 974880
39.4695 976320
39.5866 977760
39.7037 979200
39.84 980640
40.0198 982080
40.1854 983520
40.3987 984960
40.8087 986400
41.2198 987840
42.1479 989280
43.0682 990720
43.5248 992160
43.8911 993600
44.1092 995040
44.2748 996480
44.4445 997920
44.5837 999360
44.7146 1000800
44.9052 1002240
45.0779 1003680
45.1771 1005120
45.2584 1006560
45.3343 1008000
45.4096 1009440
45.4819 1010880
45.5703 1012320
45.6361 1013760
45.706 1015200
45.7693 1016640
45.8267 1018080
45.8942 1019520
46.003 1020960
46.098 1022400
46.1942 1023840
46.2887 1025280
46.3353 1026720
46.3807 1028160
46.4249 1029600
46.4655 1031040
46.511 1032480
46.5522 1033920
46.5928 1035360
46.6317 1036800
46.6771 1038240
46.7141 1039680
46.7673 1041120
46.8038 1042560
46.8408 1044000
46.8779 1045440
46.9203 1046880
46.9639 1048320
46.9956 1049760
47.0267 1051200
47.0369 1051200
47.0369 839520
48.2621 839520
48.2621 1440
48.2662 2880
48.4024 4320
48.4036 5760
48.4126 7200
48.4138 8640
48.4197 10080
48.4209 11520
48.4245 12960
48.4257 14400
48.4646 15840
48.4885 17280
48.5464 18720
48.5488 20160
48.55 21600
48.5733 23040
48.602 24480
48.6235 25920
48.6379 27360
48.66 28800
48.6612 30240
48.6648 31680
48.6964 33120
48.7114 34560
48.7281 36000
48.7418 37440
48.7442 38880
48.7807 40320
48.8094 41760
48.8226 43200
48.8417 44640
48.8644 46080
48.8883 47520
48.8942 48960
48.9301 50400
48.942 51840
48.9468 53280
48.9504 54720
48.9731 56160
49.0239 57600
49.0323 59040
49.1094 60480
49.1243 61920
49.2378 63360
49.2402 64800
49.2426 66240
49.245 67680
49.2474 69120
49.2498 70560
49.2522 72000
49.2545 73440
49.2569 74880
49.2593 76320
49.2623 77760
49.2647 79200
49.2671 80640
49.2695 82080
49.2719 83520
49.2743 84960
49.2767 86400
49.279 87840
49.2814 89280
49.2838 90720
49.2862 92160
49.2886 93600
49.291 95040
49.2934 96480
49.2958 97920
49.2982 99360
49.3006 100800
49.3029 102240
49.3054 103680
50.5384 103680
50.5384 1440
51.1842 2880
51.7944 4320
52.4739 5760
53.1258 7200
53.1282 8640
53.8107 10080
53.8119 11520
53.8143 12960
53.8167 14400
54.5224 15840
54.526 17280
54.5284 18720
54.5308 20160
54.5332 21600
55.2527 23040
55.2551 24480
55.2575 25920
55.2599 27360
55.2622 28800
55.2646 30240
55.267 31680
55.2694 33120
55.9931 34560
55.9955 36000
55.9979 37440
56.0003 38880
56.0027 40320
56.0051 41760
56.0074 43200
56.0098 44640
56.011 46080
56.0361 47520
56.0457 48960
56.048 50400
56.2492 51840
56.7568 53280
56.7592 54720
56.7616 56160
56.764 57600
56.7664 59040
56.7688 60480
56.7711 61920
56.7735 63360
56.7759 64800
56.7783 66240
56.7807 67680
56.7831 69120
56.7867 70560
56.7951 72000
56.7986 73440
56.8016 74880
56.804 76320
57.006 77760
57.5158 79200
57.5181 80640
57.5205 82080
57.5229 83520
57.5349 84960
57.5468 86400
57.5642 87840
57.7787 89280
58.2968 90720
58.3088 92160
58.3231 93600
58.3398 95040
58.5578 96480
59.0958 97920
59.1173 99360
59.146 100800
59.9331 102240
60.8014 103680
61.7217 105120
62.2222 106560
62.6963 108000
62.7292 109440
62.9531 110880
63.7183 112320
63.7296 113760
63.7439 115200
63.7559 116640
63.769 118080
63.7864 119520
63.8025 120960
64.0834 122400
64.326 123840
64.8477 125280
64.8531 126720
64.8596 128160
64.8644 129600
64.8722 131040
64.8824 132480
64.8895 133920
64.8967 135360
64.9069 136800
64.9146 138240
64.923 139680
64.9302 141120
64.9397 142560
65.1481 144000
65.2559 145440
65.463 146880
65.7122 148320
66.0728 149760
66.0776 151200
66.0824 152640
66.0889 154080
66.0937 155520
66.0985 156960
66.1068 158400
66.1116 159840
66.1164 161280
66.1236 161280
66.1236 128160
68.4536 129600
68.4674 131040
68.6562 132480
68.8767 133920
69.5412 135360
69.5514 136800
69.5627 138240
69.5723 139680
69.5861 141120
69.5986 142560
69.6219 144000
69.6363 145440
69.7426 146880
70.0552 148320
70.6922 149760
70.7119 151200
70.7311 152640
70.7639 154080
70.7902 155520
71.6787 156960
71.9543 158400
72.1235 158400
72.1235 125280
73.2571 125280
73.2571 1440
73.2948 2880
74.1631 4320
74.181 5760
74.2157 7200
74.218 8640
74.2204 10080
74.2228 11520
74.2252 12960
74.2276 14400
74.2306 15840
74.233 17280
74.2354 18720
74.2467 20160
74.2509 21600
74.2533 23040
74.2557 24480
74.2587 25920
74.2611 27360
74.2635 28800
74.2659 30240
74.2682 31680
74.2706 33120
74.2736 34560
74.276 36000
74.2784 37440
74.2808 38880
75.4246 40320
75.427 41760
75.4294 43200
75.4318 44640
75.4342 46080
75.4366 47520
75.4389 48960
75.4413 50400
75.4437 51840
75.4461 53280
75.4485 54720
75.4509 56160
75.4533 57600
75.6545 59040
76.4662 60480
76.4698 61920
76.4722 63360
76.4752 64800
76.4776 66240
76.48 67680
76.4841 69120
76.4871 70560
76.4895 72000
76.4925 73440
76.4949 74880
76.4973 76320
76.4997 77760
76.5027 79200
76.5051 80640
76.5086 82080
76.5134 83520
76.5158 84960
76.5188 86400
76.72 87840
76.7268 89280
77.6017 90720
77.6064 92160
77.6088 93600
77.6124 95040
77.6148 96480
77.6172 97920
77.6196 99360
77.6196 100800
77.6327 102240
77.6471 103680
77.6638 105120
77.8861 106560
78.8118 108000
78.8225 109440
78.8321 110880
78.8441 112320
78.856 113760
78.8704 115200
79.0859 116640
80.0381 118080
80.062 119520
80.0883 120960
80.1086 120960
80.1086 96480
81.6187 97920
82.0412 99360
82.0508 100800
82.0603 102240
82.0723 103680
82.0866 105120
82.101 106560
82.7231 108000
83.1522 109440
83.1641 110880
83.1784 112320
83.1952 113760
83.2143 115200
83.9989 116640
84.033 118080
84.3928 119520
85.2945 120960
86.2172 122400
86.7575 123840
86.7933 125280
87.1531 126720
87.6706 128160
87.685 129600
87.7017 131040
87.7184 132480
87.7375 133920
87.762 135360
88.3021 136800
88.619 138240
88.6262 139680
88.6333 141120
88.6447 142560
88.6543 144000
88.6638 145440
88.6734 146880
88.6829 148320
88.6949 149760
88.7068 151200
88.9176 152640
89.0558 154080
89.5775 155520
89.5835 156960
89.5883 158400
89.5931 159840
89.5979 161280
89.6056 162720
89.6128 164160
89.62 165600
89.6272 167040
89.6343 168480
89.6415 169920
89.6486 171360
89.6558 172800
89.663 174240
89.6702 175680
89.6797 177120
89.6893 178560
90.0281 180000
90.2353 181440
90.5731 182880
90.5785 184320
90.5833 185760
90.5881 187200
90.5929 188640
90.5977 190080
90.6025 191520
90.6072 192960
90.612 194400
90.6168 195840
90.6215 197280
90.6263 198720
90.6311 200160
90.6359 201600
90.6407 203040
90.6454 204480
90.6502 205920
90.655 207360
90.6598 208800
90.6646 210240
90.6717 211680
90.6789 213120
90.6861 214560
90.6933 216000
90.7005 217440
90.9064 218880
91.0464 220320
91.0518 221760
91.2634 223200
91.6201 224640
91.6255 226080
91.6303 227520
91.6351 228960
91.6398 230400
91.6446 231840
91.6494 233280
91.6542 234720
91.659 236160
91.6638 237600
91.6685 239040
91.6733 240480
91.6781 241920
91.6829 243360
91.6877 244800
91.6925 246240
91.6972 247680
91.702 249120
91.7068 250560
91.7116 252000
91.7163 253440
91.7211 254880
91.7259 256320
91.7307 257760
91.7355 259200
91.7402 260640
91.745 262080
91.7498 263520
91.7546 264960
91.7594 266400
91.7642 267840
91.7689 269280
91.7737 270720
91.7785 272160
91.9817 273600
92.1293 275040
92.1341 276480
92.3376 277920
92.36 279360
92.7412 280800
92.7472 282240
92.752 283680
92.7568 285120
92.7616 286560
92.7663 288000
92.7711 289440
92.7759 290880
92.7807 292320
92.7854 293760
92.7902 295200
92.795 296640
92.7998 298080
92.8046 299520
92.8094 300960
92.8141 302400
92.8189 303840
92.8237 305280
92.8285 306720
92.8333 308160
92.838 309600
92.8428 311040
92.8476 312480
92.8524 313920
92.8572 315360
92.8619 316800
92.8667 318240
92.8715 319680
92.8763 321120
92.8811 322560
92.8858 324000
92.8906 325440
92.8954 326880
92.9002 328320
92.905 329760
92.9097 331200
92.9145 332640
92.9193 334080
92.9241 335520
92.9289 336960
92.9337 338400
92.9384 339840
92.9432 341280
93.1416 342720
93.2946 344160
93.2994 345600
93.503 347040
93.5372 348480
93.5486 349920
93.9484 351360
93.9549 352800
93.9598 354240
93.9645 355680
93.9693 357120
93.9741 358560
93.9789 360000
93.9837 361440
93.9884 362880
93.9932 364320
93.998 365760
94.0028 367200
94.0075 368640
94.0123 370080
94.0171 371520
94.0219 372960
94.0267 374400
94.0314 375840
94.0362 377280
94.041 378720
94.0458 380160
94.0506 381600
94.0553 383040
94.0601 384480
94.0649 385920
94.0697 387360
94.0745 388800
94.0792 390240
94.084 391680
94.0888 393120
94.0936 394560
94.0984 396000
94.1032 397440
94.1079 398880
94.1127 400320
94.1175 401760
94.1223 403200
94.1271 404640
94.1318 406080
94.1366 407520
94.1414 408960
94.1462 410400
94.151 411840
94.1558 413280
94.1605 414720
94.1653 416160
94.1701 417600
94.1749 419040
94.1796 420480
94.1844 421920
94.188 421920
94.188 336960
96.5091 338400
96.5264 339840
97.3296 341280
97.3392 342720
97.3487 344160
97.3595 345600
97.369 347040
97.3786 348480
97.3882 349920
97.4013 351360
97.4133 352800
97.4264 354240
97.4384 355680
97.4503 357120
97.4623 358560
97.4742 360000
97.4886 361440
97.5041 362880
97.5196 364320
97.534 365760
97.5483 367200
97.5662 368640
97.5842 370080
97.6021 371520
97.6188 372960
97.638 374400
98.0814 375840
98.0987 377280
98.116 378720
98.1328 380160
98.1495 381600
98.1686 383040
98.1877 384480
98.2069 385920
98.2284 387360
98.2499 388800
98.2738 390240
98.2977 391680
98.324 393120
98.3557 394560
98.3993 396000
98.8768 397440
98.9043 398880
98.9353 400320
98.964 401760
98.9969 403200
99.0405 404640
99.0794 406080
99.1278 407520
99.1792 408960
99.7074 410400
99.757 411840
99.8132 413280
99.8927 414720
99.9674 416160
100.077 417600
