0.0 0
0.0301987 1440
0.0301987 1440
0.0628553 2880
0.0967027 4320
0.13055 5760
0.163453 7200
0.165843 8640
0.197898 10080
0.200288 11520
0.202679 12960
0.232343 14400
0.234733 15840
0.237124 17280
0.239514 18720
0.265614 20160
0.268005 21600
0.270395 23040
0.272786 24480
0.275176 25920
0.277566 27360
0.299462 28800
0.301852 30240
0.304243 31680
0.306633 33120
0.309023 34560
0.311414 36000
0.313804 37440
0.316195 38880
0.318585 40320
0.333907 41760
0.336297 43200
0.338711 44640
0.341101 46080
0.343492 47520
0.345882 48960
0.348272 50400
0.350663 51840
0.353053 53280
0.355444 54720
0.357834 56160
0.360224 57600
0.362615 59040
0.365005 60480
0.370145 61920
0.373154 63360
0.375545 64800
0.377935 66240
0.380325 67680
0.382716 69120
0.385106 70560
0.387497 72000
0.389887 73440
0.392277 74880
0.394668 76320
0.397058 77760
0.399449 79200
0.401839 80640
0.404229 82080
0.40662 83520
0.40901 84960
0.411401 86400
0.413791 87840
0.416181 89280
0.418572 90720
0.420962 92160
0.423353 93600
0.425743 95040
0.428133 96480
0.430524 97920
0.432914 99360
0.435305 100800
0.437695 102240
0.440085 103680
0.442476 105120
0.444866 106560
0.447257 108000
0.449647 109440
0.452037 110880
0.454428 112320
0.456818 113760
0.459209 115200
0.461599 116640
0.463989 118080
0.46638 119520
0.46877 120960
0.471161 122400
0.473551 123840
0.475941 125280
0.478332 126720
0.480722 128160
0.483113 129600
0.485503 131040
0.487893 132480
0.490284 133920
0.492674 135360
0.495065 136800
0.497455 138240
0.499845 139680
0.502236 141120
0.504626 142560
0.507017 144000
0.509407 145440
0.511797 146880
0.514188 148320
0.516578 149760
0.518969 151200
0.521359 152640
0.523749 154080
0.52614 155520
0.52853 156960
0.530921 158400
0.533311 159840
0.535701 161280
0.538092 162720
0.540482 164160
0.542873 165600
0.545263 167040
0.547653 168480
0.550044 169920
0.552434 171360
0.554825 172800
0.557215 174240
0.559605 175680
0.561996 177120
0.564386 178560
0.566777 180000
0.569167 181440
0.571557 182880
0.573948 184320
0.576338 185760
0.578728 187200
0.581119 188640
0.583509 190080
0.5859 191520
0.58829 192960
0.59068 194400
0.593071 195840
0.595461 197280
0.597852 198720
0.600242 200160
0.602632 201600
0.605023 203040
0.607413 204480
0.609804 205920
0.612194 207360
0.614584 208800
0.616975 210240
0.619365 211680
0.621756 213120
0.624146 214560
0.626536 216000
0.628927 217440
0.631317 218880
0.633708 220320
0.636098 221760
0.638488 223200
0.640879 224640
0.643269 226080
0.64566 227520
0.64805 228960
0.65044 230400
0.652831 231840
0.655221 233280
0.657612 234720
0.660002 236160
0.662392 237600
0.664783 239040
0.667173 240480
0.669564 241920
0.671954 243360
0.674344 244800
0.676735 246240
0.679125 247680
0.681516 249120
0.683906 250560
0.686296 252000
0.688687 253440
0.691077 254880
0.693468 256320
0.695858 257760
0.698248 259200
0.700639 260640
0.703029 262080
0.70542 263520
0.70781 264960
0.7102 266400
0.712591 267840
0.714981 269280
0.717372 270720
0.719762 272160
0.722152 273600
0.724543 275040
0.726933 276480
0.729324 277920
0.731714 279360
0.734104 280800
0.736495 282240
0.738885 283680
0.741276 285120
0.743666 286560
0.746056 288000
0.748447 289440
0.750837 290880
0.753228 292320
0.755618 293760
0.758008 295200
0.760399 296640
0.762789 298080
0.76518 299520
0.76757 300960
0.76996 302400
0.772351 303840
0.774741 305280
0.777132 306720
0.779522 308160
0.781912 309600
0.784303 311040
0.786693 312480
0.789084 313920
0.791474 315360
0.793864 316800
0.796255 318240
0.798645 319680
0.801036 321120
0.803426 322560
0.805816 324000
0.808207 325440
0.810597 326880
0.812988 328320
0.815378 329760
0.817768 331200
0.820159 332640
0.822549 334080
0.824939 335520
0.82733 336960
0.82972 338400
0.832111 339840
0.834501 341280
0.836891 342720
0.839282 344160
0.841672 345600
0.844063 347040
0.846453 348480
0.848843 349920
0.851234 351360
0.853624 352800
0.856015 354240
0.858405 355680
0.860795 357120
0.863186 358560
0.865576 360000
0.867967 361440
0.870357 362880
0.872747 364320
0.875138 365760
0.877528 367200
0.879919 368640
0.882309 370080
0.884699 371520
0.88709 372960
0.88948 374400
0.891871 375840
0.894261 377280
0.896651 378720
0.899042 380160
0.901432 381600
0.903823 383040
0.906213 384480
0.908603 385920
0.910994 387360
0.913384 388800
0.915775 390240
0.918165 391680
0.920555 393120
0.922946 394560
0.925336 396000
0.927727 397440
0.930117 398880
0.932507 400320
0.934898 401760
0.937288 403200
0.939679 404640
0.942069 406080
0.944459 407520
0.94685 408960
0.94924 410400
0.951631 411840
0.954021 413280
0.956411 414720
0.958802 416160
0.961192 417600
0.963583 419040
0.965973 420480
0.968363 421920
0.970754 423360
0.973144 424800
0.975535 426240
0.977925 427680
0.980315 429120
0.982706 430560
0.985096 432000
0.987487 433440
0.989877 434880
0.992267 436320
0.994658 437760
0.997048 439200
0.999439 440640
1.00183 442080
1.00422 443520
1.00661 444960
1.009 446400
1.01139 447840
1.01378 449280
1.01617 450720
1.01856 452160
1.02095 453600
1.02334 455040
1.02573 456480
1.02812 457920
1.03051 459360
1.0329 460800
1.03529 462240
1.03768 463680
1.04008 465120
1.04247 466560
1.04486 468000
1.04725 469440
1.04964 470880
1.05203 472320
1.05442 473760
1.05681 475200
1.0592 476640
1.06159 478080
1.06398 479520
1.06637 480960
1.06876 482400
1.07115 483840
1.07354 485280
1.07593 486720
1.07832 488160
1.08071 489600
1.0831 491040
1.08549 492480
1.08788 493920
1.09027 495360
1.09266 496800
1.09505 498240
1.09744 499680
1.09984 501120
1.10223 502560
1.10462 504000
1.10701 505440
1.1094 506880
1.11179 508320
1.11418 509760
1.11657 511200
1.11896 512640
1.12135 514080
1.12374 515520
1.12613 516960
1.12852 518400
1.13091 519840
1.1333 521280
1.13569 522720
1.13808 524160
1.14047 525600
1.14286 527040
1.14525 528480
1.14764 529920
1.15003 531360
1.15242 532800
1.15481 534240
1.1572 535680
1.1596 537120
1.16199 538560
1.16438 540000
1.16677 541440
1.16916 542880
1.17155 544320
1.17394 545760
1.17633 547200
1.17872 548640
1.18111 550080
1.1835 551520
1.18589 552960
1.18828 554400
1.19067 555840
1.19306 557280
1.19545 558720
1.19784 560160
1.20023 561600
1.20262 563040
1.20501 564480
1.2074 565920
1.20979 567360
1.21218 568800
1.21457 570240
1.21696 571680
1.21936 573120
1.22175 574560
1.22414 576000
1.22653 577440
1.22892 578880
1.23131 580320
1.2337 581760
1.23609 583200
1.23848 584640
1.24087 586080
1.24326 587520
1.24565 588960
1.24804 590400
1.25043 591840
1.25282 593280
1.25521 594720
1.2576 596160
1.25999 597600
1.26238 599040
1.26477 600480
1.26716 601920
1.26955 603360
1.27194 604800
1.27433 606240
1.27672 607680
1.27912 609120
1.28151 610560
1.2839 612000
1.28629 613440
1.28868 614880
1.29107 616320
1.29346 617760
1.29585 619200
1.29824 620640
1.30063 622080
1.30302 623520
1.30541 624960
1.3078 626400
1.31019 627840
1.31258 629280
1.31497 630720
1.31736 632160
1.31975 633600
1.32214 635040
1.32453 636480
1.32692 637920
1.32931 639360
1.3317 640800
1.33409 642240
1.33648 643680
1.33888 645120
1.34127 646560
1.34366 648000
1.34605 649440
1.34844 650880
1.35083 652320
1.35322 653760
1.35561 655200
1.358 656640
1.36039 658080
1.36278 659520
1.36517 660960
1.36756 662400
1.36995 663840
1.37234 665280
1.37473 666720
1.37712 668160
1.37951 669600
1.3819 671040
1.38429 672480
1.38668 673920
1.38907 675360
1.39146 676800
1.39385 678240
1.39624 679680
1.39864 681120
1.40103 682560
1.40342 684000
1.40581 685440
1.4082 686880
1.41059 688320
1.41298 689760
1.41537 691200
1.41776 692640
1.42015 694080
1.42254 695520
1.42493 696960
1.42732 698400
1.42971 699840
1.4321 701280
1.43449 702720
1.43688 704160
1.43927 705600
1.44166 707040
1.44405 708480
1.44644 709920
1.44883 711360
1.45122 712800
1.45361 714240
1.456 715680
1.45839 717120
1.46079 718560
1.46318 720000
1.46557 721440
1.46796 722880
1.47035 724320
1.47274 725760
1.47513 727200
1.47752 728640
1.47991 730080
1.4823 731520
1.48469 732960
1.48708 734400
1.48947 735840
1.49186 737280
1.49425 738720
1.49664 740160
1.49903 741600
1.50142 743040
1.50381 744480
1.5062 745920
1.50859 747360
1.51098 748800
1.51337 750240
1.51576 751680
1.51815 753120
1.52055 754560
1.52294 756000
1.52533 757440
1.52772 758880
1.53011 760320
1.5325 761760
1.53489 763200
1.53728 764640
1.53967 766080
1.54206 767520
1.54445 768960
1.54684 770400
1.54923 771840
1.55162 773280
1.55401 774720
1.5564 776160
1.55879 777600
1.56118 779040
1.56357 780480
1.56596 781920
1.56835 783360
1.57074 784800
1.57313 786240
1.57552 787680
1.57791 789120
1.58031 790560
1.5827 792000
1.58509 793440
1.58748 794880
1.58987 796320
1.59226 797760
1.59465 799200
1.59704 800640
1.59943 802080
1.60182 803520
1.60421 804960
1.6066 806400
1.60899 807840
1.61138 809280
1.61377 810720
1.61616 812160
1.61855 813600
1.62094 815040
1.62333 816480
1.62572 817920
1.62811 819360
1.6305 820800
1.63289 822240
1.63528 823680
1.63767 825120
1.64007 826560
1.64246 828000
1.64485 829440
1.64724 830880
1.64963 832320
1.65202 833760
1.65441 835200
1.6568 836640
1.65919 838080
1.66158 839520
1.66397 840960
1.66636 842400
1.66875 843840
1.67114 845280
1.67353 846720
1.67592 848160
1.67831 849600
1.6807 851040
1.68309 852480
1.68548 853920
1.68787 855360
1.69026 856800
1.69265 858240
1.69504 859680
1.69743 861120
1.69983 862560
1.70222 864000
1.70461 865440
1.707 866880
1.70939 868320
1.71178 869760
1.71417 871200
1.71656 872640
1.71895 874080
1.72134 875520
1.72373 876960
1.72612 878400
1.72851 879840
1.7309 881280
1.73329 882720
1.73568 884160
1.73807 885600
1.74046 887040
1.74285 888480
1.74524 889920
1.74763 891360
1.75002 892800
1.75241 894240
1.7548 895680
1.75719 897120
1.75959 898560
1.76198 900000
1.76437 901440
1.76676 902880
1.76915 904320
1.77154 905760
1.77393 907200
1.77632 908640
1.77871 910080
1.7811 911520
1.78349 912960
1.78588 914400
1.78827 915840
1.79066 917280
1.79305 918720
1.79544 920160
1.79783 921600
1.80022 923040
1.80261 924480
1.805 925920
1.80739 927360
1.80978 928800
1.81217 930240
1.81456 931680
1.81695 933120
1.81935 934560
1.82174 936000
1.82413 937440
1.82652 938880
1.82891 940320
1.8313 941760
1.83369 943200
1.83608 944640
1.83847 946080
1.84086 947520
1.84325 948960
1.84564 950400
1.84803 951840
1.85042 953280
1.85281 954720
1.8552 956160
1.85759 957600
1.85998 959040
1.86237 960480
1.86476 961920
1.86715 963360
1.86954 964800
1.87193 966240
1.87432 967680
1.87671 969120
1.87911 970560
1.8815 972000
1.88389 973440
1.88628 974880
1.88867 976320
1.89106 977760
1.89345 979200
1.89584 980640
1.89823 982080
1.90062 983520
1.90301 984960
1.9054 986400
1.90779 987840
1.91018 989280
1.91257 990720
1.91496 992160
1.91735 993600
1.91974 995040
1.92213 996480
1.92453 997920
1.92691 999360
1.9293 1000800
1.93169 1002240
1.93408 1003680
1.93647 1005120
1.93886 1006560
1.94126 1008000
1.94365 1009440
1.94604 1010880
1.94843 1012320
1.95082 1013760
1.95321 1015200
1.9556 1016640
1.95799 1018080
1.96038 1019520
1.96277 1020960
1.96516 1022400
1.96755 1023840
1.96994 1025280
1.97233 1026720
1.97472 1028160
1.97711 1029600
1.9795 1031040
1.98189 1032480
1.98428 1033920
1.98667 1035360
1.98906 1036800
1.99145 1038240
1.99384 1039680
1.99623 1041120
1.99862 1042560
2.00102 1044000
2.00341 1045440
2.0058 1046880
2.00819 1048320
2.01058 1049760
2.01297 1051200
2.01536 1052640
2.01775 1054080
2.02014 1055520
2.02253 1056960
2.02492 1058400
2.02731 1059840
2.0297 1061280
2.03209 1062720
2.03448 1064160
2.03687 1065600
2.03926 1067040
2.04165 1068480
2.04404 1069920
2.04643 1071360
2.04882 1072800
2.05121 1074240
2.0536 1075680
2.05599 1077120
2.05838 1078560
2.06078 1080000
2.06317 1081440
2.06556 1082880
2.06795 1084320
2.07034 1085760
2.07273 1087200
2.07512 1088640
2.07751 1090080
2.0799 1091520
2.08229 1092960
2.08468 1094400
2.08707 1095840
2.08946 1097280
2.09185 1098720
2.09424 1100160
2.09663 1101600
2.09902 1103040
2.10141 1104480
2.1038 1105920
2.10619 1107360
2.10858 1108800
2.11097 1110240
2.11336 1111680
2.11575 1113120
2.11814 1114560
2.12054 1116000
2.12293 1117440
2.12532 1118880
2.12771 1120320
2.1301 1121760
2.13249 1123200
2.13488 1124640
2.13727 1126080
2.13966 1127520
2.14205 1128960
2.14444 1130400
2.14683 1131840
2.14922 1133280
2.15161 1134720
2.154 1136160
2.15639 1137600
2.15878 1139040
2.16117 1140480
2.16356 1141920
2.16595 1143360
2.16834 1144800
2.17073 1146240
2.17312 1147680
2.17551 1149120
2.1779 1150560
2.1803 1152000
2.18269 1153440
2.18508 1154880
2.18747 1156320
2.18986 1157760
2.19225 1159200
2.19464 1160640
2.19703 1162080
2.19942 1163520
2.20181 1164960
2.2042 1166400
2.20659 1167840
2.20898 1169280
2.21137 1170720
2.21376 1172160
2.21615 1173600
2.21854 1175040
2.22093 1176480
2.22332 1177920
2.22571 1179360
2.2281 1180800
2.23049 1182240
2.23288 1183680
2.23527 1185120
2.23766 1186560
2.24006 1188000
2.24245 1189440
2.24484 1190880
2.24723 1192320
2.24962 1193760
2.25201 1195200
2.2544 1196640
2.25679 1198080
2.25918 1199520
2.26157 1200960
2.26396 1202400
2.26635 1203840
2.26874 1205280
2.27113 1206720
2.27352 1208160
2.27591 1209600
2.2783 1211040
2.28069 1212480
2.28308 1213920
2.28547 1215360
2.28786 1216800
2.29025 1218240
2.29264 1219680
2.29503 1221120
2.29742 1222560
2.29982 1224000
2.30221 1225440
2.3046 1226880
2.30699 1228320
2.30938 1229760
2.31177 1231200
2.31416 1232640
2.31655 1234080
2.31894 1235520
2.32133 1236960
2.32372 1238400
2.32611 1239840
2.3285 1241280
2.33089 1242720
2.33328 1244160
2.33567 1245600
2.33806 1247040
2.34045 1248480
2.34284 1249920
2.34523 1251360
2.34762 1252800
2.35001 1254240
2.3524 1255680
2.35479 1257120
2.35718 1258560
2.35958 1260000
2.36197 1261440
2.36436 1262880
2.36675 1264320
2.36914 1265760
2.37153 1267200
2.37392 1268640
2.37631 1270080
2.3787 1271520
2.38109 1272960
2.38348 1274400
2.38587 1275840
2.38826 1277280
2.39065 1278720
2.39304 1280160
2.39543 1281600
2.39782 1283040
2.40021 1284480
2.4026 1285920
2.40499 1287360
2.40738 1288800
2.40977 1290240
2.41216 1291680
2.41455 1293120
2.41694 1294560
2.41933 1296000
2.42173 1297440
2.42412 1298880
2.42651 1300320
2.4289 1301760
2.43129 1303200
2.43368 1304640
2.43607 1306080
2.43846 1307520
2.44085 1308960
2.44324 1310400
2.44563 1311840
2.44802 1313280
2.45163 1313280
2.45163 1049760
4.36478 1049760
4.36478 1440
4.99862 2880
5.0763 4320
5.13901 5760
5.21252 7200
5.34518 8640
5.34757 10080
5.44917 11520
5.45156 12960
5.45395 14400
5.45634 15840
5.58661 17280
5.59139 18720
5.59379 20160
5.59857 21600
5.73542 23040
5.74199 24480
5.89019 25920
5.89258 27360
5.90812 28800
6.05752 30240
6.06111 31680
6.0635 33120
6.06589 34560
6.07665 36000
6.07964 37440
6.25234 38880
6.25473 40320
6.25712 41760
6.2631 43200
6.26788 44640
6.27027 46080
6.27266 47520
6.27505 48960
6.27744 50400
6.27983 51840
6.48182 53280
6.52245 54720
6.85532 56160
6.8583 57600
6.8607 59040
6.86309 60480
6.86548 61920
6.86787 63360
6.87026 64800
6.87265 66240
6.87623 67680
6.87862 69120
6.88101 70560
6.8834 72000
6.88579 73440
6.88699 74880
6.88938 76320
6.89177 77760
6.89954 79200
6.90193 80640
6.90432 82080
7.07822 83520
7.07942 84960
7.08061 86400
7.08181 87840
7.083 89280
7.0842 90720
7.08539 92160
7.08659 93600
7.08778 95040
7.09017 96480
7.09137 97920
7.09256 99360
7.09376 100800
7.09854 102240
7.10093 103680
7.10571 105120
7.10691 106560
7.1093 108000
7.11049 109440
7.11169 110880
7.11766 112320
7.11886 113760
7.12244 115200
7.12364 116640
7.12603 118080
7.12722 119520
7.13081 120960
7.13798 122400
7.13918 123840
7.15232 125280
7.1583 126720
7.16189 128160
7.16308 129600
7.16428 131040
7.16547 132480
7.41646 133920
7.41766 135360
7.41945 136800
7.42423 138240
7.42782 139680
7.4314 141120
7.4326 142560
7.43379 144000
7.43857 145440
7.43977 146880
7.44096 148320
7.44216 149760
7.44335 151200
7.44455 152640
7.44814 154080
7.44933 155520
7.45053 156960
7.45531 158400
7.4565 159840
7.4577 161280
7.45889 162720
7.46427 164160
7.46786 165600
7.47144 167040
7.4816 168480
7.4828 169920
7.48399 171360
7.48937 172800
7.49056 174240
7.49176 175680
7.49774 177120
7.50132 178560
7.50252 180000
7.51268 181440
7.51387 182880
7.51566 184320
7.53539 185760
7.53658 187200
7.53778 188640
7.54375 190080
7.54734 191520
7.55032 192960
7.55271 194400
7.55511 195840
7.5575 197280
7.55989 198720
7.81985 200160
7.82224 201600
7.82463 203040
7.82702 204480
7.82941 205920
7.8318 207360
7.83299 208800
7.83419 210240
7.83658 211680
7.83777 213120
7.83897 214560
7.84136 216000
7.84375 217440
7.84733 218880
7.84853 220320
7.85211 221760
7.8557 223200
7.85928 224640
7.86287 226080
7.86526 227520
7.86765 228960
7.86884 230400
7.87004 231840
7.87245 233280
7.87363 234720
7.87602 236160
7.8808 237600
7.882 239040
7.88319 240480
7.88797 241920
7.88917 243360
7.89036 244800
7.89514 246240
7.89992 247680
7.90112 249120
7.90231 250560
7.9047 252000
7.90709 253440
7.90948 254880
7.91068 256320
7.91426 257760
7.91785 259200
7.91904 260640
7.92024 262080
7.92502 263520
7.9298 264960
7.931 266400
7.93219 267840
7.93697 269280
7.93817 270720
7.93936 272160
7.94176 273600
7.94415 275040
7.94534 276480
7.94893 277920
7.95012 279360
7.96506 280800
7.96625 282240
7.96864 283680
7.96984 285120
7.97104 286560
7.97223 288000
7.97581 289440
7.9794 290880
7.98179 292320
7.98538 293760
7.98896 295200
7.99135 296640
7.99613 298080
7.99733 299520
7.99852 300960
7.99972 302400
8.2537 303840
8.2549 305280
8.25609 306720
8.25968 308160
8.26326 309600
8.27043 311040
8.2776 312480
8.27999 313920
8.28358 315360
8.28477 316800
8.28716 318240
8.28836 319680
8.28955 321120
8.29075 322560
8.29194 324000
8.29434 325440
8.30032 326880
8.30151 328320
8.30271 329760
8.3039 331200
8.3051 332640
8.30868 334080
8.31107 335520
8.31824 336960
8.32302 338400
8.32422 339840
8.32541 341280
8.33019 342720
8.33139 344160
8.33258 345600
8.33497 347040
8.33736 348480
8.33856 349920
8.34214 351360
8.34573 352800
8.34931 354240
8.3541 355680
8.35768 357120
8.35888 358560
8.36366 360000
8.36605 361440
8.37083 362880
8.37203 364320
8.37442 365760
8.37681 367200
8.378 368640
8.38039 370080
8.38398 371520
8.38637 372960
8.38995 374400
8.39115 375840
8.39234 377280
8.39593 378720
8.39832 380160
8.4019 381600
8.4031 383040
8.40549 384480
8.40668 385920
8.41027 387360
8.41266 388800
8.41505 390240
8.41744 391680
8.427 393120
8.4282 394560
8.4294 396000
8.43059 397440
8.43417 398880
8.43656 400320
8.43895 401760
8.44015 403200
8.44254 404640
8.44493 406080
8.44613 407520
8.44732 408960
8.44852 410400
8.4521 411840
8.4533 413280
8.45569 414720
8.46405 416160
8.75268 417600
9.02997 419040
9.03117 420480
9.03234 421920
9.15783 423360
9.16022 424800
9.16261 426240
9.165 427680
9.16739 429120
9.16978 430560
9.17217 432000
9.17456 433440
9.17695 434880
9.17934 436320
9.18173 437760
9.18412 439200
9.18651 440640
9.1889 442080
9.19129 443520
9.19368 444960
9.19607 446400
9.19846 447840
9.20085 449280
9.20324 450720
9.20563 452160
9.20802 453600
9.21041 455040
9.2128 456480
9.21519 457920
9.21758 459360
9.21998 460800
9.22237 462240
9.22476 463680
9.22715 465120
9.22954 466560
9.23193 468000
9.23432 469440
9.23671 470880
9.2391 472320
9.24149 473760
9.24388 475200
9.24627 476640
9.24866 478080
9.25105 479520
9.25344 480960
9.25583 482400
9.25822 483840
9.26061 485280
9.263 486720
9.26539 488160
9.26778 489600
9.27017 491040
9.27256 492480
9.27495 493920
9.27734 495360
9.27974 496800
9.28213 498240
9.28452 499680
9.28691 501120
9.2893 502560
9.29169 504000
9.29408 505440
9.29647 506880
9.29886 508320
9.30125 509760
9.30364 511200
9.30603 512640
9.30842 514080
9.31081 515520
9.3132 516960
9.31559 518400
9.31798 519840
9.32037 521280
9.32276 522720
9.32515 524160
9.32754 525600
9.32993 527040
9.33232 528480
9.33471 529920
9.3371 531360
9.3395 532800
9.34189 534240
9.34428 535680
9.34667 537120
9.34906 538560
9.35145 540000
9.35384 541440
9.35623 542880
9.35862 544320
9.36101 545760
9.36467 545760
9.36467 436320
10.1463 437760
10.2216 439200
10.2789 440640
10.3309 442080
10.3775 443520
10.4552 444960
10.4911 446400
10.5293 447840
10.5861 449280
10.6238 450720
10.6632 452160
10.705 453600
10.7409 455040
10.7767 456480
10.812 457920
10.8467 459360
10.8801 460800
10.913 462240
10.9482 463680
11.0205 465120
11.0564 466560
11.1102 468000
11.1341 469440
11.1544 470880
11.1759 472320
11.1986 473760
11.2189 475200
11.2428 476640
11.2673 478080
11.2919 479520
11.3175 480960
11.3385 482400
11.36 483840
11.3839 485280
11.4084 486720
11.4311 488160
11.4574 489600
11.4843 491040
11.5536 492480
11.5877 493920
11.6462 495360
11.6863 496800
11.7191 498240
11.7538 499680
11.7867 501120
11.8237 502560
11.8602 504000
11.8954 505440
11.9319 506880
11.9689 508320
12.0042 509760
12.0425 511200
12.1267 512640
12.1769 514080
12.2576 515520
12.309 516960
12.3592 518400
12.4249 519840
12.4811 521280
12.5366 522720
12.5928 524160
12.6508 525600
12.765 527040
12.8683 528480
12.9406 529920
13.0273 531360
13.1044 532800
13.1887 534240
13.3237 535680
13.4785 537120
13.5926 538560
13.7366 540000
13.9434 541440
14.1741 542880
14.4514 544320
15.0908 545760
16.6428 547200
17.2069 548640
17.4651 548640
17.4651 437760
18.6788 439200
18.7027 440640
18.7541 442080
18.7756 443520
18.7983 444960
18.8276 446400
18.8539 447840
18.8802 449280
18.9035 450720
18.9298 452160
18.9561 453600
18.9812 455040
19.0606 456480
19.0899 457920
19.1252 459360
19.1849 460800
19.2244 462240
19.2477 463680
19.2853 465120
19.3331 466560
19.3553 468000
19.3768 469440
19.4132 470880
19.4437 472320
19.473 473760
19.4981 475200
19.5286 476640
19.5566 478080
19.5859 479520
19.6696 480960
19.7037 482400
19.7479 483840
19.8124 485280
19.8495 486720
19.8895 488160
19.9391 489600
19.9654 491040
19.9917 492480
20.0347 493920
20.0712 495360
20.1052 496800
20.1423 498240
20.1787 499680
20.2116 501120
20.3102 502560
20.3646 504000
20.4351 505440
20.4853 506880
20.5343 508320
20.5899 509760
20.6234 511200
20.6682 512640
20.7208 514080
20.7626 515520
20.811 516960
20.8576 518400
20.9706 519840
21.0369 521280
21.1373 522720
21.2024 524160
21.2718 525600
21.3249 527040
21.4008 528480
21.4666 529920
21.5359 531360
21.6751 532800
21.7958 534240
21.8777 534240
21.8777 426240
23.0179 427680
23.0735 429120
23.1082 430560
23.1273 432000
23.1865 433440
23.2163 434880
23.2414 436320
23.2618 437760
23.2833 439200
23.3078 440640
23.3335 442080
23.355 443520
23.3813 444960
23.4058 446400
23.4942 447840
23.5283 449280
23.5564 450720
23.597 452160
23.6568 453600
23.6926 455040
23.7154 456480
23.7721 457920
23.8056 459360
23.8331 460800
23.8552 462240
23.8773 463680
23.9036 465120
23.9281 466560
23.9574 468000
23.9897 469440
24.0201 470880
24.1169 472320
24.154 473760
24.197 475200
24.2681 476640
24.3052 478080
24.3339 479520
24.4008 480960
24.4426 482400
24.4713 483840
24.5 485280
24.5358 486720
24.5717 488160
24.6076 489600
24.647 491040
24.7564 492480
24.8 493920
24.8573 495360
24.9434 496800
24.9799 498240
25.0588 499680
25.1095 501120
25.1454 502560
25.1902 504000
25.2351 505440
25.284 506880
25.4012 508320
25.4651 509760
25.5374 511200
25.6396 512640
25.7346 514080
25.7992 515520
25.8607 516960
25.9253 518400
25.9534 518400
25.9534 413280
27.3117 414720
27.3452 416160
27.3732 417600
27.4001 419040
27.4593 420480
27.485 421920
27.5071 423360
27.5728 424800
27.5967 426240
27.6296 427680
27.6487 429120
27.6702 430560
27.693 432000
27.7198 433440
27.7455 434880
27.7683 436320
27.7963 437760
27.9093 439200
27.9368 440640
27.9661 442080
27.9953 443520
28.0491 444960
28.0832 446400
28.1125 447840
28.1782 449280
28.2111 450720
28.2439 452160
28.2684 453600
28.2923 455040
28.3228 456480
28.3545 457920
28.385 459360
28.4155 460800
28.5398 462240
28.575 463680
28.6109 465120
28.6748 466560
28.7137 468000
28.7447 469440
28.8182 470880
28.8625 472320
28.8911 473760
28.9198 475200
28.9599 476640
28.9963 478080
29.0358 479520
29.1667 480960
29.2049 482400
29.2563 483840
29.3364 485280
29.3836 486720
29.4702 488160
29.5282 489600
29.5664 491040
29.613 492480
29.6692 493920
29.726 495360
29.8754 496800
29.9405 498240
30.0439 499680
30.1467 501120
30.2196 502560
30.2794 504000
30.3427 504000
30.3427 401760
31.5791 403200
31.6078 404640
31.7262 406080
31.7471 407520
31.7674 408960
31.7889 410400
31.8421 411840
31.8708 413280
31.8983 414720
31.9252 416160
31.9455 417600
32.007 419040
32.0351 420480
32.065 421920
32.0841 423360
32.1062 424800
32.1277 426240
32.1546 427680
32.1887 429120
32.3094 430560
32.3327 432000
32.3572 433440
32.3787 434880
32.4361 436320
32.4678 437760
32.5 439200
32.5263 440640
32.5963 442080
32.622 443520
32.6638 444960
32.6877 446400
32.714 447840
32.7403 449280
32.7773 450720
32.9136 452160
32.9417 453600
32.9739 455040
33.0026 456480
33.0666 457920
33.1138 459360
33.149 460800
33.2279 462240
33.2638 463680
33.308 465120
33.3415 466560
33.3749 468000
33.4209 469440
33.5751 470880
33.6158 472320
33.6516 473760
33.7341 475200
33.7885 476640
33.8811 478080
33.9313 479520
33.9857 480960
34.0317 482400
34.0914 483840
34.2648 485280
34.3275 486720
34.4267 488160
34.5068 489600
34.6197 489600
34.6197 390240
35.708 391680
35.7378 393120
35.7593 394560
35.7809 396000
35.849 397440
35.8747 398880
35.8992 400320
35.9243 401760
35.9512 403200
36.0821 404640
36.1012 406080
36.1245 407520
36.1538 408960
36.1747 410400
36.1956 411840
36.2392 413280
36.2721 414720
36.3079 416160
36.3372 417600
36.3611 419040
36.4328 420480
36.4556 421920
36.486 423360
36.5117 424800
36.5446 426240
36.6749 427680
36.6964 429120
36.7292 430560
36.7615 432000
36.7902 433440
36.8416 434880
36.8792 436320
36.9217 437760
36.9533 439200
37.031 440640
37.0603 442080
37.092 443520
37.1231 444960
37.1613 446400
37.3029 447840
37.3328 449280
37.3824 450720
37.4177 452160
37.4834 453600
37.5414 455040
37.5826 456480
37.6705 457920
37.7093 459360
37.7511 460800
37.8043 462240
37.9585 463680
38.0129 465120
38.0625 466560
38.1462 468000
38.2185 469440
38.2753 470880
38.3888 472320
38.4426 473760
38.6254 475200
38.7025 476640
38.8053 478080
38.9057 479520
39.0497 480960
39.14 482400
39.3593 482400
39.3593 384480
40.4003 385920
40.4218 387360
40.5132 388800
40.536 390240
40.5557 391680
40.6399 393120
40.6591 394560
40.6895 396000
40.729 397440
40.7589 398880
40.7834 400320
40.8025 401760
40.8694 403200
40.8915 404640
40.916 406080
40.9411 407520
40.965 408960
40.9907 410400
41.0134 411840
41.1097 413280
41.1318 414720
41.2244 416160
41.2465 417600
41.28 419040
41.323 420480
41.3571 421920
41.3834 423360
41.4551 424800
41.4808 426240
41.5106 427680
41.5399 429120
41.5674 430560
41.5973 432000
41.632 433440
41.7329 434880
41.7592 436320
41.8602 437760
41.8985 439200
41.9481 440640
41.9917 442080
42.0222 443520
42.1053 444960
42.1429 446400
42.1788 447840
42.2176 449280
42.2576 450720
42.3778 452160
42.4901 453600
42.5385 455040
42.6019 456480
42.6568 457920
42.7519 459360
42.8032 460800
42.8505 462240
42.9078 463680
43.0447 465120
43.172 466560
43.2694 468000
43.3447 469440
43.4624 470880
43.5419 472320
43.7092 473760
43.8694 475200
44.0295 476640
44.0475 476640
44.0475 380160
45.1488 381600
45.1811 383040
45.2223 384480
45.2462 385920
45.2845 387360
45.3036 388800
45.3227 390240
45.3962 391680
45.4195 393120
45.4428 394560
45.4644 396000
45.557 397440
45.5809 398880
45.6024 400320
45.6956 401760
45.7171 403200
45.7494 404640
45.7757 406080
45.8199 407520
45.8528 408960
45.8827 410400
45.9048 411840
45.9777 413280
45.9998 414720
46.0237 416160
46.05 417600
46.0739 419040
46.1725 420480
46.197 421920
46.2992 423360
46.3255 424800
46.3619 426240
46.4068 427680
46.4408 429120
46.4887 430560
46.5179 432000
46.5986 433440
46.6285 434880
46.6619 436320
46.6936 437760
46.7994 439200
46.8329 440640
46.9422 442080
46.9745 443520
47.0474 444960
47.0976 446400
47.1502 447840
47.2404 449280
47.2852 450720
47.3259 452160
47.4436 453600
47.4896 455040
47.6187 456480
47.6779 457920
47.7555 459360
47.8285 460800
47.9504 462240
48.0083 463680
48.1565 465120
48.3089 466560
48.4165 468000
48.5247 468000
48.5247 372960
49.2549 374400
49.274 375840
49.2932 377280
49.3882 378720
49.4091 380160
49.4306 381600
49.4497 383040
49.5167 384480
49.5358 385920
49.5549 387360
49.5764 388800
49.5979 390240
49.6254 391680
49.6667 393120
49.7001 394560
49.8214 396000
49.8448 397440
49.8663 398880
49.9774 400320
49.9995 401760
50.0246 403200
50.0461 404640
50.1143 406080
50.1358 407520
50.1573 408960
50.1812 410400
50.2051 411840
50.2368 413280
50.287 414720
50.3163 416160
50.4352 417600
50.4615 419040
50.5822 420480
50.6061 421920
50.636 423360
50.6665 424800
50.7412 426240
50.7698 427680
50.8009 429120
50.8332 430560
50.8828 432000
50.9288 433440
51.0615 434880
51.0949 436320
51.2312 437760
51.2682 439200
51.3041 440640
51.3955 442080
51.4344 443520
51.4786 444960
51.5431 446400
51.7009 447840
51.7535 449280
51.9077 450720
51.9579 452160
52.0672 453600
52.1246 455040
52.2112 456480
52.3947 457920
52.5812 459360
52.6296 459360
52.6296 367200
53.5224 368640
53.5415 370080
53.563 371520
53.6688 372960
53.6909 374400
53.71 375840
53.7291 377280
53.8624 378720
53.8791 380160
53.8983 381600
53.9748 383040
53.9951 384480
54.0166 385920
54.0369 387360
54.056 388800
54.0775 390240
54.1068 391680
54.1295 393120
54.1534 394560
54.2652 396000
54.2885 397440
54.3124 398880
54.3363 400320
54.4773 401760
54.4989 403200
54.5783 404640
54.6016 406080
54.6285 407520
54.653 408960
54.6799 410400
54.7068 411840
54.7445 413280
54.7732 414720
54.8903 416160
54.9196 417600
54.9506 419040
55.0994 420480
55.1281 421920
55.2178 423360
55.253 424800
55.2853 426240
55.3188 427680
55.363 429120
55.3988 430560
55.5243 432000
55.5644 433440
55.6092 434880
55.7723 436320
55.8746 437760
55.9193 439200
55.9618 440640
56.0186 442080
56.0741 443520
56.2253 444960
56.4183 446400
56.5379 447840
56.6072 449280
56.6885 450720
56.872 450720
56.872 360000
57.9757 361440
57.9948 362880
58.0139 364320
58.0331 365760
58.1424 367200
58.2601 368640
58.2846 370080
58.3109 371520
58.3402 372960
58.4155 374400
58.4323 375840
58.4514 377280
58.4705 378720
58.4908 380160
58.51 381600
58.5315 383040
58.5536 384480
58.5769 385920
58.5984 387360
58.6223 388800
58.7334 390240
58.856 391680
58.8954 393120
58.9307 394560
59.0173 396000
59.0388 397440
59.0603 398880
59.0843 400320
59.1081 401760
59.1321 403200
59.1583 404640
59.1852 406080
59.2139 407520
59.3155 408960
59.4577 410400
59.5079 411840
59.5635 413280
59.6561 414720
59.6848 416160
59.7165 417600
59.7506 419040
59.784 420480
59.8223 421920
59.8581 423360
59.98 424800
60.1336 426240
60.2095 427680
60.3177 429120
60.3583 430560
60.4001 432000
60.4462 433440
60.5017 434880
60.5543 436320
60.8209 437760
60.9828 439200
61.0491 440640
61.1244 442080
61.1406 442080
61.1406 352800
62.2581 354240
62.2808 355680
62.2999 357120
62.3214 358560
62.343 360000
62.3645 361440
62.386 362880
62.4433 364320
62.4726 365760
62.5533 367200
62.6459 368640
62.677 370080
62.717 371520
62.7547 372960
62.8407 374400
62.8652 375840
62.8868 377280
62.9083 378720
62.9298 380160
62.9513 381600
62.9752 383040
62.9991 384480
63.0624 385920
63.1324 387360
63.2358 388800
63.2668 390240
63.3152 391680
63.363 393120
63.4509 394560
63.4808 396000
63.5047 397440
63.5316 398880
63.5602 400320
63.5889 401760
63.6553 403200
63.6935 404640
63.782 406080
63.8937 407520
63.9475 408960
64.0676 410400
64.1035 411840
64.1399 413280
64.1764 414720
64.2122 416160
64.2541 417600
64.3407 419040
64.5236 420480
64.5845 421920
64.6676 423360
64.7848 424800
64.8325 426240
64.8851 427680
64.9831 429120
65.1206 430560
65.2586 430560
65.2586 344160
66.2375 345600
66.2644 347040
66.2865 348480
66.372 349920
66.4771 351360
66.4957 352800
66.5214 354240
66.6516 355680
66.6684 357120
66.6857 358560
66.7024 360000
66.7227 361440
66.7419 362880
66.761 364320
66.7801 365760
66.8028 367200
66.8303 368640
66.8638 370080
66.9528 371520
66.9755 372960
67.0897 374400
67.2229 375840
67.254 377280
67.2755 378720
67.297 380160
67.3185 381600
67.3425 383040
67.3664 384480
67.3927 385920
67.4189 387360
67.4548 388800
67.554 390240
67.6747 391680
67.707 393120
67.8564 394560
67.8869 396000
67.9156 397440
67.9442 398880
67.9753 400320
68.0088 401760
68.0422 403200
68.0906 404640
68.2036 406080
68.3434 407520
68.5096 408960
68.5532 410400
68.5914 411840
68.6345 413280
68.6847 414720
68.7462 416160
68.8777 417600
69.1693 419040
69.2434 420480
69.3127 421920
69.3857 423360
69.5691 424800
69.6821 424800
69.6821 338400
70.8073 339840
70.8265 341280
71.0518 342720
71.0733 344160
71.09 345600
71.1091 347040
71.1259 348480
71.1432 349920
71.1599 351360
71.1802 352800
71.1994 354240
71.2185 355680
71.24 357120
71.2615 358560
71.2842 360000
71.3727 361440
71.3948 362880
71.6243 364320
71.6577 365760
71.6792 367200
71.6995 368640
71.7217 370080
71.7444 371520
71.7659 372960
71.7898 374400
71.8137 375840
71.84 377280
71.8663 378720
71.8926 380160
71.9912 381600
72.2398 383040
72.278 384480
72.3043 385920
72.333 387360
72.3599 388800
72.3892 390240
72.4179 391680
72.4489 393120
72.4824 394560
72.5159 396000
72.6246 397440
72.8852 398880
72.9366 400320
72.9724 401760
73.0065 403200
73.0453 404640
73.089 406080
73.132 407520
73.184 408960
73.3137 410400
73.6208 411840
73.674 413280
73.732 414720
73.8025 416160
73.876 417600
74.286 419040
74.3792 420480
74.4067 420480
74.4067 335520
75.0891 336960
75.1083 338400
75.1274 339840
75.1471 341280
75.1716 342720
75.2636 344160
75.2828 345600
75.5009 347040
75.5182 348480
75.5421 349920
75.5588 351360
75.5821 352800
75.6013 354240
75.621 355680
75.6401 357120
75.6766 358560
75.7005 360000
75.7232 361440
75.7447 362880
75.7686 364320
75.8654 365760
75.8893 367200
76.1062 368640
76.1355 370080
76.1571 371520
76.1797 372960
76.2037 374400
76.2299 375840
76.276 377280
76.3046 378720
76.3321 380160
76.3632 381600
76.4666 383040
76.4977 384480
76.7301 385920
76.7648 387360
76.7935 388800
76.8246 390240
76.8556 391680
76.9088 393120
76.9465 394560
76.9847 396000
77.0995 397440
77.3516 398880
77.3941 400320
77.4341 401760
77.4771 403200
77.5291 404640
77.602 406080
77.7126 407520
78.0233 408960
78.0903 410400
78.1596 411840
78.254 413280
78.4213 414720
78.7536 416160
78.7991 416160
78.7991 332640
79.9655 334080
79.9853 335520
80.0092 336960
80.0283 338400
80.0498 339840
80.0725 341280
80.0964 342720
80.1215 344160
80.1454 345600
80.1723 347040
80.2464 348480
80.2721 349920
80.2984 351360
80.5554 352800
80.5781 354240
80.5972 355680
80.6187 357120
80.6402 358560
80.6618 360000
80.6862 361440
80.7113 362880
80.7376 364320
80.7639 365760
80.8392 367200
80.8661 368640
81.135 370080
81.1589 371520
81.1864 372960
81.2103 374400
81.2367 375840
81.2629 377280
81.2916 378720
81.3203 380160
81.3544 381600
81.4362 383040
81.4733 384480
81.7637 385920
81.7936 387360
81.8294 388800
81.8629 390240
81.8964 391680
81.9358 393120
81.9789 394560
82.0667 396000
82.1205 397440
82.4336 398880
82.4809 400320
82.5286 401760
82.5782 403200
82.6368 404640
82.7474 406080
83.0143 407520
83.1711 408960
83.2595 410400
83.3641 411840
83.7872 411840
83.7872 328320
84.5796 329760
84.5987 331200
84.6178 332640
84.6394 334080
84.6609 335520
84.6872 336960
84.7159 338400
84.7398 339840
84.9633 341280
85.0601 342720
85.0774 344160
85.0965 345600
85.1156 347040
85.1348 348480
85.1551 349920
85.1766 351360
85.1981 352800
85.2196 354240
85.2436 355680
85.2716 357120
85.3027 358560
85.329 360000
85.635 361440
85.6601 362880
85.6816 364320
85.7031 365760
85.727 367200
85.7509 368640
85.7748 370080
85.8011 371520
85.8298 372960
85.8615 374400
85.8961 375840
85.9302 377280
86.263 378720
86.2899 380160
86.3186 381600
86.3497 383040
86.3832 384480
86.4166 385920
86.4525 387360
86.4931 388800
86.5373 390240
86.8774 391680
86.9329 393120
86.976 394560
87.019 396000
87.0668 397440
87.1242 398880
87.1905 400320
87.5867 401760
87.6441 403200
87.7134 404640
87.8001 406080
88.1028 407520
88.2554 407520
88.2554 325440
89.1249 326880
89.1441 328320
89.1632 329760
89.1823 331200
89.2038 332640
89.4733 334080
89.5349 335520
89.5516 336960
89.5684 338400
89.5851 339840
89.6018 341280
89.6197 342720
89.6389 344160
89.658 345600
89.6795 347040
89.701 348480
89.7226 349920
89.7464 351360
89.7703 352800
89.949 354240
90.1152 355680
90.1385 357120
90.1576 358560
90.1791 360000
90.2006 361440
90.2221 362880
90.246 364320
90.27 365760
90.2962 367200
90.3249 368640
90.3536 370080
90.3847 371520
90.6823 372960
90.754 374400
90.7803 375840
90.809 377280
90.8377 378720
90.8711 380160
90.907 381600
90.9428 383040
90.9835 384480
91.1932 385920
91.3964 387360
91.4329 388800
91.4735 390240
91.5142 391680
91.5619 393120
91.6169 394560
91.6725 396000
92.0819 397440
92.1392 398880
92.2074 400320
92.291 401760
92.6322 403200
92.7452 403200
92.7452 321120
93.6685 322560
93.8017 324000
93.9189 325440
94.0001 326880
94.0187 328320
94.0402 329760
94.0599 331200
94.0767 332640
94.0934 334080
94.1101 335520
94.1281 336960
94.1472 338400
94.1663 339840
94.1854 341280
94.2045 342720
94.226 344160
94.2499 345600
94.4962 347040
94.5732 348480
94.5989 349920
94.6336 351360
94.6533 352800
94.6748 354240
94.6964 355680
94.7179 357120
94.7418 358560
94.7657 360000
94.792 361440
94.8207 362880
94.8494 364320
95.1093 365760
95.2013 367200
95.2408 368640
95.2701 370080
95.2963 371520
95.325 372960
95.3561 374400
95.3896 375840
95.4254 377280
95.4613 378720
95.7445 380160
95.8485 381600
95.9035 383040
95.94 384480
95.9812 385920
96.029 387360
96.0768 388800
96.2579 390240
96.5065 391680
96.5848 393120
96.6523 394560
96.7192 396000
96.8077 397440
97.2493 398880
97.3622 400320
97.4585 400320
97.4585 319680
98.6393 321120
98.6584 322560
98.6776 324000
98.6991 325440
98.7206 326880
98.9716 328320
99.0212 329760
99.0505 331200
99.0833 332640
99.1042 334080
99.121 335520
99.1407 336960
99.1604 338400
99.1801 339840
99.1999 341280
99.2226 342720
99.2465 344160
99.2704 345600
99.2967 347040
99.5865 348480
99.614 349920
99.6487 351360
99.6881 352800
99.7108 354240
99.7323 355680
99.7562 357120
99.7807 358560
99.807 360000
99.8333 361440
99.862 362880
99.8943 364320
