0.0 0
0.0301987 0.03
0.0628553 0.03025
0.1068 0.0319687
0.147266 0.0328477
0.158564 0.0334917
0.1885 0.0339302
0.19445 0.033939
0.1973 0.0339466
0.199691 0.0339533
0.222535 0.0339591
0.225091 0.0339642
0.228535 0.0339687
0.231091 0.0339726
0.233565 0.033976
0.235955 0.034104
0.238345 0.034341
0.240736 0.0346734
0.25644 0.0345892
0.25883 0.0346406
0.26122 0.0348105
0.263611 0.0350842
0.266001 0.0354487
0.268392 0.0358926
0.270782 0.036281
0.273172 0.0368709
0.275563 0.037512
0.277953 0.038198
0.280344 0.0389233
0.282734 0.0396829
0.285124 0.0405975
0.287515 0.0413978
0.289905 0.0422231
0.292296 0.0431952
0.294686 0.0442958
0.297076 0.0438838
0.299467 0.0436483
0.301857 0.0434423
0.304248 0.043512
0.306638 0.043698
0.309028 0.0441108
0.311419 0.0444719
0.313809 0.0449129
0.3162 0.0455488
0.31859 0.0462302
0.32098 0.0468264
0.323371 0.0477231
0.325761 0.0485077
0.328152 0.0494443
0.330542 0.0503887
0.332932 0.0513401
0.335323 0.0522976
0.337713 0.0532604
0.340104 0.0543529
0.342494 0.0555588
0.344884 0.0566139
0.347275 0.0577872
0.349665 0.0589388
0.352055 0.0601964
0.354446 0.0612969
0.356836 0.0623848
0.359227 0.0635867
0.361617 0.0647633
0.364007 0.0659179
0.366398 0.0670532
0.368788 0.0681715
0.371179 0.0694001
0.373569 0.0706001
0.375959 0.0717751
0.37835 0.0729282
0.38074 0.0741872
0.383131 0.0754138
0.385521 0.076612
0.387911 0.0776605
0.390302 0.078953
0.392692 0.0800838
0.395083 0.0813234
0.397473 0.0825329
0.399863 0.0834663
0.402254 0.084533
0.404644 0.0852164
0.407035 0.0860644
0.409425 0.0865563
0.411815 0.0872368
0.414206 0.0877072
0.416596 0.0882438
0.418987 0.0884633
0.421377 0.0889054
0.423767 0.0890422
0.426158 0.0894119
0.428548 0.0891104
0.430939 0.0883466
0.433329 0.0871783
0.435719 0.085531
0.43811 0.0837146
0.4405 0.0815003
0.442891 0.0789378
0.445281 0.0763206
0.447671 0.0734055
0.450062 0.0703548
0.455049 0.0675604
0.464013 0.0653654
0.473575 0.0636947
0.479551 0.0622329
0.483734 0.0605788
0.490926 0.0591314
0.496305 0.057865
0.504074 0.0568819
0.511245 0.0560216
0.517221 0.0552689
0.523794 0.0544853
0.527978 0.0535496
0.533356 0.0526059
0.537539 0.0514052
0.541125 0.0506045
0.543515 0.049779
0.545906 0.0490566
0.548296 0.0485495
0.550686 0.0479808
0.553077 0.0476082
0.555467 0.0471572
0.557858 0.0467626
0.560248 0.0465422
0.562638 0.0462245
0.565029 0.0460714
0.567419 0.0458125
0.56981 0.0455859
0.5722 0.0453877
0.57459 0.0452142
0.576981 0.0450624
0.579371 0.0449296
0.581762 0.0448134
0.584152 0.0447117
0.586542 0.0446228
0.588933 0.0444199
0.591323 0.0443674
0.593714 0.0443215
0.596104 0.0444063
0.598494 0.0444805
0.600885 0.0445455
0.603275 0.0448523
0.605666 0.0451207
0.608056 0.0454807
0.610446 0.0457956
0.612837 0.0460711
0.615227 0.0464372
0.617618 0.0468826
0.620008 0.0473973
0.622398 0.0478476
0.624789 0.0482416
0.627179 0.0487114
0.62957 0.0491225
0.63196 0.0496072
0.63435 0.0500313
0.636741 0.0502774
0.639131 0.0504927
0.641522 0.0505561
0.643912 0.0504866
0.646302 0.0504258
0.648693 0.0502476
0.651083 0.0500916
0.653474 0.0498302
0.655864 0.0494764
0.658254 0.0491668
0.660645 0.048896
0.663035 0.048659
0.665426 0.0484516
0.667816 0.0482702
0.671469 0.0482364
0.67625 0.0485818
0.679238 0.0488841
0.682824 0.0492736
0.686409 0.0498644
0.69119 0.0506313
0.694776 0.0514274
0.698361 0.052249
0.704359 0.0534679
0.708542 0.0547844
0.710933 0.0558113
0.713345 0.0568349
0.716909 0.0577306
0.722287 0.0590142
0.72886 0.0606375
0.732446 0.0621828
0.736032 0.0637849
0.74141 0.0654368
0.746788 0.0672572
0.752764 0.0693501
0.758143 0.0715563
0.763521 0.0738618
0.7689 0.076129
0.774278 0.0786129
0.779656 0.0811613
0.786828 0.0838911
0.792206 0.0867797
0.797584 0.0895573
0.802963 0.0923626
0.807744 0.0951923
0.813122 0.0980433
0.816708 0.100663
0.821512 0.103205
0.826292 0.105804
0.831073 0.108454
0.835854 0.110897
0.840037 0.11341
0.842428 0.115484
0.847806 0.117548
0.852587 0.119605
0.864539 0.122654
0.869319 0.124697
0.87171 0.12636
0.874698 0.12769
0.883662 0.129729
0.886052 0.130763
0.895016 0.132417
0.898602 0.13324
0.908163 0.13496
0.911151 0.135715
0.918323 0.136876
0.920713 0.137141
0.927287 0.137999
0.929677 0.137749
0.934458 0.137905
0.93687 0.137167
0.941629 0.137021
0.944041 0.136144
0.948822 0.135751
0.95181 0.134782
0.956591 0.134184
0.960176 0.133411
0.963164 0.132735
0.967945 0.131893
0.973921 0.131531
0.978104 0.13109
0.98647 0.131329
0.988861 0.130163
0.991273 0.129267
0.993642 0.128109
0.999618 0.127595
1.00201 0.126271
1.00858 0.125612
1.01099 0.12416
1.01635 0.12339
1.01874 0.121592
1.02352 0.120268
1.02591 0.118359
1.03308 0.117439
1.03547 0.116009
1.03846 0.114883
1.04147 0.113773
1.04563 0.112926
1.04862 0.11206
1.054 0.111553
1.05639 0.110859
1.06117 0.110626
1.06476 0.110048
1.06954 0.109917
1.07193 0.109552
1.0791 0.109858
1.08209 0.109501
1.09045 0.109938
1.09344 0.109446
1.09703 0.10914
1.09942 0.108873
1.10719 0.109389
1.10958 0.109215
1.11794 0.109813
1.12093 0.109837
1.12631 0.110357
1.1293 0.110562
1.13408 0.110992
1.13707 0.111118
1.14543 0.111978
1.14842 0.112231
1.1538 0.112827
1.15619 0.113349
1.16336 0.11443
1.16575 0.115001
1.17352 0.116251
1.17591 0.11672
1.18189 0.117755
1.18547 0.118285
1.18906 0.118875
1.19264 0.11914
1.2022 0.120248
1.20519 0.120717
1.21296 0.121627
1.21595 0.121799
1.22013 0.122199
1.22252 0.122424
1.23029 0.123246
1.23268 0.12334
1.24165 0.124173
1.24463 0.124276
1.253 0.125117
1.25539 0.125352
1.26137 0.126058
1.26376 0.126301
1.27153 0.127263
1.27451 0.12723
1.28168 0.127827
1.28407 0.127973
1.29005 0.128602
1.29304 0.128651
1.302 0.129445
1.30439 0.129514
1.31097 0.12995
1.31395 0.129956
1.31874 0.130212
1.32232 0.130435
1.33188 0.131381
1.33427 0.131208
1.34204 0.131807
1.34503 0.131706
1.34862 0.131618
1.3516 0.131291
1.35937 0.131754
1.36236 0.13166
1.36953 0.132078
1.37312 0.131818
1.37909 0.132091
1.38208 0.131579
1.38925 0.131632
1.39344 0.131553
1.4012 0.132109
1.40362 0.131845
1.40957 0.132115
1.41258 0.131725
1.41913 0.132135
1.42152 0.131868
1.43049 0.132509
1.43347 0.132196
1.44244 0.132921
1.44602 0.132931
1.44901 0.13294
1.452 0.132822
1.46037 0.133344
1.46276 0.132801
1.47053 0.132951
1.47294 0.132457
1.4765 0.13215
1.47949 0.131756
1.48786 0.132162
1.49025 0.131767
1.49921 0.132296
1.5022 0.132259
1.50937 0.132726
1.51236 0.132636
1.51774 0.132931
1.52072 0.13244
1.53148 0.133135
1.53447 0.132993
1.54044 0.133244
1.54284 0.133088
1.54941 0.133452
1.55182 0.133146
1.56017 0.133753
1.56256 0.133283
1.57212 0.133873
1.5757 0.133514
1.58108 0.1337
1.58407 0.133737
1.59303 0.13452
1.59542 0.13433
1.60319 0.134914
1.60678 0.1348
1.60977 0.134825
1.61275 0.134722
1.62052 0.135381
1.6253 0.135459
1.63307 0.136276
1.63606 0.136242
1.64323 0.136712
1.64622 0.136498
1.651 0.136685
1.65459 0.136475
1.66355 0.13729
1.66656 0.136879
1.67311 0.137144
1.67672 0.136876
1.68387 0.137267
1.68805 0.137233
1.69582 0.137704
1.69881 0.137616
1.70897 0.138414
1.71136 0.138237
1.71793 0.138583
1.72092 0.13851
1.72988 0.139196
1.73227 0.139047
1.74004 0.139541
1.74423 0.139598
1.7508 0.140023
1.75319 0.14027
1.76036 0.141112
1.76454 0.141348
1.77351 0.142304
1.77709 0.142391
1.78486 0.142967
1.78785 0.142971
1.79144 0.1431
1.79383 0.142837
1.80458 0.143608
1.80817 0.143532
1.81654 0.144215
1.81952 0.144313
1.82849 0.145149
1.83267 0.145381
1.84283 0.146583
1.84761 0.14701
1.85897 0.148509
1.86195 0.14882
1.86972 0.149843
1.8739 0.150362
1.88406 0.151942
1.88705 0.152449
1.89363 0.153393
1.89661 0.153469
1.90498 0.154285
1.90797 0.154375
1.91574 0.155078
1.91992 0.155443
1.93187 0.157013
1.93546 0.157511
1.94382 0.158697
1.94681 0.15886
1.95159 0.159378
1.95458 0.15958
1.96354 0.160508
1.96713 0.160569
1.97669 0.161373
1.98267 0.161702
1.99283 0.162989
1.99701 0.163615
2.01016 0.165413
2.01434 0.165987
2.02868 0.167863
2.03287 0.16838
2.04004 0.169583
2.04303 0.17001
2.05617 0.171634
2.05976 0.17193
2.06573 0.172563
2.06932 0.172743
2.07828 0.173775
2.08187 0.173928
2.08964 0.174812
2.09322 0.174961
2.11055 0.176841
2.11593 0.177485
2.13267 0.179925
2.13565 0.181184
2.13924 0.182536
2.14223 0.183469
2.15179 0.185036
2.15478 0.185531
2.19482 0.190715
2.1984 0.191875
2.22111 0.193766
2.2241 0.195545
2.2486 0.197977
2.25338 0.200355
2.25995 0.202186
2.26294 0.203787
2.2743 0.205064
2.27788 0.206181
2.28446 0.207158
2.28685 0.208014
2.2994 0.209137
2.30358 0.210245
2.31135 0.211214
2.31493 0.212062
2.33943 0.21343
2.34601 0.215126
2.3723 0.217735
2.37947 0.220518
2.38664 0.223453
2.39083 0.226147
2.51692 0.230753
2.51991 0.233784
2.53126 0.237561
2.53604 0.239866
2.54083 0.241758
2.54561 0.243413
2.55577 0.245361
2.55995 0.246316
2.56652 0.247527
2.57071 0.248336
2.59102 0.251044
2.597 0.250538
2.6209 0.252596
2.62449 0.251272
2.63405 0.250863
2.64122 0.250505
2.74461 0.262567
2.747 0.257496
2.75238 0.253184
2.75477 0.248411
2.75716 0.24386
2.75955 0.239627
2.76433 0.236049
2.76791 0.232168
2.7715 0.228772
2.77389 0.2253
2.78584 0.223138
2.78883 0.21887
2.80198 0.216262
2.80437 0.211354
2.81154 0.207435
2.81632 0.20313
2.87249 0.205864
2.87608 0.196006
2.87847 0.187255
2.88148 0.179473
2.88385 0.172414
2.88684 0.165862
2.89102 0.16013
2.8946 0.154863
2.89879 0.150131
2.90237 0.145864
2.90476 0.141881
2.90895 0.138396
2.91731 0.135972
2.9209 0.1331
2.9693 0.136213
2.97468 0.131686
2.97946 0.127725
2.98305 0.12426
2.98723 0.121102
2.99142 0.118339
2.995 0.115922
2.99918 0.113682
3.00396 0.111721
3.00755 0.109881
3.01173 0.108271
3.01771 0.107112
3.02189 0.105973
3.02548 0.104977
3.06552 0.103104
3.07448 0.102091
3.07866 0.100955
3.08285 0.0999606
3.08643 0.0990905
3.09121 0.0984542
3.09719 0.0980224
3.10257 0.0975196
3.10735 0.0968297
3.11333 0.096226
3.1187 0.0955727
3.12408 0.0950011
3.13006 0.094626
3.15277 0.0962977
3.15874 0.0955105
3.16472 0.0950717
3.1695 0.0946877
3.17607 0.0947268
3.18205 0.0948859
3.18563 0.0949002
3.19101 0.0951627
3.1946 0.0950173
3.20117 0.0951402
3.20655 0.0952476
3.21432 0.0957167
3.22149 0.0962521
3.23045 0.0973456
3.23643 0.0981774
3.26631 0.10203
3.27288 0.103151
3.28185 0.104758
3.28782 0.105913
3.29918 0.107924
3.30396 0.109308
3.31053 0.11077
3.31591 0.112174
3.32189 0.113652
3.32906 0.115195
3.34041 0.117296
3.344 0.118509
3.35954 0.121195
3.36432 0.122546
3.39838 0.127603
3.40436 0.128402
3.41452 0.129727
3.42109 0.130636
3.43424 0.132557
3.43961 0.133112
3.44738 0.134098
3.45455 0.134836
3.46053 0.135731
3.46591 0.13639
3.48085 0.138341
3.48682 0.138924
3.50296 0.140933
3.50774 0.141441
3.543 0.145636
3.54838 0.145807
3.55794 0.146456
3.56272 0.146399
3.58005 0.147974
3.58483 0.147852
3.59439 0.148496
3.59858 0.148434
3.60873 0.149005
3.61232 0.149004
3.62905 0.150753
3.63264 0.150534
3.65236 0.152468
3.65893 0.152534
3.69419 0.156342
3.69897 0.155675
3.70913 0.155965
3.71511 0.155845
3.73124 0.157239
3.73543 0.156709
3.74678 0.156995
3.75096 0.156496
3.76172 0.156934
3.7671 0.156692
3.78084 0.157606
3.78562 0.157155
3.80295 0.158386
3.80893 0.157712
3.84538 0.161248
3.85076 0.160217
3.86331 0.160565
3.8675 0.159995
3.88602 0.16137
3.892 0.160824
3.90335 0.161221
3.90813 0.160693
3.91769 0.160732
3.92188 0.16014
3.93682 0.160998
3.9422 0.160748
3.96251 0.162529
3.96729 0.162463
4.01032 0.167155
4.0145 0.167136
4.03124 0.168619
4.03542 0.168792
4.05395 0.170693
4.05873 0.170481
4.06889 0.171046
4.07426 0.17079
4.08263 0.170941
4.08622 0.170324
4.09817 0.170783
4.10235 0.16981
4.11908 0.170709
4.12267 0.16912
4.1639 0.17248
4.16988 0.170545
4.18422 0.170102
4.18841 0.168214
4.20693 0.168188
4.21351 0.166789
4.22605 0.16669
4.23024 0.165604
4.2404 0.165404
4.24518 0.164728
4.25534 0.164762
4.25952 0.164042
4.27506 0.164912
4.28044 0.164173
4.31808 0.167776
4.32346 0.166429
4.3396 0.16675
4.34378 0.165532
4.36231 0.16634
4.36709 0.165298
4.38442 0.166135
4.3898 0.165244
4.39637 0.164588
4.40175 0.163765
4.41251 0.163919
4.41788 0.163429
4.43043 0.164
4.43521 0.163125
4.47167 0.166235
4.47764 0.16508
4.49438 0.16557
4.50035 0.164499
4.51709 0.165187
4.52127 0.164038
4.53621 0.164409
4.54218 0.163232
4.54936 0.162453
4.55354 0.161397
4.56489 0.161347
4.57027 0.160554
4.58282 0.160735
4.587 0.159893
4.62047 0.162906
4.62764 0.161543
4.64378 0.1616
4.64796 0.16015
4.66589 0.160631
4.67127 0.159552
4.688 0.159983
4.69278 0.15911
4.73521 0.163222
4.76987 0.165444
4.77585 0.163513
4.78899 0.162574
4.79557 0.160752
4.80812 0.159908
4.8123 0.15792
4.82545 0.15718
4.83082 0.155032
4.8631 0.156403
4.87146 0.153228
4.90015 0.149449
4.90612 0.146018
4.91748 0.143016
4.92644 0.140639
4.9354 0.138309
4.94258 0.13627
4.95393 0.134362
4.9617 0.132941
5.01429 0.129824
5.02086 0.126971
5.03461 0.124599
5.04118 0.122525
5.05433 0.120834
5.06449 0.11923
5.07524 0.117701
5.086 0.116238
5.12006 0.113834
5.13321 0.112104
5.14098 0.109841
5.15771 0.108861
5.16787 0.107129
5.17803 0.105862
5.18879 0.104755
5.22285 0.106785
5.23301 0.104937
5.24616 0.10382
5.25392 0.102218
5.26707 0.101565
5.27962 0.10062
5.3107 0.102167
5.32086 0.100771
5.33221 0.0997999
5.34177 0.0984499
5.35731 0.0981437
5.36747 0.0975007
5.40392 0.100188
5.41647 0.10004
5.42783 0.100035
5.43978 0.10028
5.45651 0.101495
5.46488 0.101433
5.49416 0.104004
5.50014 0.102504
5.51388 0.101941
5.52583 0.100448
5.54017 0.0993921
5.54854 0.0975931
5.57424 0.098144
5.58559 0.096626
5.59456 0.0951727
5.60472 0.0940261
5.62444 0.0942729
5.6334 0.0931138
5.65432 0.0935995
5.66567 0.0925246
5.67583 0.091584
5.68539 0.090761
5.70451 0.0911659
5.71587 0.0905202
5.7338 0.0910801
5.74276 0.0901951
5.7577 0.0904207
5.77025 0.0901181
5.78639 0.0903534
5.79654 0.0899342
5.81507 0.0906924
5.82642 0.0902309
5.84256 0.090702
5.85212 0.0902393
5.86826 0.0907093
5.87901 0.0903707
5.89754 0.0910743
5.9077 0.0905651
5.92861 0.0914944
5.93758 0.0909326
5.95312 0.091316
5.96327 0.0907765
5.97881 0.0911795
5.98837 0.090532
6.01407 0.0923405
6.03738 0.093173
6.04813 0.0925263
6.06188 0.0922105
6.07323 0.0915592
6.10132 0.0931143
6.13419 0.0931
6.14793 0.0930875
6.16287 0.0933266
6.17602 0.0937858
6.2047 0.0944375
6.21546 0.0947578
6.24116 0.0945381
6.25251 0.0937209
6.26506 0.0925057
6.27642 0.0913175
6.30211 0.0902778
6.31586 0.0893681
6.33498 0.0883221
6.34932 0.0876568
6.36307 0.0871997
6.37502 0.0867998
6.40251 0.0865748
6.41506 0.0863779
6.43538 0.0859557
6.44853 0.0857112
6.46167 0.0854973
6.49753 0.0885602
6.51486 0.0883651
6.52741 0.0879445
6.54115 0.0877014
6.58059 0.0907388
6.59255 0.0900214
6.60988 0.0898937
6.62243 0.089157
6.66067 0.0916374
6.67382 0.0908077
6.69175 0.0907068
6.7025 0.0899934
6.71446 0.0896192
6.75868 0.0935418
6.77123 0.0927241
6.78438 0.0920086
6.79991 0.0915075
6.84115 0.0946941
6.85728 0.0943573
6.87342 0.0943126
6.88836 0.0945236
6.93856 0.0992081
6.94991 0.0991821
6.96724 0.100159
6.98696 0.0993894
7.0031 0.0985907
7.03836 0.0970169
7.0527 0.0955148
7.0778 0.0943254
7.09274 0.0932848
7.128 0.0923742
7.14413 0.0918274
7.16803 0.091224
7.18238 0.090696
7.22003 0.090609
7.23497 0.0900329
7.25409 0.0895287
7.27022 0.0892127
7.31206 0.0890611
7.32819 0.0890534
7.34194 0.0887968
7.35688 0.0884472
7.41245 0.0897663
7.4244 0.0892955
7.44054 0.0893835
7.46086 0.0894606
7.49492 0.091278
7.51464 0.0908683
7.52839 0.0903847
7.5505 0.0900866
7.56604 0.0898258
7.60488 0.0898476
7.62161 0.0899916
7.64791 0.0908677
7.66404 0.0917592
7.70826 0.0930393
7.7238 0.0935344
7.74412 0.0933426
7.75727 0.0929248
7.7985 0.0924342
7.81464 0.0920049
7.83555 0.0917543
7.85049 0.09141
7.89173 0.0909838
7.90607 0.0906108
7.92579 0.0901594
7.93834 0.0898895
7.98316 0.0899033
7.99989 0.0900404
8.02081 0.0901604
8.03635 0.0903903
8.07878 0.0905915
8.09372 0.0906426
8.11583 0.0909373
8.13196 0.0911951
8.1714 0.0911707
8.18336 0.0912744
8.21264 0.0912401
8.22877 0.0913351
8.26582 0.0914182
8.28196 0.0916159
8.30706 0.0917889
8.32319 0.0919403
8.34052 0.0921978
8.38415 0.093173
8.40327 0.0944014
8.43614 0.0962262
8.45407 0.097573
8.48275 0.0971263
8.49829 0.0967355
8.52638 0.0958936
8.54251 0.0951569
8.57478 0.0943873
8.59152 0.0938389
8.61841 0.093484
8.63155 0.0927985
8.6698 0.0928237
8.69012 0.0928457
8.71343 0.092365
8.72956 0.0919444
8.76362 0.0918263
8.78095 0.091848
8.80605 0.091742
8.82219 0.0916493
8.85326 0.0914431
8.8694 0.0912627
8.90645 0.0923549
8.92916 0.0924355
8.95426 0.0928811
8.97278 0.092646
9.01342 0.0953152
9.03493 0.0949008
9.06242 0.0957882
9.12099 0.0965647
9.13653 0.0968691
9.16282 0.0966355
9.18672 0.096431
9.22617 0.0955021
9.24529 0.0946894
9.27875 0.0939782
9.29967 0.0936059
9.33792 0.0931552
9.35823 0.0930108
9.39588 0.0932594
9.42039 0.093477
9.45385 0.0931674
9.47417 0.0931465
9.51242 0.0928782
9.53214 0.0927684
9.57218 0.0927973
9.5913 0.0928227
9.62895 0.0930948
9.65405 0.093583
9.6899 0.0936351
9.71321 0.0941807
9.75803 0.0954081
9.78193 0.0968571
9.82078 0.097625
9.86918 0.101547
9.89906 0.101103
9.95165 0.103341
9.97675 0.102173
10.0347 0.105401
10.0592 0.103976
10.1339 0.108854
10.1925 0.102372
10.2098 0.0957008
10.2559 0.0893632
10.3037 0.0835678
10.3276 0.0789969
10.3605 0.0758722
10.3862 0.0738882
10.4119 0.0729022
10.4334 0.0722894
10.4537 0.0720032
10.4746 0.0721278
10.4961 0.0727369
10.5159 0.0733947
10.5386 0.0745954
10.5601 0.076271
10.5834 0.0783621
10.6013 0.0805668
10.6175 0.082746
10.6497 0.0859027
10.6754 0.0891649
10.6987 0.0921443
10.7185 0.0950012
10.737 0.0976261
10.7567 0.100298
10.7914 0.104761
10.8105 0.107416
10.8428 0.111614
10.8643 0.114287
10.884 0.116876
10.9055 0.119642
10.9258 0.122436
10.9461 0.125382
10.9659 0.128084
10.9862 0.130949
11.0053 0.133705
11.025 0.136367
11.0447 0.138946
11.0639 0.141453
11.0866 0.144271
11.1063 0.147362
11.123 0.149942
11.1553 0.154574
11.1678 0.156752
11.1929 0.160158
11.2145 0.162139
11.2354 0.163746
11.2575 0.165153
11.2736 0.166009
11.2916 0.166758
11.319 0.168788
11.3382 0.16919
11.3633 0.170541
11.3812 0.171098
11.4069 0.172461
11.4266 0.173278
11.4481 0.174619
11.4666 0.175041
11.4882 0.176036
11.5043 0.175907
11.5366 0.177668
11.5527 0.177585
11.5754 0.178137
11.5945 0.17812
11.6178 0.178855
11.6364 0.178873
11.6567 0.179264
11.6746 0.178856
11.7081 0.180874
11.7212 0.18039
11.7487 0.181591
11.7684 0.181267
11.7905 0.180984
11.8133 0.180861
11.8312 0.180253
11.8473 0.179221
11.8748 0.179569
11.8909 0.178248
11.9154 0.177967
11.9328 0.176971
11.9555 0.17685
11.9752 0.176243
11.9991 0.176588
12.0176 0.176139
12.0421 0.176747
12.0589 0.176404
12.084 0.176978
12.1013 0.176856
12.1252 0.177624
12.1413 0.177296
12.17 0.178509
12.1891 0.178195
12.2113 0.178546
12.2304 0.178353
12.2519 0.178559
12.2644 0.177739
12.2895 0.178521
12.3015 0.177331
12.3302 0.17829
12.3619 0.177379
12.3846 0.176581
12.4061 0.175634
12.424 0.174804
12.4389 0.173579
12.4557 0.172257
12.4706 0.170724
12.4856 0.168884
12.5196 0.166898
12.5369 0.164911
12.5609 0.163172
12.58 0.161651
12.5985 0.160444
12.6164 0.159389
12.6361 0.15859
12.6541 0.157891
12.6768 0.15703
12.6941 0.156276
12.7138 0.155742
12.7324 0.155399
12.7503 0.155099
12.7658 0.154462
12.7826 0.153904
12.8011 0.153541
12.819 0.153473
12.8328 0.152789
12.8567 0.153441
12.8698 0.15276
12.8967 0.153915
12.9152 0.153426
12.9367 0.152873
12.9565 0.152139
12.9756 0.151746
12.9929 0.151278
13.0144 0.151493
13.0353 0.152182
13.0563 0.153159
13.0694 0.153514
13.0843 0.153575
13.1011 0.153628
13.122 0.153924
13.1375 0.153309
13.1537 0.152645
13.1692 0.151815
13.1985 0.152588
13.214 0.151639
13.2308 0.150559
13.2499 0.149864
13.2672 0.149381
13.2857 0.148959
13.3037 0.148714
13.3204 0.1485
13.3389 0.148437
13.3563 0.148508
13.3706 0.148194
13.3831 0.14767
13.4053 0.148336
13.4196 0.148044
13.4465 0.149539
13.4674 0.149596
13.4877 0.149522
13.5098 0.149582
13.5308 0.149509
13.5457 0.148945
13.5618 0.148327
13.5786 0.147911
13.5959 0.147547
13.6156 0.147604
13.6335 0.147778
13.6533 0.148306
13.6742 0.149268
13.6927 0.150359
13.7088 0.151189
13.7244 0.151791
13.7387 0.151942
13.7537 0.151824
13.7698 0.151596
13.7871 0.151647
13.8015 0.151316
13.8242 0.151026
13.8397 0.150523
13.8558 0.149958
13.8726 0.149463
13.8887 0.14903
13.9078 0.148901
13.9234 0.148664
13.9407 0.148456
13.9562 0.148274
13.9706 0.14799
13.9825 0.147741
13.9939 0.147398
14.013 0.148223
14.025 0.147821
14.0471 0.148843
14.0662 0.148863
14.0859 0.148755
14.1039 0.148535
14.12 0.148343
14.1337 0.148051
14.1493 0.147794
14.1636 0.147445
14.1786 0.147139
14.1947 0.146872
14.2108 0.146763
14.2252 0.146668
14.2395 0.146459
14.2574 0.146652
14.2742 0.14707
14.2921 0.147811
14.3082 0.148585
14.3268 0.149512
14.3429 0.150448
14.3578 0.151267
14.371 0.151734
14.3841 0.152017
14.3967 0.15189
14.4116 0.151779
14.4248 0.151431
14.4433 0.151002
14.4552 0.150252
14.475 0.149346
14.4893 0.148552
14.5042 0.147858
14.5192 0.147251
14.5335 0.146595
14.5443 0.14602
14.5574 0.145643
14.57 0.145437
14.5885 0.145133
14.6028 0.145241
14.6202 0.145336
14.6387 0.145294
14.6566 0.145257
14.6728 0.14485
14.6895 0.144619
14.7032 0.144291
14.7182 0.14413
14.7337 0.143989
14.7463 0.14374
14.7612 0.143523
14.7756 0.143332
14.7893 0.143041
14.8042 0.142911
14.818 0.142547
14.8323 0.142353
14.8485 0.142309
14.864 0.142396
14.8777 0.142346
14.8933 0.142553
14.9088 0.142734
14.9256 0.143267
14.9429 0.143984
14.9602 0.145111
14.9752 0.146097
14.9877 0.14671
15.0008 0.146996
15.0152 0.147372
15.0277 0.147325
15.0415 0.147284
15.0558 0.147124
15.072 0.146483
15.0851 0.145923
15.1036 0.145183
15.1144 0.144535
15.1275 0.143718
15.1395 0.143128
15.1586 0.142737
15.1688 0.14227
15.1873 0.142361
15.2046 0.142191
15.2238 0.142167
15.2417 0.142146
15.2548 0.141753
15.268 0.141284
15.2817 0.140998
15.2937 0.140624
15.308 0.140421
15.3206 0.140118
15.3355 0.139978
15.3481 0.139856
15.3624 0.139749
15.3755 0.139655
15.3893 0.139698
15.4036 0.139736
15.418 0.139894
15.4305 0.139907
15.4443 0.140044
15.4574 0.140163
15.47 0.140018
15.4837 0.140016
15.4981 0.140139
15.5112 0.140246
15.5243 0.140341
15.5411 0.140923
15.556 0.141683
15.5728 0.142722
15.5883 0.143882
15.6026 0.145022
15.617 0.146144
15.6295 0.147126
15.6421 0.147985
15.6522 0.148362
15.6642 0.148567
15.6755 0.148371
15.6857 0.147825
15.6947 0.147222
15.7048 0.146694
15.7287 0.147982
15.7389 0.147359
15.7526 0.147314
15.7688 0.146775
15.7861 0.146428
15.8034 0.14625
15.819 0.145843
15.8339 0.145238
15.8447 0.144583
15.8578 0.144135
15.8686 0.143618
15.8799 0.143041
15.8931 0.142911
15.905 0.142797
15.917 0.142572
15.9277 0.142376
15.9403 0.142329
15.9522 0.142288
15.9642 0.142252
15.9761 0.142345
15.9881 0.142427
15.9994 0.142374
16.0114 0.142452
16.0227 0.142396
16.0353 0.142471
16.0472 0.142537
16.0598 0.14272
16.0717 0.14288
16.0837 0.14302
16.0939 0.143018
16.1064 0.14314
16.1178 0.143123
16.1297 0.143232
16.1411 0.143328
16.153 0.143537
16.1626 0.14347
16.1763 0.143661
16.1889 0.143954
16.2026 0.14446
16.2146 0.145027
16.2289 0.145774
16.2427 0.146802
16.2558 0.147827
16.2648 0.148473
16.2737 0.148789
16.2821 0.149066
16.2905 0.149182
16.3042 0.14916
16.312 0.149015
16.3251 0.148763
16.3335 0.148417
16.3514 0.148365
16.3628 0.14782
16.3777 0.147467
16.3939 0.147284
16.4052 0.146873
16.4148 0.146139
16.4261 0.145622
16.4387 0.145169
16.45 0.144898
16.4632 0.144911
16.4751 0.144922
16.4865 0.144932
16.4984 0.145065
16.5074 0.144932
16.5193 0.144816
16.5301 0.144714
16.5421 0.144749
16.5534 0.144781
16.5642 0.144808
16.5749 0.144707
16.5869 0.144619
16.5976 0.144541
16.6096 0.144599
16.6215 0.144774
16.6341 0.145177
16.6436 0.14528
16.655 0.14537
16.6658 0.145324
16.6777 0.145408
16.6891 0.145607
16.6986 0.145531
16.71 0.14534
16.7207 0.145172
16.7333 0.145276
16.7434 0.145241
16.7554 0.145336
16.7662 0.145419
16.7769 0.145242
16.7901 0.145462
16.8008 0.145529
16.8122 0.145713
16.8259 0.146124
16.8373 0.146608
16.8468 0.147032
16.8606 0.148028
16.8701 0.148775
16.8857 0.150303
16.8964 0.15114
16.9096 0.152497
16.9162 0.15281
16.9293 0.153709
16.9424 0.153745
16.9556 0.153652
16.9675 0.153446
16.9801 0.15314
16.9909 0.152372
16.9998 0.151451
17.0112 0.15077
17.0225 0.150298
17.0321 0.149761
17.0405 0.148916
17.0524 0.148301
17.0626 0.147639
17.0733 0.147059
17.0847 0.146677
17.0966 0.146467
17.1074 0.146284
17.1193 0.146248
17.1301 0.146217
17.1409 0.14619
17.151 0.146166
17.163 0.146145
17.1731 0.146127
17.1827 0.145861
17.194 0.145754
17.2048 0.145659
17.215 0.145452
17.2251 0.145271
17.2359 0.145112
17.2472 0.145098
17.2586 0.145086
17.2681 0.145075
17.2789 0.14494
17.2897 0.144823
17.2998 0.144595
17.3106 0.144521
17.3213 0.144456
17.3327 0.144399
17.344 0.144599
17.3548 0.144649
17.3644 0.144568
17.3763 0.144747
17.3859 0.144654
17.396 0.144572
17.408 0.1445
17.4163 0.144438
17.4253 0.144508
17.4349 0.14432
17.442 0.144155
17.4546 0.144135
17.4642 0.144368
17.4869 0.145197
17.5024 0.146298
17.5173 0.147385
17.5329 0.148587
17.546 0.149639
17.5574 0.150184
17.5681 0.150536
17.5783 0.150844
17.5867 0.150739
17.5944 0.150396
17.6034 0.149972
17.6136 0.149475
17.6219 0.148791
17.6315 0.148192
17.641 0.147668
17.6512 0.147209
17.6608 0.146683
17.6709 0.146098
17.6835 0.145961
17.6942 0.145591
17.708 0.145517
17.7187 0.145202
17.7289 0.144927
17.7379 0.144436
17.7474 0.144007
17.757 0.143506
17.7671 0.143192
17.7773 0.142918
17.7869 0.142554
17.7976 0.142234
17.8078 0.141955
17.8179 0.141711
17.8269 0.141372
17.8382 0.141325
17.8472 0.141285
17.8574 0.141249
17.8687 0.141343
17.8777 0.1413
17.8873 0.141263
17.8962 0.141105
17.9064 0.140967
17.9165 0.140846
17.9261 0.14074
17.9363 0.140773
17.9458 0.140676
17.956 0.140592
17.9673 0.140768
17.9769 0.140797
17.9859 0.140822
17.9936 0.140969
18.0014 0.141098
18.0116 0.141211
18.0187 0.14131
18.0265 0.141396
18.0343 0.141596
18.0462 0.142397
18.0534 0.142347
18.0659 0.142929
18.0791 0.143063
18.0934 0.143305
18.1066 0.143642
18.1209 0.144187
18.1359 0.144913
18.1478 0.145674
18.1592 0.146715
18.1711 0.147875
18.1813 0.148891
18.1878 0.149405
18.1962 0.149729
18.2046 0.149888
18.2129 0.149902
18.2195 0.149539
18.2291 0.149347
18.2368 0.148928
18.2458 0.148562
18.2542 0.148242
18.2619 0.147712
18.2709 0.147123
18.2799 0.146607
18.2912 0.146532
18.3014 0.14659
18.3109 0.146266
18.3235 0.146358
18.3313 0.145938
18.3396 0.145446
18.3492 0.14514
18.3576 0.144748
18.3677 0.144529
18.3773 0.144338
18.3868 0.144171
18.3964 0.144149
18.406 0.144131
18.4161 0.144364
18.4257 0.144569
18.4329 0.144498
18.4424 0.144561
18.4508 0.14449
18.4603 0.144554
18.4687 0.144485
18.4765 0.144299
18.4854 0.144262
18.4944 0.144229
18.5034 0.1442
18.5117 0.14405
18.5201 0.143919
18.5297 0.143804
18.5398 0.143954
18.5482 0.144084
18.5572 0.144199
18.5643 0.144174
18.5721 0.144277
18.5793 0.144493
18.5852 0.144556
18.5984 0.144862
18.6044 0.145004
18.6139 0.144753
18.6217 0.144784
18.6331 0.145186
18.645 0.145538
18.6546 0.145596
18.6653 0.145646
18.6761 0.14569
18.6868 0.145604
18.6982 0.145654
18.7078 0.145572
18.7167 0.1455
18.7251 0.145438
18.7346 0.145383
18.7448 0.145585
18.7562 0.146137
18.7651 0.146745
18.7747 0.147277
18.7848 0.147867
18.7944 0.148634
18.8046 0.14943
18.8141 0.150376
18.8231 0.151204
18.8309 0.151678
18.8374 0.151969
18.8446 0.151973
18.8518 0.151851
18.8613 0.15187
18.8685 0.151636
18.8757 0.151306
18.8846 0.151018
18.893 0.150891
18.9026 0.150779
18.9103 0.150682
18.9181 0.150472
18.9289 0.150413
18.9384 0.150236
18.948 0.150082
18.9546 0.149446
18.9653 0.149141
18.9743 0.148498
18.9832 0.148061
18.9916 0.147553
19 0.147109
19.0083 0.14672
19.0179 0.146505
19.0275 0.146442
19.0352 0.146262
19.0448 0.146229
19.0544 0.146326
19.0633 0.146535
19.0717 0.146593
19.0795 0.146519
19.0884 0.146579
19.098 0.146632
19.1075 0.146928
19.1135 0.146812
19.1225 0.146835
19.1309 0.146731
19.138 0.146639
19.1446 0.14656
19.1518 0.14649
19.1589 0.146553
19.1643 0.146609
19.1745 0.146533
19.1805 0.146341
19.1924 0.146424
19.1996 0.146496
19.2139 0.146684
19.2241 0.146973
19.2354 0.147227
19.2456 0.147448
19.2564 0.147642
19.2665 0.147687
19.2773 0.147851
19.2862 0.147745
19.294 0.147527
19.3018 0.147211
19.3101 0.147059
19.3179 0.146802
19.3257 0.146577
19.334 0.14638
19.3418 0.146082
19.3496 0.145822
19.3573 0.145594
19.3663 0.14552
19.3765 0.145705
19.3854 0.145867
19.395 0.146133
19.4052 0.146742
19.4141 0.147399
19.4237 0.148099
19.4338 0.148962
19.4428 0.149842
19.453 0.150736
19.4601 0.151519
19.4679 0.152079
19.4763 0.152694
19.4834 0.153108
19.4894 0.153219
19.4966 0.153067
19.5038 0.152808
19.5109 0.152457
19.5169 0.1519
19.5235 0.151288
19.5324 0.150877
19.539 0.150267
19.548 0.149734
19.5569 0.149392
19.5647 0.148718
19.5761 0.148628
19.5838 0.14805
19.5946 0.147919
19.6018 0.147304
19.6107 0.146891
19.6191 0.146654
19.6275 0.146323
19.6352 0.146032
19.6424 0.145653
19.6502 0.145322
19.6579 0.144906
19.6663 0.144668
19.6753 0.144585
19.683 0.144387
19.692 0.144338
19.6998 0.144171
19.7081 0.14415
19.7135 0.143881
19.7195 0.143646
19.7261 0.143565
19.732 0.143494
19.7386 0.143433
19.7446 0.143379
19.7547 0.143331
19.7601 0.14329
19.7703 0.143254
19.7757 0.143097
19.7882 0.14321
19.7972 0.143184
19.8073 0.143161
19.8169 0.143016
19.8259 0.142764
19.8366 0.142668
19.8468 0.142585
19.8557 0.142387
19.8629 0.142213
19.8695 0.141937
19.8773 0.141694
19.8856 0.141483
19.8928 0.141172
19.9006 0.141026
19.9077 0.140773
19.9143 0.140551
19.9215 0.140232
19.931 0.140328
19.9388 0.140287
19.946 0.140126
19.9537 0.14011
19.9615 0.140097
19.9687 0.140085
19.9759 0.139949
19.983 0.139955
19.9914 0.139961
19.9998 0.140091
20.0087 0.140329
20.0177 0.140663
20.0255 0.14108
20.0338 0.141445
20.0422 0.142015
20.0512 0.142638
20.0607 0.143433
20.0685 0.144129
20.0769 0.144863
20.0852 0.14563
20.0936 0.146301
20.1002 0.146889
20.1073 0.147278
20.1145 0.147618
20.1211 0.147791
20.1271 0.147817
20.1348 0.147715
20.142 0.147625
20.1498 0.147547
20.1563 0.147354
20.1623 0.14706
20.1701 0.146802
20.1773 0.146577
20.1838 0.14613
20.191 0.145739
20.1982 0.145396
20.2053 0.144972
20.2233 0.145975
20.2735 0.142103
20.3087 0.13659
20.3434 0.129642
20.3649 0.119811
20.3715 0.111335
20.3774 0.103918
20.3834 0.0975533
20.3906 0.0921092
20.3948 0.0870955
20.4014 0.0829586
20.4061 0.0792138
20.4139 0.076062
20.4211 0.0735543
20.4276 0.071485
20.4348 0.0697994
20.4414 0.0684495
20.4486 0.0675183
20.4557 0.0668285
20.4623 0.0663499
20.4695 0.0661812
20.4737 0.0659085
20.4808 0.06592
20.4856 0.06593
20.491 0.0660637
20.4952 0.0661808
20.4976 0.0660332
20.5029 0.065779
20.5083 0.0653066
20.5137 0.0646433
20.5197 0.0639379
20.5257 0.0630707
20.5304 0.0620618
20.5364 0.0609291
20.5418 0.059688
20.5472 0.058352
20.5519 0.056808
20.5561 0.055457
20.5609 0.0540248
20.5657 0.0527717
20.5699 0.0515503
20.5741 0.0506065
20.5788 0.0496557
20.5836 0.0488237
20.5896 0.0482208
20.595 0.0476932
20.6004 0.0473565
20.6057 0.0471869
20.6117 0.0471636
20.6171 0.0472681
20.6231 0.0474846
20.6278 0.047674
20.6332 0.0479648
20.638 0.0482192
20.6434 0.0485668
20.6488 0.0489959
20.6535 0.0493714
20.6589 0.049825
20.6649 0.0504719
20.6703 0.0511629
20.6751 0.0518925
20.6804 0.052531
20.6858 0.0532146
20.6912 0.0539378
20.6972 0.0548206
20.7025 0.055593
20.7067 0.0562689
20.7115 0.0568603
20.7175 0.0576277
20.7223 0.0584243
20.7276 0.0591212
20.7336 0.0599811
20.7384 0.0607334
20.7438 0.0615168
20.748 0.0620772
20.7539 0.0628175
20.7587 0.0634653
20.7653 0.0644072
20.7713 0.0653563
20.7766 0.0663117
20.7814 0.0672728
20.7868 0.0681137
20.7928 0.0690995
20.7976 0.069962
20.8035 0.0709668
20.8083 0.0718459
20.8137 0.0727402
20.8191 0.0736477
20.825 0.0746917
20.8298 0.0754802
20.8346 0.0762952
20.8418 0.0773833
20.849 0.0785854
20.8567 0.0801372
20.8651 0.0819951
20.8711 0.0838707
20.8788 0.0857618
20.8866 0.0879166
20.8944 0.090177
20.9015 0.0925299
20.9099 0.0949637
20.9177 0.0975932
20.9248 0.100269
20.932 0.102985
20.938 0.105612
20.9434 0.108161
20.9499 0.110766
20.9565 0.113545
20.9631 0.116352
20.9697 0.119183
20.9762 0.122035
20.981 0.124781
20.9876 0.127558
20.9942 0.130363
21.0043 0.133318
21.0103 0.136278
21.0318 0.139868
21.0408 0.143385
21.0527 0.147087
21.0629 0.150826
21.076 0.154598
21.085 0.158398
21.0982 0.162098
21.1047 0.165586
21.1179 0.168888
21.1244 0.172152
21.1352 0.175258
21.1412 0.178101
21.1495 0.180713
21.1549 0.182999
21.1657 0.185249
21.1717 0.187468
21.1812 0.189659
21.1866 0.191702
21.1944 0.193489
21.2003 0.195303
21.2153 0.19714
21.2213 0.198998
21.2487 0.201123
21.2535 0.202983
21.2732 0.20511
21.2798 0.207096
21.3019 0.209334
21.3073 0.211417
21.3258 0.21324
21.333 0.215335
21.3485 0.217043
21.3545 0.218788
21.3671 0.220439
21.3736 0.222009
21.3838 0.223383
21.3874 0.22446
21.3993 0.225528
21.4065 0.226837
21.4179 0.227857
21.4215 0.228625
21.4292 0.229297
21.4346 0.230135
21.4501 0.230618
21.4537 0.231041
21.4836 0.231536
21.4902 0.232094
21.5093 0.232582
21.5153 0.233009
21.5374 0.233133
21.5422 0.233366
21.5613 0.233446
21.5667 0.23364
21.5828 0.233685
21.5882 0.233849
21.6049 0.234118
21.6097 0.234478
21.6199 0.234419
21.6252 0.234616
21.636 0.234664
21.6414 0.234956
21.6533 0.234962
21.6581 0.235091
21.6665 0.235205
21.6707 0.235304
21.6874 0.235391
21.6922 0.235467
21.7185 0.235409
21.7232 0.235358
21.7442 0.235313
21.7495 0.235274
21.774 0.235365
21.7788 0.235319
21.7944 0.235029
21.8003 0.235026
21.8159 0.234647
21.8201 0.234441
21.8404 0.234386
21.8451 0.234588
21.8565 0.23464
21.8637 0.23481
21.8738 0.235083
21.8798 0.235323
21.8888 0.235158
21.8936 0.235013
21.9025 0.235011
21.9079 0.235135
21.9234 0.235118
21.9294 0.235228
21.9545 0.2352
21.9593 0.2353
21.9814 0.235387
21.9862 0.235589
22.0083 0.23539
22.0131 0.235341
22.028 0.235049
22.0346 0.235043
22.0507 0.234912
22.0549 0.234673
22.077 0.234839
22.0818 0.234984
22.0914 0.234861
22.0961 0.234754
22.1099 0.234784
22.1153 0.235061
22.1242 0.235054
22.1296 0.235172
22.1404 0.235525
22.1451 0.235835
22.1583 0.235605
22.1643 0.235655
22.1906 0.235698
22.1936 0.235611
22.2175 0.235659
22.2216 0.235827
22.2432 0.235724
22.2479 0.235508
22.2653 0.23557
22.27 0.235498
22.2874 0.235561
22.2928 0.235616
22.3113 0.235414
22.3179 0.235362
22.3262 0.235192
22.331 0.234918
22.3453 0.234803
22.3495 0.234703
22.3579 0.23449
22.3627 0.234304
22.374 0.234141
22.38 0.234248
22.392 0.233967
22.3967 0.233846
22.4272 0.23374
22.4326 0.233648
22.4559 0.233567
22.4601 0.233496
22.4804 0.233309
22.4852 0.23327
22.5031 0.233237
22.5073 0.233082
22.5258 0.232947
22.53 0.232703
22.5455 0.231866
22.5509 0.231382
22.5593 0.23096
22.5641 0.23084
22.5748 0.23011
22.5778 0.229346
22.5814 0.227928
22.585 0.226687
22.5957 0.225226
22.6017 0.223948
22.6143 0.222954
22.619 0.22196
22.6704 0.223965
22.6764 0.222469
22.6955 0.222911
22.7009 0.221547
22.7176 0.221853
22.7224 0.220622
22.7421 0.221419
22.7469 0.220492
22.7619 0.22093
22.7678 0.219814
22.7762 0.219337
22.7822 0.21892
22.7888 0.21868
22.7935 0.21797
22.7977 0.217224
22.8037 0.216696
22.8121 0.216734
22.824 0.217017
22.8306 0.216515
22.879 0.221451
22.8862 0.220394
22.9047 0.221095
22.9089 0.219708
22.925 0.22012
22.9286 0.21873
22.9495 0.219638
22.9561 0.218559
22.968 0.218239
22.9746 0.217084
22.9842 0.216573
22.9919 0.215877
22.9979 0.215267
23.0021 0.214609
23.0057 0.213783
23.0129 0.21331
23.0212 0.213396
23.0248 0.212847
23.0386 0.213366
23.0439 0.21282
23.0864 0.217093
23.1097 0.217456
23.115 0.215649
23.1288 0.215068
23.1342 0.213434
23.1557 0.214005
23.1617 0.212504
23.1748 0.212191
23.1808 0.210917
23.1897 0.210178
23.1945 0.208906
23.2005 0.207792
23.2035 0.206568
23.2083 0.205497
23.2131 0.20456
23.231 0.205115
23.2716 0.202476
23.2758 0.200166
23.2961 0.19777
23.3003 0.195549
23.3129 0.193356
23.3212 0.191561
23.3391 0.189616
23.3463 0.187789
23.3547 0.185815
23.3607 0.184088
23.3696 0.182702
23.3762 0.181615
23.3828 0.180663
23.3899 0.179955
23.4413 0.177961
23.4617 0.17559
23.4688 0.173392
23.479 0.171343
23.4838 0.169175
23.5011 0.167153
23.5089 0.165259
23.5148 0.163352
23.5232 0.161808
23.531 0.160332
23.5376 0.158915
23.5459 0.157676
23.5531 0.156591
23.6158 0.156142
23.6236 0.154
23.6373 0.152875
23.6493 0.151265
23.6607 0.149732
23.672 0.148391
23.684 0.147092
23.6935 0.145955
23.7025 0.144961
23.7115 0.144091
23.7204 0.143454
23.7551 0.142773
23.764 0.142176
23.7772 0.141904
23.7867 0.141666
23.8005 0.142083
23.8101 0.142322
23.8256 0.143282
23.8334 0.143247
23.8447 0.143591
23.8555 0.144142
23.868 0.145124
23.8776 0.146109
23.9188 0.15097
23.929 0.151974
23.9469 0.154102
23.9565 0.155339
23.9696 0.156922
23.9792 0.157807
23.9911 0.158956
23.9965 0.158961
24.0108 0.159841
24.0168 0.159361
24.0318 0.160066
24.0419 0.159683
24.0808 0.162847
24.0885 0.161616
24.1053 0.161539
24.116 0.160597
24.131 0.160522
24.1387 0.159582
24.1477 0.158759
24.1585 0.158414
24.1716 0.158613
24.1806 0.158411
24.1937 0.15886
24.2039 0.158627
24.2433 0.162299
24.2517 0.161761
24.2708 0.162541
24.2798 0.161724
24.2911 0.161508
24.2989 0.160695
24.3114 0.160608
24.3204 0.160157
24.3359 0.160512
24.3461 0.160448
24.3604 0.161017
24.367 0.16064
24.4077 0.16456
24.419 0.164115
24.4369 0.164476
24.4471 0.163791
24.4561 0.162942
24.4662 0.162449
24.4758 0.162018
24.4835 0.161516
24.5009 0.162202
24.5116 0.161926
24.5242 0.162186
24.5332 0.162162
24.5738 0.166017
24.5839 0.165015
24.6025 0.165513
24.6102 0.164699
24.6216 0.164237
24.6329 0.163832
24.6425 0.163603
24.6533 0.163653
24.6754 0.165446
24.6873 0.16589
24.7011 0.166904
24.7112 0.167666
24.7495 0.171958
24.7567 0.171588
24.774 0.172515
24.7812 0.171825
24.7949 0.171972
24.8051 0.171226
24.8158 0.170447
24.8254 0.169641
24.8457 0.170061
24.8559 0.169054
24.8678 0.168547
24.8762 0.167354
24.909 0.169434
24.9192 0.168005
24.9371 0.167879
24.9461 0.166769
24.9628 0.166673
24.9718 0.165839
24.9849 0.165734
24.9927 0.165142
25.0112 0.165875
25.0208 0.16514
25.0339 0.164998
25.0423 0.164498
25.0752 0.167186
25.0823 0.165913
25.1039 0.166299
25.1116 0.165511
25.1296 0.165947
25.1379 0.165204
25.1505 0.165428
25.1576 0.16475
25.178 0.165906
25.1893 0.165293
25.2007 0.164756
25.212 0.164412
25.2389 0.165985
25.2473 0.165112
25.2706 0.166098
25.2784 0.165461
25.2957 0.165903
25.3047 0.165165
25.313 0.164645
25.3214 0.163689
25.3387 0.163853
25.3477 0.162621
25.362 0.162294
25.371 0.161132
25.3967 0.162365
25.405 0.161195
25.4307 0.16217
25.4415 0.161524
25.4768 0.164209
25.4881 0.163558
25.5013 0.162238
25.5096 0.160958
25.5258 0.159838
25.5335 0.158734
25.555 0.157267
25.5676 0.155733
25.5849 0.153892
25.5945 0.152155
25.6399 0.152011
25.6525 0.14976
25.6656 0.14779
25.6787 0.146191
25.6985 0.145667
25.711 0.144209
25.7242 0.142933
25.7361 0.141691
25.7756 0.14398
25.7893 0.142232
25.8072 0.141453
25.8204 0.140272
25.8353 0.139488
25.8473 0.138177
25.8598 0.137155
25.8676 0.135635
25.9148 0.138931
25.9315 0.137814
25.9447 0.136713
25.9578 0.135749
25.9704 0.134905
25.9817 0.134042
25.9949 0.133287
26.0062 0.132626
26.0511 0.136048
26.066 0.134792
26.0797 0.133943
26.0923 0.1332
26.1042 0.132425
26.1162 0.131747
26.1305 0.131278
26.1443 0.130994
26.1969 0.135744
26.213 0.136026
26.2279 0.136398
26.2399 0.136848
26.253 0.137867
26.2608 0.138009
26.2781 0.139133
26.2919 0.138866
26.3355 0.142133
26.3475 0.140366
26.3648 0.13932
26.3767 0.13778
26.3875 0.136183
26.4024 0.13516
26.4144 0.13414
26.4269 0.133123
26.4688 0.135982
26.4819 0.134734
26.4993 0.134268
26.5118 0.133234
26.5249 0.13233
26.5381 0.131789
26.5518 0.131315
26.5638 0.130776
26.6038 0.133804
26.6146 0.132953
26.6337 0.133334
26.6439 0.132542
26.6624 0.132975
26.6773 0.132603
26.6935 0.132277
26.7054 0.131618
26.7365 0.133415
26.7479 0.132614
26.767 0.132662
26.7789 0.132079
26.7986 0.132444
26.8124 0.131889
26.8297 0.131903
26.8423 0.131415
26.8722 0.133238
26.8847 0.132458
26.9014 0.132401
26.9158 0.131851
26.9415 0.132994
26.957 0.133245
26.9767 0.134215
26.9923 0.134938
27.0227 0.137695
27.0323 0.138234
27.052 0.139954
27.0652 0.139835
27.0903 0.138856
27.1022 0.137749
27.1231 0.136405
27.1375 0.135229
27.1614 0.134326
27.1745 0.13341
27.1943 0.132609
27.2235 0.133658
27.2391 0.1327
27.2594 0.132488
27.2743 0.131677
27.2941 0.131592
27.3108 0.131018
27.3455 0.133016
27.3562 0.131889
27.3777 0.132028
27.3909 0.130899
27.4124 0.131162
27.4327 0.130767
27.4638 0.131921
27.4793 0.131056
27.5002 0.131049
27.5146 0.130293
27.5349 0.130256
27.5498 0.129599
27.5845 0.131524
27.6 0.130709
27.6203 0.13062
27.6353 0.129793
27.6556 0.129694
27.6711 0.129107
27.7046 0.130843
27.7213 0.130613
27.7446 0.131411
27.7596 0.13161
27.7907 0.134284
27.8074 0.134748
27.8349 0.136155
27.8486 0.135385
27.8642 0.134837
27.8791 0.133733
27.9072 0.134391
27.9287 0.133717
27.9442 0.132627
27.9699 0.132924
27.9849 0.131809
28.001 0.131082
28.0166 0.130447
28.05 0.132266
28.0662 0.131358
28.0924 0.131938
28.1074 0.131196
28.1223 0.130671
28.1343 0.129838
28.1677 0.131858
28.1875 0.131251
28.2126 0.131469
28.2281 0.130661
28.2424 0.129828
28.2592 0.129225
28.2765 0.128821
28.3148 0.128219
28.3315 0.127816
28.3542 0.127589
28.3703 0.127266
28.3865 0.126982
28.4038 0.126735
28.442 0.126518
28.4594 0.126328
28.4809 0.126037
28.4958 0.126157
28.5203 0.126638
28.5353 0.127433
28.5867 0.128754
28.6034 0.12941
28.6159 0.129483
28.6303 0.129423
28.6488 0.128745
28.6644 0.128152
28.714 0.127383
28.7313 0.12696
28.7474 0.126465
28.7647 0.126157
28.7827 0.126012
28.7976 0.125761
28.84 0.125666
28.8562 0.125707
28.8723 0.125494
28.8837 0.125307
28.9046 0.126269
28.9225 0.12636
28.9626 0.129065
28.9787 0.128682
28.9936 0.128347
29.011 0.128303
29.0241 0.128016
29.0402 0.127889
29.0809 0.130903
29.097 0.130415
29.1149 0.130113
29.1287 0.129724
29.1448 0.129383
29.1598 0.129085
29.201 0.132075
29.2171 0.131565
29.2398 0.13187
29.2536 0.131636
29.2727 0.132306
29.2865 0.132643
29.339 0.138063
29.3564 0.138305
29.3719 0.138267
29.3863 0.138233
29.4036 0.138329
29.4155 0.137413
29.4574 0.139861
29.4753 0.138379
29.495 0.137581
29.5111 0.136384
29.5261 0.135211
29.5428 0.134309
29.5781 0.136146
29.5942 0.135128
29.6193 0.135487
29.6313 0.134301
29.6468 0.133638
29.6605 0.132808
29.7024 0.135832
29.7209 0.134978
29.7406 0.134606
29.7574 0.13378
29.7717 0.132933
29.7878 0.132191
29.8243 0.134292
29.8398 0.133381
29.8613 0.133458
29.8757 0.132651
29.8978 0.13282
29.9121 0.132217
29.948 0.13419
29.9635 0.133291
29.9839 0.13313
30 0.132364
30.0227 0.132943
30.0376 0.132825
30.0854 0.137222
30.1046 0.137694
30.1201 0.138108
30.1344 0.138344
30.1661 0.140676
30.1799 0.139342
30.2223 0.141424
30.2396 0.139371
30.2558 0.13745
30.2743 0.135893
30.2988 0.135407
30.3173 0.134231
30.3675 0.132952
30.3842 0.131583
30.3986 0.13026
30.4135 0.129228
30.4482 0.128824
30.4745 0.128596
30.5103 0.128272
30.5289 0.127738
30.5474 0.12727
30.5665 0.126862
30.5982 0.126379
30.6179 0.125957
30.6573 0.125712
30.6777 0.125498
30.698 0.125436
30.7165 0.125381
30.8121 0.128834
30.842 0.128104
30.8689 0.125466
30.9024 0.120533
30.9233 0.112841
30.937 0.105486
30.9508 0.0981755
30.9656 0.0912785
30.9838 0.0849937
30.9934 0.0791195
31.0034 0.0739796
31.0131 0.0694821
31.023 0.0654219
31.0328 0.0618691
31.0426 0.0587605
31.0524 0.0561654
31.0638 0.0540197
31.0788 0.0527673
31.0901 0.0519214
31.0991 0.0511812
31.1128 0.0509085
31.1308 0.05167
31.1463 0.0532112
31.1576 0.0546848
31.1702 0.0565992
31.1821 0.0588993
31.1953 0.0616619
31.2084 0.0648292
31.2222 0.0684755
31.2353 0.0724161
31.2503 0.0768641
31.2688 0.0817561
31.2879 0.0869116
31.31 0.0929226
31.3327 0.0994323
31.356 0.106628
31.377 0.114175
31.3997 0.122528
31.4212 0.131462
31.4439 0.140779
31.466 0.150682
31.4887 0.160972
31.5096 0.17135
31.5503 0.182431
31.5652 0.192752
31.6082 0.202783
31.6214 0.21206
31.6584 0.220678
31.6698 0.228468
31.7128 0.236285
31.7266 0.243624
31.7678 0.250796
31.7803 0.257572
31.8204 0.264
31.8299 0.269875
31.8915 0.276391
31.9058 0.282467
31.9513 0.288284
31.9626 0.293623
31.9973 0.297795
32.008 0.301696
32.0582 0.305359
32.0678 0.308439
32.112 0.311134
32.1216 0.313492
32.1592 0.315431
32.1688 0.317127
32.2351 0.318486
32.2429 0.319675
32.2931 0.320966
32.3062 0.32222
32.3355 0.322818
32.3463 0.32359
32.3971 0.324142
32.4084 0.324874
32.4526 0.32539
32.464 0.326091
32.5004 0.326455
32.5112 0.327023
32.5751 0.327395
32.5835 0.327596
32.6361 0.327896
32.6451 0.328159
32.6761 0.328139
32.6845 0.328247
32.7425 0.328591
32.7532 0.328767
32.7945 0.328796
32.804 0.328822
32.8429 0.328844
32.8512 0.328738
32.914 0.328771
32.9224 0.3288
32.9755 0.32895
32.9845 0.329081
33.0156 0.329071
33.0257 0.329062
33.0813 0.328804
33.0885 0.328579
33.1327 0.328506
33.1488 0.328943
33.1823 0.328825
33.1919 0.328722
33.2552 0.329007
33.2636 0.329006
33.3138 0.32888
33.3251 0.32902
33.3574 0.329143
33.3664 0.32925
33.4219 0.329344
33.4303 0.329426
33.4775 0.329122
33.4871 0.329232
33.5223 0.329328
33.5349 0.329412
33.5917 0.329236
33.6012 0.329081
33.6532 0.328571
33.661 0.327875
33.6843 0.326265
33.6915 0.324607
33.7273 0.321156
33.7357 0.318012
33.7799 0.314635
33.7907 0.311931
33.8271 0.309314
33.8343 0.307025
33.8935 0.304772
33.9048 0.302676
33.9407 0.299466
33.9484 0.296533
33.9592 0.292966
33.9676 0.28972
34.0859 0.29138
34.096 0.287583
34.1498 0.289385
34.163 0.285837
34.1946 0.285232
34.2018 0.281078
34.209 0.277193
34.2185 0.273919
34.3273 0.283554
34.3488 0.279235
34.3626 0.275581
34.4014 0.270633
34.4128 0.266054
34.4343 0.261422
34.4456 0.257119
34.4582 0.25348
34.4707 0.25017
34.6291 0.247398
34.6614 0.244349
34.6799 0.24093
34.6918 0.237189
34.8108 0.246915
34.8221 0.238676
34.8347 0.231216
34.8478 0.224439
34.8616 0.218509
34.8747 0.213071
34.8908 0.208437
34.99 0.204382
35.0086 0.200709
35.0259 0.197371
35.0396 0.193824
35.0558 0.190971
35.0707 0.1886
35.0869 0.1869
35.1048 0.185912
35.1735 0.185048
35.1926 0.184417
35.2064 0.18399
35.2231 0.183491
35.2375 0.183055
35.2554 0.182673
35.2703 0.182589
35.29 0.182765
35.305 0.183045
35.3779 0.182789
35.3892 0.182815
35.4084 0.183089
35.4269 0.183452
35.4466 0.184146
35.4645 0.184878
35.4855 0.185893
35.5004 0.187031
35.5805 0.188777
35.593 0.190305
35.6068 0.191017
35.6205 0.19164
35.6408 0.191935
35.654 0.192068
35.6755 0.19156
35.688 0.191115
35.7651 0.189975
35.7765 0.189103
35.7902 0.18834
35.8004 0.187673
35.8309 0.187714
35.8494 0.188
35.8661 0.18825
35.8769 0.187968
35.954 0.187597
35.9677 0.187398
35.9827 0.187348
35.997 0.187429
36.0191 0.187501
36.0329 0.187563
36.0562 0.187743
36.0687 0.187775
36.1398 0.187428
36.1536 0.18725
36.1721 0.187218
36.184 0.187441
36.208 0.187511
36.2181 0.187572
36.2504 0.187751
36.2665 0.187782
36.3293 0.187684
36.3424 0.187599
36.3645 0.188024
36.3807 0.188771
36.4075 0.189924
36.4231 0.191309
36.4577 0.19277
36.4727 0.194174
36.5301 0.194652
36.5408 0.194696
36.5629 0.194609
36.5725 0.194158
36.6 0.193638
36.6095 0.193183
36.6442 0.192285
36.6585 0.191125
36.7129 0.189609
36.7279 0.188533
36.7452 0.187591
36.7589 0.186642
36.7799 0.185687
36.7942 0.184976
36.8235 0.184104
36.8354 0.183091
36.8874 0.18183
36.9006 0.180726
36.9167 0.17951
36.9299 0.178321
36.9514 0.177281
36.9633 0.176121
37.041 0.181356
37.0595 0.178937
37.0739 0.176319
37.09 0.174155
37.1061 0.172385
37.1211 0.170712
37.191 0.175998
37.2053 0.172998
37.2227 0.170498
37.24 0.168561
37.2603 0.167491
37.2788 0.166805
37.3482 0.172954
37.3607 0.171085
37.3745 0.169449
37.3852 0.167393
37.4067 0.166719
37.4247 0.164879
37.4862 0.168519
37.5012 0.165329
37.5167 0.162413
37.5334 0.159986
37.5502 0.158113
37.5669 0.156474
37.6243 0.16029
37.6386 0.158004
37.6535 0.155878
37.6709 0.154143
37.6864 0.15275
37.7037 0.151657
37.7653 0.15645
37.7766 0.154518
37.788 0.152829
37.8173 0.15185
37.8388 0.150869
37.8567 0.149885
37.8753 0.149275
37.9225 0.14874
37.9392 0.148148
37.9756 0.149254
37.9936 0.148597
38.0127 0.148148
38.0312 0.147879
38.0772 0.151144
38.0964 0.150126
38.137 0.152111
38.1591 0.151972
38.177 0.1521
38.1938 0.152463
38.2523 0.158405
38.2715 0.158229
38.3061 0.159576
38.3223 0.158129
38.3384 0.156613
38.3527 0.154786
38.4083 0.157938
38.4274 0.155946
38.4609 0.156077
38.486 0.154443
38.5051 0.153012
38.5499 0.151136
38.5673 0.149119
38.6013 0.147604
38.6169 0.146278
38.6509 0.145619
38.6766 0.145041
38.7065 0.144161
38.7262 0.143266
38.7609 0.142483
38.7794 0.141547
38.8147 0.140729
38.8344 0.140013
38.8619 0.139261
38.8828 0.138729
38.9163 0.138138
38.9384 0.137745
38.9701 0.137152
38.985 0.136383
39.0256 0.136835
39.0555 0.137731
39.0926 0.138764
39.1183 0.140419
39.1392 0.141867
39.1565 0.142758
39.1971 0.142538
39.2145 0.141846
39.2521 0.14074
39.273 0.139898
39.2922 0.138911
39.3137 0.138172
39.3483 0.137525
39.3704 0.13721
39.4057 0.136558
39.4398 0.138114
39.4679 0.137849
39.4995 0.138243
39.5216 0.137713
39.5671 0.140249
39.5886 0.139468
39.6244 0.140659
39.6477 0.139952
39.6926 0.142208
39.7147 0.141432
39.7523 0.142628
39.7762 0.141799
39.8186 0.143699
39.8491 0.143112
39.8784 0.142598
39.9029 0.141773
39.9567 0.144927
39.9848 0.145186
40.0194 0.146788
40.0445 0.147314
40.0917 0.150775
40.1115 0.149303
40.1443 0.14914
40.1682 0.147123
40.2149 0.148107
40.2358 0.145969
40.2746 0.145973
40.2991 0.144101
40.3398 0.144589
40.3637 0.143015
40.3935 0.142388
40.4168 0.14084
40.4641 0.142485
40.488 0.140799
40.5214 0.140699
40.5459 0.139612
40.5848 0.14066
40.6051 0.139578
40.6463 0.141506
40.6774 0.140942
40.715 0.141575
40.7401 0.140628
40.7712 0.140674
40.8035 0.14084
40.8298 0.140235
40.8752 0.142456
40.9033 0.142899
40.9415 0.145036
41.0067 0.150407
41.0234 0.148106
41.064 0.148593
41.0993 0.147019
41.1435 0.146766
41.1734 0.14517
41.22 0.146149
41.2481 0.144631
41.2768 0.143552
41.3156 0.132983
41.3678 0.12361
41.4351 0.116534
41.4782 0.107342
41.4883 0.0996742
41.5074 0.0944649
41.5403 0.0931568
41.5648 0.0941372
41.5804 0.0961201
41.6013 0.0993551
41.6186 0.103436
41.6377 0.108506
41.6616 0.115068
41.6903 0.123309
41.7094 0.132021
41.7692 0.143893
41.7847 0.155282
41.8176 0.167246
41.8284 0.178216
41.8445 0.188689
41.857 0.198603
41.8827 0.208652
41.8959 0.218196
41.9102 0.227296
41.921 0.235634
41.9377 0.243555
41.9503 0.251236
41.973 0.258706
41.9843 0.265868
42.0208 0.273634
42.0339 0.28118
42.0531 0.288783
42.0644 0.295935
42.1367 0.310318
42.1487 0.318528
42.163 0.326712
42.1738 0.333873
42.2072 0.343514
42.2138 0.349575
42.2216 0.355253
42.2287 0.360346
42.2437 0.366053
42.2503 0.370546
42.2604 0.375103
42.267 0.378965
42.2903 0.38472
42.2981 0.388255
42.3088 0.391973
42.3202 0.395351
42.3333 0.398807
42.3477 0.402456
42.3602 0.406274
42.3764 0.41049
42.3907 0.414804
42.4009 0.418703
42.4176 0.42324
42.4499 0.42821
42.4648 0.433559
42.5281 0.441114
42.5401 0.44835
42.576 0.456056
42.5897 0.463674
42.7014 0.47484
42.7128 0.48511
42.7427 0.495471
42.7534 0.505037
42.7983 0.514783
42.8066 0.52356
42.8138 0.53124
42.821 0.53796
42.8359 0.54359
42.8431 0.548641
42.8526 0.553061
42.8598 0.556928
42.8837 0.560312
42.8903 0.563273
42.904 0.565864
42.9118 0.568131
42.9405 0.571115
42.9512 0.574225
42.9799 0.577697
42.9925 0.58161
43.0182 0.585909
43.0301 0.590295
43.0917 0.596633
43.103 0.602804
43.2226 0.614079
47.2067 0.572819
47.2318 0.538966
47.2546 0.511346
47.2767 0.489052
47.2994 0.471546
47.3209 0.457978
47.3316 0.446605
47.343 0.437155
47.3544 0.42951
47.3669 0.423447
47.3795 0.418891
47.4016 0.416779
47.4189 0.416307
47.4291 0.416394
47.4398 0.416844
47.4512 0.417864
47.4637 0.419381
47.4781 0.421708
47.4936 0.424745
47.5079 0.428527
47.5271 0.433586
47.5635 0.441888
47.6024 0.453402
47.6394 0.467476
47.6741 0.483417
47.6938 0.499115
47.7093 0.514225
47.7255 0.528822
47.744 0.543094
47.7625 0.557333
47.7798 0.571291
47.7972 0.585005
47.8151 0.598629
47.8318 0.611925
47.8516 0.625435
47.8707 0.63888
47.8904 0.65252
47.9077 0.665955
47.9251 0.679336
47.9424 0.692419
47.9603 0.705492
47.9771 0.71843
47.995 0.731251
48.0123 0.74397
48.0255 0.756099
48.0374 0.767586
48.0494 0.778388
48.0631 0.788965
67.5362 0.758844
67.5463 0.732488
67.5565 0.709552
67.5649 0.689233
67.5744 0.671579
67.5834 0.656007
67.5917 0.642256
67.6007 0.630099
67.6091 0.619337
67.6174 0.609795
67.63 0.601695
67.6413 0.594983
67.6533 0.58936
67.6641 0.584565
67.6772 0.58087
67.6904 0.578011
67.7035 0.57601
67.7143 0.574383
67.7238 0.57296
67.731 0.57134
67.7382 0.569673
67.7453 0.567964
67.7519 0.565968
67.7597 0.564097
67.7668 0.562085
67.774 0.560199
67.7812 0.558175
67.7884 0.556028
67.7955 0.553899
67.8027 0.551662
67.8099 0.549454
67.817 0.547272
67.8248 0.544988
67.8338 0.54299
67.8421 0.541116
67.8535 0.539727
67.8738 0.539761
67.8858 0.540166
67.8983 0.540895
67.9103 0.541783
67.9228 0.542935
67.9372 0.544568
67.9497 0.546372
67.9599 0.547951
67.9718 0.549707
67.982 0.551244
67.9927 0.552713
68.0035 0.554249
68.0137 0.555593
68.0244 0.557019
68.0382 0.558766
68.0501 0.560671
68.0633 0.562712
68.08 0.565248
68.0949 0.568217
68.1099 0.57144
68.1176 0.574135
68.1302 0.576868
68.1374 0.579134
68.1451 0.581118
68.1523 0.582853
68.1601 0.584496
68.1672 0.585809
68.1768 0.587208
68.1876 0.588932
68.1971 0.590816
68.2079 0.592714
68.2186 0.594874
68.2276 0.597015
68.2378 0.599263
68.2545 0.602355
68.2658 0.605561
68.2772 0.608991
68.2981 0.613617
68.3232 0.619915
68.3477 0.62755
68.3704 0.636232
68.3919 0.645453
68.4284 0.657271
79.498 0.632237
79.5057 0.610083
79.5129 0.590447
79.5297 0.574141
79.5494 0.561249
79.5685 0.551093
79.5894 0.543581
79.6103 0.538508
79.6193 0.533945
79.6265 0.529702
79.6342 0.525739
79.6414 0.521897
79.6492 0.51841
79.6563 0.514983
79.6641 0.51186
79.6832 0.510253
79.7042 0.510346
79.7119 0.510053
79.7163 0.509171
79.7199 0.50765
79.7243 0.505694
79.7315 0.503732
79.7392 0.501765
79.7488 0.500045
79.7566 0.498289
79.7643 0.496503
79.7721 0.494815
79.7876 0.493963
79.8062 0.494468
79.8247 0.495909
79.8474 0.498796
79.8659 0.502446
79.8904 0.507515
79.9108 0.513326
79.9271 0.519285
79.9439 0.525375
79.9626 0.531828
79.9806 0.538474
79.9993 0.54554
80.0179 0.552723
80.0366 0.560257
80.0552 0.567975
80.0739 0.575853
80.0925 0.583872
80.1177 0.592763
96.9684 0.619667
