0.0 0
0.0905768 0.09
0.18279 0.09025
0.276537 0.0907188
0.370283 0.0911289
0.462454 0.102988
0.465606 0.101989
0.5562 0.100991
0.559352 0.100492
0.562504 0.100055
0.649946 0.0991734
0.653098 0.0989017
0.65625 0.098664
0.659402 0.098456
0.742117 0.108649
0.745269 0.107068
0.748421 0.105559
0.751573 0.104614
0.754725 0.103788
0.757877 0.103064
0.834287 0.112056
0.837439 0.109924
0.840591 0.108059
0.843743 0.106801
0.846895 0.105701
0.850047 0.104864
0.853199 0.104506
0.856351 0.104192
0.859503 0.103918
0.926458 0.112054
0.92961 0.109922
0.932762 0.108057
0.935914 0.1068
0.939066 0.105825
0.942218 0.104972
0.94537 0.1046
0.948522 0.104275
0.951674 0.103866
0.954826 0.103882
0.957978 0.103897
0.96113 0.104035
0.964282 0.104531
0.967434 0.104964
1.0202 0.103594
1.02336 0.10277
1.02651 0.102048
1.02966 0.101417
1.03281 0.10124
1.03596 0.101085
1.03912 0.100949
1.04227 0.101206
1.04542 0.10143
1.04857 0.101626
1.05172 0.102173
1.05488 0.102651
1.05803 0.103195
1.06118 0.104046
1.06433 0.10479
1.06748 0.105441
1.07064 0.106386
1.07379 0.107088
1.07694 0.107702
1.08009 0.108739
1.08324 0.109647
1.11395 0.107566
1.1171 0.106245
1.12025 0.105089
1.12341 0.104078
1.12656 0.103569
1.12971 0.103122
1.13286 0.102732
1.13601 0.102891
1.13917 0.103029
1.14232 0.103026
1.14547 0.103397
1.14862 0.103723
1.15177 0.104007
1.15493 0.104631
1.15808 0.105303
1.16123 0.10589
1.16438 0.106779
1.16753 0.107556
1.17069 0.108112
1.17384 0.108973
1.17699 0.109726
1.18014 0.11051
1.18329 0.111572
1.18645 0.1125
1.1896 0.113313
1.19275 0.114399
1.1959 0.115349
1.19905 0.116305
1.20221 0.117517
1.20536 0.118452
1.20851 0.119271
1.21166 0.120362
1.21481 0.117942
1.21797 0.115699
1.22112 0.114237
1.22427 0.112957
1.22742 0.111837
1.23057 0.111233
1.23373 0.110704
1.23688 0.110241
1.24003 0.110336
1.24318 0.110419
1.24633 0.110366
1.24949 0.110696
1.25264 0.110984
1.25579 0.111236
1.25894 0.111831
1.26209 0.112477
1.26525 0.113043
1.2684 0.113912
1.27155 0.114673
1.2747 0.115339
1.27785 0.116297
1.28101 0.117135
1.28416 0.117868
1.28731 0.118884
1.29046 0.119774
1.29361 0.120552
1.29677 0.121608
1.29992 0.122532
1.30307 0.123466
1.30622 0.124657
1.30937 0.1257
1.31253 0.126488
1.31568 0.127552
1.31883 0.128483
1.32198 0.129297
1.32513 0.13051
1.32829 0.131571
1.33144 0.1325
1.33459 0.133688
1.33774 0.134727
1.34089 0.135511
1.34405 0.136697
1.3472 0.137735
1.35035 0.138643
1.3535 0.139813
1.35665 0.140836
1.35981 0.141732
1.36296 0.14289
1.36611 0.144029
1.36926 0.145025
1.37241 0.146272
1.37557 0.147238
1.37872 0.148083
1.38187 0.149198
1.38502 0.150298
1.38817 0.151261
1.39133 0.152478
1.39448 0.153543
1.39763 0.154476
1.40078 0.155666
1.40393 0.156583
1.40709 0.15751
1.41024 0.158696
1.41339 0.159734
1.41654 0.160642
1.41969 0.161812
1.42285 0.162836
1.426 0.163731
1.42915 0.165015
1.4323 0.166138
1.43545 0.166996
1.43861 0.168121
1.44176 0.169106
1.44491 0.169968
1.44806 0.171222
1.45121 0.172319
1.45437 0.173279
1.45752 0.174494
1.46067 0.175558
1.46382 0.176363
1.46697 0.177442
1.47013 0.178512
1.47328 0.179448
1.47643 0.180642
1.47958 0.181687
1.48273 0.182601
1.48589 0.183776
1.48904 0.184929
1.49219 0.185938
1.49534 0.187196
1.49849 0.188171
1.50165 0.189025
1.5048 0.190147
1.50795 0.191128
1.5111 0.192112
1.51425 0.193348
1.51741 0.19443
1.52056 0.195376
1.52371 0.196579
1.52686 0.197632
1.53001 0.198553
1.53317 0.199734
1.53632 0.200767
1.53947 0.201671
1.54262 0.202837
1.54577 0.203858
1.54893 0.20475
1.55208 0.206032
1.55523 0.207153
1.55838 0.208009
1.56153 0.209132
1.56469 0.210116
1.56784 0.210976
1.57099 0.212104
1.57414 0.213216
1.57729 0.214189
1.58045 0.215416
1.5836 0.216489
1.58675 0.217428
1.5899 0.218624
1.59305 0.219671
1.59621 0.220587
1.59936 0.221764
1.60251 0.222793
1.60566 0.223694
1.60881 0.224857
1.61197 0.225875
1.61512 0.226891
1.61827 0.228154
1.62142 0.229135
1.62457 0.229993
1.62773 0.231119
1.63088 0.232104
1.63403 0.233091
1.63718 0.23433
1.64033 0.235414
1.64349 0.236362
1.64664 0.237567
1.64979 0.238621
1.65294 0.239418
1.65609 0.240616
1.65925 0.241664
1.6624 0.242581
1.66555 0.243758
1.6687 0.244789
1.67185 0.24569
1.67501 0.246979
1.67816 0.248106
1.68131 0.249093
1.68446 0.250331
1.68761 0.25129
1.69077 0.252129
1.69392 0.253238
1.69707 0.254333
1.70022 0.255291
1.70337 0.256505
1.70653 0.257567
1.70968 0.258496
1.71283 0.259684
1.71598 0.260598
1.71913 0.261524
1.72229 0.262708
1.72544 0.263745
1.72859 0.264652
1.73174 0.26582
1.73489 0.266843
1.73805 0.267862
1.7412 0.26913
1.74435 0.270238
1.7475 0.271084
1.75065 0.272198
1.75381 0.273173
1.75696 0.274027
1.76011 0.275273
1.76326 0.276364
1.76641 0.277319
1.76957 0.278529
1.77272 0.279588
1.77587 0.280389
1.77902 0.281591
1.78217 0.282642
1.78533 0.283562
1.78848 0.284741
1.79163 0.285774
1.79478 0.286677
1.79793 0.287842
1.80109 0.288987
1.80424 0.289989
1.80739 0.29124
1.81054 0.29221
1.81369 0.293059
1.81685 0.294176
1.82 0.295154
1.82315 0.296135
1.8263 0.297368
1.82945 0.298447
1.83261 0.299391
1.83576 0.300592
1.83891 0.301518
1.84206 0.302454
1.84521 0.303647
1.84837 0.304691
1.85152 0.305605
1.85467 0.306779
1.85782 0.307807
1.86097 0.308706
1.86413 0.309993
1.86728 0.311119
1.87043 0.311979
1.87358 0.313106
1.87673 0.314093
1.87989 0.314956
1.88304 0.316212
1.88619 0.31731
1.88934 0.318272
1.89249 0.319488
1.89565 0.320552
1.8988 0.321483
1.90195 0.322672
1.9051 0.323713
1.90825 0.324624
1.91141 0.325796
1.91456 0.326822
1.91771 0.327719
1.92086 0.328879
1.92401 0.330019
1.92717 0.331017
4.73613 0.30939
4.73929 0.290841
4.74244 0.274986
4.74559 0.261488
4.74874 0.250052
4.75189 0.24042
4.75505 0.232493
4.7582 0.225931
4.76135 0.220565
4.7645 0.216244
4.76765 0.212839
4.77081 0.210234
4.77396 0.20833
4.77711 0.207163
4.78026 0.206518
4.78341 0.206328
4.78657 0.206537
4.78972 0.207095
4.79287 0.207958
4.79602 0.209213
4.79917 0.210687
4.80233 0.212351
4.80548 0.214182
4.80863 0.216159
4.81178 0.218264
4.81493 0.220481
4.81809 0.222921
4.82124 0.225431
4.82439 0.228002
4.82754 0.230627
4.83069 0.233298
4.83385 0.236011
4.837 0.23876
4.84015 0.241665
4.8433 0.244582
4.84645 0.247509
4.84961 0.250445
4.85276 0.25339
4.85591 0.256341
4.85906 0.259423
4.86221 0.262495
4.86537 0.265559
4.86852 0.268614
4.87167 0.271662
4.87482 0.274704
4.87797 0.277741
4.88113 0.280899
4.88428 0.284036
4.88743 0.287157
4.89058 0.290262
4.89373 0.273604
4.89689 0.259029
4.90004 0.246775
4.90319 0.236053
4.90634 0.226672
4.90949 0.218838
4.91265 0.211983
4.9158 0.205985
4.91895 0.201112
4.9221 0.196848
4.92525 0.193117
4.92841 0.190227
4.93156 0.187699
4.93471 0.185487
4.93786 0.183926
4.94101 0.182685
4.94417 0.181599
4.94732 0.181024
4.95047 0.180521
4.95362 0.179956
4.95677 0.179837
4.95993 0.179732
4.96308 0.179766
4.96623 0.18017
4.96938 0.180524
4.97253 0.180833
4.97569 0.181479
4.97884 0.182044
4.98199 0.182414
4.98514 0.183237
4.98829 0.183957
4.99145 0.184588
4.9946 0.185514
4.99775 0.186325
5.0009 0.187034
5.00405 0.188155
5.00721 0.189136
5.01036 0.189994
5.01351 0.191119
5.01666 0.19198
5.01981 0.192732
5.02297 0.193766
5.02612 0.194795
5.02927 0.195696
5.03242 0.196859
5.03557 0.197876
5.03873 0.198767
5.04188 0.199921
5.04503 0.201056
5.04818 0.201924
5.05133 0.203058
5.05449 0.204051
5.05764 0.20492
5.06079 0.206055
5.06394 0.207048
5.06709 0.208042
5.07025 0.209287
5.0734 0.210376
5.07655 0.211204
5.0797 0.212303
5.08285 0.213265
5.08601 0.214232
5.08916 0.215453
5.09231 0.216522
5.09546 0.217456
5.09861 0.218649
5.10177 0.219693
5.10492 0.220607
5.10807 0.221906
5.11122 0.222917
5.11437 0.223803
5.11753 0.224952
5.12068 0.225958
5.12383 0.226839
5.12698 0.227984
5.13013 0.229111
5.13329 0.230097
5.13644 0.231335
5.13959 0.232293
5.14274 0.233131
5.14589 0.23424
5.14905 0.235335
5.1522 0.236293
5.15535 0.237506
5.1585 0.238568
5.16165 0.239497
5.16481 0.240685
5.16796 0.241724
5.17111 0.242634
5.17426 0.243805
5.17741 0.244829
5.18057 0.245725
5.18372 0.246885
5.18687 0.247899
5.19002 0.248912
5.19317 0.250173
5.19633 0.251276
5.19948 0.252117
5.20263 0.253227
5.20578 0.254199
5.20893 0.255049
5.21209 0.256293
5.21524 0.257381
5.21839 0.258334
5.22154 0.259542
5.22469 0.260599
5.22785 0.261524
5.231 0.262709
5.23415 0.263745
5.2373 0.264652
5.24045 0.26582
5.24361 0.266843
5.24676 0.267738
5.24991 0.268895
5.25306 0.270033
5.25621 0.271029
5.25937 0.272276
5.26252 0.273366
5.26567 0.274195
5.26882 0.275296
5.27197 0.276259
5.27513 0.277227
5.27828 0.278448
5.28143 0.279517
5.28458 0.280453
5.28773 0.281646
5.29089 0.28269
5.29404 0.283604
5.29719 0.284778
5.30034 0.285806
5.30349 0.286705
5.30665 0.287867
5.3098 0.288884
5.31295 0.289773
5.3161 0.291052
5.31925 0.29217
5.32241 0.293149
5.32556 0.29438
5.32871 0.295333
5.33186 0.296166
5.33501 0.297395
5.33817 0.298471
5.34132 0.299412
5.34447 0.300611
5.34762 0.301659
5.35077 0.302577
5.35393 0.303755
5.35708 0.304785
5.36023 0.305687
5.36338 0.306851
5.36653 0.30787
5.36969 0.308761
5.37284 0.309916
5.37599 0.310927
5.37914 0.311936
5.38229 0.313194
5.38545 0.314295
5.3886 0.315133
5.39175 0.316241
5.3949 0.317211
5.39805 0.318185
5.40121 0.319412
5.40436 0.320485
5.40751 0.321424
5.41066 0.322621
5.41381 0.323669
5.41697 0.32446
5.42012 0.325653
5.42327 0.326696
5.42642 0.327609
5.42957 0.328408
5.43273 0.329107
5.43588 0.329719
5.43903 0.330754
5.44218 0.33166
5.44533 0.332327
5.44849 0.332911
5.45164 0.333422
5.45479 0.33387
5.45794 0.334261
5.46109 0.334728
5.46425 0.335137
5.4674 0.33537
5.47055 0.335574
5.4737 0.335752
5.47685 0.335908
5.48001 0.33617
5.48316 0.336398
5.48631 0.336474
5.48946 0.336539
5.49261 0.336597
5.49577 0.336647
5.49892 0.336691
5.50207 0.336855
5.50522 0.336998
5.50837 0.336998
5.51153 0.336999
5.51468 0.336999
5.51783 0.336999
5.52098 0.336999
5.52413 0.337124
5.52729 0.337109
5.53044 0.337095
5.53359 0.337083
5.53674 0.337073
5.53989 0.337064
5.54305 0.337181
5.5462 0.337283
5.54935 0.337248
5.5525 0.337217
5.55565 0.33719
5.55881 0.337166
5.56196 0.337145
5.56511 0.337252
5.56826 0.337346
5.57141 0.337302
5.57457 0.337265
5.57772 0.337231
5.58087 0.337203
5.58402 0.337302
5.58717 0.337389
5.59033 0.337341
5.59348 0.337298
5.59663 0.337261
6.216 0.332478
6.21915 0.328419
6.2223 0.324866
6.22545 0.321633
6.22861 0.318804
6.23176 0.316328
6.23491 0.314162
6.23964 0.312517
6.24279 0.311077
6.24594 0.309693
6.24909 0.308606
6.25225 0.307655
6.2554 0.306823
6.25855 0.306096
6.2617 0.305459
6.26485 0.304901
6.26801 0.304414
6.27116 0.303987
6.27431 0.303864
6.27746 0.303756
6.28061 0.303536
6.28377 0.303344
6.28692 0.303176
6.29007 0.303154
6.29322 0.303135
6.29637 0.303118
6.29953 0.302978
6.30268 0.302856
6.30583 0.302749
6.30898 0.302655
6.31213 0.302698
6.31529 0.302736
6.31844 0.302769
6.32159 0.302673
6.32474 0.302589
6.32789 0.302515
6.33104 0.302576
6.3342 0.302629
6.33735 0.302675
6.3405 0.302591
6.34365 0.302517
6.3468 0.302452
6.34996 0.302396
6.35311 0.302471
6.35626 0.302662
6.35941 0.30283
6.36256 0.302976
6.36572 0.303104
6.36887 0.303216
6.37202 0.303439
6.37517 0.303509
6.37832 0.30357
6.38148 0.303624
6.38463 0.303671
6.38778 0.303712
6.39093 0.303748
6.39408 0.303905
6.39724 0.303917
6.40039 0.303927
6.40354 0.303936
6.40669 0.303944
6.40984 0.303951
6.413 0.303957
6.41615 0.303963
6.4193 0.303967
6.42245 0.303971
6.4256 0.303975
6.42876 0.303978
6.43191 0.303981
6.43506 0.304108
6.43821 0.304345
6.44136 0.304552
6.44452 0.304733
6.44767 0.304891
6.45082 0.304905
6.45397 0.304917
6.45712 0.305052
6.46028 0.305171
6.46343 0.305274
6.46658 0.305365
6.46973 0.305319
6.47288 0.305279
6.47604 0.305369
6.47919 0.305448
6.48234 0.305517
6.48549 0.305578
6.48864 0.30563
6.4918 0.305552
6.49495 0.305483
6.4981 0.305547
6.50125 0.305604
6.5044 0.305653
6.50756 0.305697
6.51071 0.30561
6.51386 0.305533
6.51701 0.305592
6.52016 0.305893
6.52332 0.306531
6.52647 0.30709
6.52962 0.307454
6.53277 0.307772
6.53592 0.30805
6.53908 0.308419
6.54223 0.308742
6.54538 0.309024
6.54853 0.309021
6.55168 0.309018
6.55484 0.309016
6.55799 0.308889
6.56114 0.308903
6.56429 0.308915
6.56744 0.308926
6.5706 0.308935
6.57375 0.308943
6.5769 0.308825
6.58005 0.308472
6.5832 0.308163
6.58636 0.307893
6.58951 0.307656
6.59266 0.307449
6.59581 0.307143
6.59896 0.306875
6.60212 0.306766
6.60527 0.307045
6.60842 0.307289
6.61157 0.307503
6.61472 0.30769
6.61788 0.307854
6.62103 0.307997
6.62418 0.308123
6.62733 0.308232
6.63048 0.308328
6.63364 0.308412
6.63679 0.308486
6.63994 0.308425
6.64309 0.308497
6.64624 0.30856
6.6494 0.308615
6.65255 0.308663
6.6557 0.308705
6.65885 0.308742
6.662 0.308399
6.66516 0.308099
6.66831 0.307837
6.67146 0.307607
6.67461 0.307406
6.67776 0.307106
6.68092 0.306842
6.68407 0.306737
6.68722 0.30702
6.69037 0.307267
6.69352 0.307484
6.69668 0.307674
6.69983 0.307839
6.70298 0.307859
6.70613 0.308002
6.70928 0.308127
6.71244 0.308236
6.71559 0.308331
6.71874 0.308415
6.72189 0.308488
6.72504 0.308552
6.7282 0.308608
6.73135 0.308657
6.7345 0.3087
6.73765 0.308737
6.7408 0.30877
6.74396 0.308299
6.74711 0.308012
6.75026 0.30776
6.75341 0.30754
6.75656 0.307348
6.75972 0.307179
6.76287 0.306907
6.76602 0.306793
6.76917 0.307069
6.77232 0.307311
6.77548 0.307522
6.77863 0.307707
6.78178 0.307868
6.78493 0.307885
6.78808 0.308024
6.79124 0.308146
6.79439 0.308253
6.79754 0.308346
6.80069 0.308428
6.80384 0.308499
6.807 0.308437
6.81015 0.308507
6.8133 0.308569
6.81645 0.308623
6.8196 0.30867
6.82276 0.308711
6.82591 0.308622
6.82906 0.30867
6.83221 0.308711
6.83536 0.308747
6.83852 0.308779
6.84167 0.308806
6.84482 0.308831
6.84797 0.308727
6.85112 0.308761
6.85428 0.308791
6.85743 0.308817
6.86058 0.30884
6.86373 0.30886
6.86688 0.308877
6.87004 0.308893
6.87319 0.308906
6.87634 0.308918
6.87949 0.308928
6.88264 0.308937
6.8858 0.308945
6.88895 0.308827
6.8921 0.308848
6.89525 0.308867
6.8984 0.308884
6.90156 0.308898
6.90471 0.308911
6.90786 0.308922
6.91101 0.308932
6.91416 0.30894
6.91732 0.308948
6.92047 0.308954
6.92362 0.30896
6.92677 0.308965
6.92992 0.309344
6.93308 0.309676
6.93623 0.309967
6.93938 0.310221
6.94253 0.310443
6.94568 0.310638
6.94884 0.310808
6.95199 0.310957
6.95514 0.311088
6.95829 0.311202
6.96144 0.311301
6.9646 0.311389
6.96775 0.311465
6.9709 0.311532
6.97405 0.31159
6.9772 0.311642
6.98036 0.311686
6.98351 0.311726
6.98666 0.31176
6.98981 0.31179
6.99296 0.311816
6.99612 0.311839
6.99927 0.311859
7.00242 0.311877
7.00557 0.311892
7.00872 0.311906
7.01188 0.311918
7.01503 0.312053
7.01818 0.312046
7.02133 0.31204
7.02448 0.312035
7.02764 0.312031
7.03079 0.312027
7.03394 0.312024
7.03709 0.312021
7.04024 0.312018
7.0434 0.312016
7.04655 0.312014
7.0497 0.312012
7.05285 0.312011
7.056 0.312134
7.05916 0.312118
7.06231 0.312103
7.06546 0.31209
7.06861 0.312079
7.07176 0.312069
7.07492 0.31206
7.07807 0.312053
7.08122 0.312046
7.08437 0.31204
7.08752 0.312035
7.09068 0.312406
7.09383 0.31273
7.09698 0.313014
7.10013 0.313387
7.10328 0.313589
7.10644 0.313765
7.10959 0.31392
7.11274 0.314055
7.11589 0.314173
7.11904 0.314401
7.1222 0.314601
7.12535 0.314651
7.1285 0.314695
7.13165 0.314733
7.1348 0.314766
7.13796 0.314795
7.14111 0.314946
7.14426 0.314953
7.14741 0.314959
7.15056 0.314964
7.15372 0.314968
7.15687 0.314972
7.16002 0.315101
7.16317 0.315213
7.16632 0.315186
7.16948 0.315163
7.17263 0.315143
7.17578 0.315125
7.17893 0.315109
7.18208 0.315221
7.18524 0.315193
7.18839 0.315169
7.19154 0.315148
7.19469 0.315129
7.19784 0.315113
7.201 0.315099
7.20415 0.315212
7.2073 0.315185
7.21045 0.315162
7.2136 0.315142
7.21676 0.315124
7.21991 0.315109
7.22306 0.31522
7.22621 0.315192
7.22936 0.315168
7.23252 0.315147
7.23567 0.315129
7.23882 0.315113
7.24197 0.315099
7.24512 0.315211
7.24828 0.315185
7.25143 0.315537
7.25458 0.315845
7.25773 0.316114
7.26088 0.31635
7.26404 0.316681
7.26719 0.316971
7.27034 0.317225
7.27349 0.317322
7.27664 0.317406
7.2798 0.317481
7.28295 0.317545
7.2861 0.317727
7.28925 0.317886
7.2924 0.317901
7.29556 0.317913
7.29871 0.317924
7.30186 0.317933
7.30501 0.318067
7.30816 0.318183
7.31132 0.318285
7.31447 0.31825
7.31762 0.318219
7.32077 0.318191
7.32392 0.318167
7.32708 0.318271
7.33023 0.318362
7.33338 0.318317
7.33653 0.318278
7.33968 0.318243
7.34284 0.318212
7.34599 0.318186
7.34914 0.318288
7.35229 0.318377
7.35544 0.31833
7.3586 0.318288
7.36175 0.318252
7.3649 0.318221
7.36805 0.318318
7.3712 0.318403
7.37436 0.318353
7.37751 0.318309
7.38066 0.31827
7.38381 0.318236
7.38696 0.318207
7.39012 0.318306
7.39327 0.318393
7.39642 0.318344
7.39957 0.318301
7.40272 0.318263
7.40588 0.31823
7.40903 0.318326
7.41218 0.318786
7.41533 0.319187
7.41848 0.319539
7.42164 0.319722
7.42479 0.319881
7.42794 0.320021
7.43109 0.320269
7.43424 0.320485
7.4374 0.320674
7.44055 0.320715
7.4437 0.320751
7.44685 0.320782
7.45 0.320934
7.45316 0.321067
7.45631 0.321184
7.45946 0.321286
7.46261 0.32125
7.46576 0.321219
7.46892 0.321192
7.47207 0.321293
7.47522 0.321381
7.47837 0.321458
7.48152 0.321401
7.48468 0.321351
7.48783 0.321307
7.49098 0.321269
7.49413 0.32136
7.49728 0.32144
7.50044 0.32151
7.50359 0.321446
7.50674 0.321391
7.50989 0.321342
7.51304 0.321424
7.5162 0.321496
7.51935 0.321559
7.5225 0.321614
7.52565 0.321537
7.5288 0.32147
7.53196 0.321411
7.53511 0.321485
7.53826 0.321549
7.54141 0.321606
7.54456 0.32153
7.54772 0.321464
7.55087 0.321406
7.55402 0.32148
7.55717 0.321545
7.56032 0.321602
7.56348 0.321652
7.56663 0.32157
7.56978 0.321499
7.57293 0.321812
7.57608 0.32221
7.57924 0.322559
7.58239 0.322864
7.58554 0.323131
7.58869 0.32324
7.59184 0.323335
7.595 0.323418
7.59815 0.323616
7.6013 0.323789
7.60445 0.32394
7.6076 0.324073
7.61076 0.324063
7.61391 0.324056
7.61706 0.324174
7.62021 0.324277
7.62336 0.324367
7.62652 0.324446
7.62967 0.324391
7.63282 0.324342
7.63597 0.324299
7.63912 0.324387
7.64228 0.324463
7.64543 0.32453
7.64858 0.324589
7.65173 0.324515
7.65488 0.324451
7.65804 0.32452
7.66119 0.32458
7.66434 0.324632
7.66749 0.324678
7.67064 0.324718
7.6738 0.324629
7.67695 0.32455
7.6801 0.324606
7.68325 0.324656
7.6864 0.324699
7.68956 0.324736
7.69271 0.324644
7.69586 0.324564
7.69901 0.324618
7.70216 0.324666
7.70532 0.324708
7.70847 0.324744
7.71162 0.324776
7.71477 0.324679
7.71792 0.324594
7.72108 0.324645
7.72423 0.324689
7.72738 0.324728
7.73053 0.324762
7.73368 0.325167
7.73684 0.325396
7.73999 0.325597
7.74314 0.325897
7.74629 0.32616
7.74944 0.32639
7.7526 0.326591
7.75575 0.326767
7.7589 0.326796
7.76205 0.326947
7.7652 0.327078
7.76836 0.327194
7.77151 0.327294
7.77466 0.327383
7.77781 0.327335
7.78096 0.327293
7.78412 0.327381
7.78727 0.327459
7.79042 0.327526
7.79357 0.327586
7.79672 0.327637
7.79988 0.327558
7.80303 0.327613
7.80618 0.327661
7.80933 0.327704
7.81248 0.327741
7.81564 0.327773
7.81879 0.327801
7.82194 0.327701
7.82509 0.327739
7.82824 0.327771
7.8314 0.3278
7.83455 0.327825
7.8377 0.327847
7.84085 0.327741
7.844 0.327773
7.84716 0.327802
7.85031 0.327826
7.85346 0.327848
7.85661 0.327867
7.85976 0.327884
7.86292 0.327773
7.86607 0.327802
7.86922 0.327826
7.87237 0.327848
7.87552 0.327867
7.87868 0.327884
7.88183 0.327773
7.88498 0.327677
7.88813 0.327717
7.89128 0.327752
7.89444 0.328158
7.89759 0.328514
7.90074 0.328824
7.90389 0.329096
7.90704 0.329334
7.9102 0.329542
7.91335 0.329725
7.9165 0.329884
7.91965 0.330024
7.9228 0.330146
7.92596 0.330252
7.92911 0.330346
7.93226 0.330428
7.93541 0.330499
7.93856 0.330562
7.94172 0.330617
7.94487 0.330664
7.94802 0.330706
7.95117 0.330743
7.95432 0.330775
7.95748 0.330803
7.96063 0.330828
7.96378 0.330849
7.96693 0.330868
7.97008 0.330885
7.97324 0.330899
7.97639 0.330912
7.97954 0.330923
7.98269 0.330932
7.98584 0.330941
7.989 0.330823
7.99215 0.330845
7.9953 0.330865
7.99845 0.330882
8.0016 0.330896
8.00476 0.330909
8.00791 0.330921
8.01106 0.330931
8.01421 0.330939
8.01736 0.330947
8.02052 0.330954
8.02367 0.330959
8.02682 0.330964
8.02997 0.330844
8.03312 0.330863
8.03628 0.33088
8.03943 0.330895
8.04258 0.330908
8.04573 0.33092
8.04888 0.33093
8.05204 0.330939
8.05519 0.331321
8.05834 0.331656
8.06149 0.331949
8.06464 0.332206
8.0678 0.33243
8.07095 0.332626
8.0741 0.332923
8.07725 0.333057
8.0804 0.333175
8.08356 0.333278
8.08671 0.333369
8.08986 0.333448
8.09301 0.333642
8.09616 0.333686
8.09932 0.333726
8.10247 0.33376
8.10562 0.33379
8.10877 0.333816
8.11192 0.333839
8.11508 0.333984
8.11823 0.333986
8.12138 0.333988
8.12453 0.333989
8.12768 0.333991
8.13084 0.333992
8.13399 0.333993
8.13714 0.333994
8.14029 0.333995
8.14344 0.333995
8.1466 0.333996
8.14975 0.333996
8.1529 0.333997
8.15605 0.334122
8.1592 0.334107
8.16236 0.334094
8.16551 0.334082
8.16866 0.334072
8.17181 0.334063
8.17496 0.334055
8.17812 0.334048
8.18127 0.334042
8.18442 0.334037
8.18757 0.334032
8.19072 0.334028
8.19388 0.334025
8.19703 0.334147
8.20018 0.334128
8.20333 0.334112
8.20648 0.334098
8.20964 0.334086
8.21279 0.334075
8.21594 0.334441
8.21909 0.334886
8.22224 0.335275
8.2254 0.335491
8.22855 0.335679
8.2317 0.335844
8.23485 0.335989
8.238 0.33624
8.24116 0.33646
8.24431 0.336528
8.24746 0.336587
8.25061 0.336638
8.25376 0.336684
8.25692 0.336723
8.26007 0.336883
8.26322 0.337022
8.26637 0.33702
8.26952 0.337017
8.27268 0.337015
8.27583 0.337013
8.27898 0.337011
8.28213 0.337135
8.28528 0.337118
8.28844 0.337103
8.29159 0.33709
8.29474 0.337079
8.29789 0.337069
8.30104 0.337186
8.3042 0.337287
8.30735 0.337251
8.3105 0.33722
8.31365 0.337193
8.3168 0.337168
8.31996 0.337147
8.32311 0.337254
8.32626 0.337347
8.32941 0.337304
8.33256 0.337266
8.33572 0.337233
8.33887 0.337204
8.34202 0.337303
8.34517 0.33739
8.34832 0.337341
8.35148 0.337299
8.35463 0.337261
8.35778 0.337229
8.36093 0.3372
8.36408 0.3373
8.36724 0.337388
8.37039 0.337339
8.37354 0.337297
8.99291 0.33251
8.99606 0.328446
8.99921 0.32489
9.00236 0.321654
9.00552 0.318822
9.00867 0.316344
9.01182 0.314176
9.01655 0.312529
9.0197 0.311088
9.02285 0.309827
9.026 0.308724
9.02916 0.307758
9.03231 0.306913
9.03546 0.306174
9.03861 0.305528
9.04176 0.304962
9.04492 0.304341
9.04807 0.303924
9.05122 0.303808
9.05437 0.303707
9.05752 0.303494
9.06068 0.303307
9.06383 0.303144
9.06698 0.303001
9.07013 0.303001
9.07328 0.303001
9.07644 0.303
9.07959 0.302875
9.08274 0.302766
9.08589 0.30267
9.08904 0.302711
9.0922 0.302748
9.09535 0.302779
9.0985 0.302682
9.10165 0.302596
9.1048 0.302522
9.10796 0.302457
9.11111 0.302525
9.11426 0.302584
9.11741 0.302636
9.12056 0.302557
9.12372 0.302487
9.12687 0.302426
9.13002 0.302498
9.13317 0.302686
9.13632 0.30285
9.13948 0.302994
9.14263 0.303119
9.14578 0.30323
9.14893 0.303326
9.15208 0.303535
9.15524 0.303593
9.15839 0.303644
9.16154 0.303689
9.16469 0.303727
9.16784 0.303762
9.171 0.303791
9.17415 0.303817
9.1773 0.30384
9.18045 0.30386
9.1836 0.303878
9.18676 0.303893
9.18991 0.303906
9.19306 0.304043
9.19621 0.304038
9.19936 0.304033
9.20252 0.304029
9.20567 0.304025
9.20882 0.304022
9.21197 0.304019
9.21512 0.304267
9.21828 0.304484
9.22143 0.304673
9.22458 0.304839
9.22773 0.304859
9.23088 0.304877
9.23404 0.305017
9.23719 0.30514
9.24034 0.305247
9.24349 0.305342
9.24664 0.305424
9.2498 0.305371
9.25295 0.305325
9.2561 0.305409
9.25925 0.305483
9.2624 0.305547
9.26556 0.305604
9.26871 0.305529
9.27186 0.305462
9.27501 0.30553
9.27816 0.305588
9.28132 0.30564
9.28447 0.305685
9.28762 0.305724
9.29077 0.305634
9.29392 0.305555
9.29708 0.30586
9.30023 0.306503
9.30338 0.307065
9.30653 0.307432
9.30968 0.307753
9.31284 0.308034
9.31599 0.308279
9.31914 0.30862
9.32229 0.308917
9.32544 0.308927
9.3286 0.308937
9.33175 0.308944
9.3349 0.308826
9.33805 0.308848
9.3412 0.308867
9.34436 0.308884
9.34751 0.308898
9.35066 0.308911
9.35381 0.308922
9.35696 0.308432
9.36012 0.308128
9.36327 0.307862
9.36642 0.307629
9.36957 0.307425
9.37272 0.307247
9.37588 0.306966
9.37903 0.306846
9.38218 0.307115
9.38533 0.307351
9.38848 0.307557
9.39164 0.307737
9.39479 0.307895
9.39794 0.307908
9.40109 0.308045
9.40424 0.308164
9.4074 0.308269
9.41055 0.30836
9.4137 0.30844
9.41685 0.30851
9.42 0.308571
9.42316 0.308625
9.42631 0.308672
9.42946 0.308713
9.43261 0.308749
9.43576 0.30878
9.43892 0.308308
9.44207 0.308019
9.44522 0.307767
9.44837 0.307546
9.45152 0.307353
9.45468 0.307184
9.45783 0.306911
9.46098 0.306672
9.46413 0.306963
9.46728 0.307217
9.47044 0.30744
9.47359 0.307635
9.47674 0.307806
9.47989 0.307955
9.48304 0.308086
9.48619 0.3082
9.48935 0.3083
9.4925 0.308388
9.49565 0.308464
9.4988 0.308531
9.50195 0.308465
9.50511 0.308532
9.50826 0.30859
9.51141 0.308641
9.51456 0.308686
9.51771 0.308725
9.52087 0.30826
9.52402 0.307977
9.52717 0.30773
9.53032 0.307514
9.53347 0.307325
9.53663 0.307159
9.53978 0.306889
9.54293 0.306653
9.54608 0.306946
9.54923 0.307203
9.55239 0.307428
9.55554 0.307624
9.55869 0.307796
9.56184 0.307947
9.56499 0.307953
9.56815 0.308084
9.5713 0.308199
9.57445 0.308299
9.5776 0.308386
9.58075 0.308463
9.58391 0.308405
9.58706 0.30848
9.59021 0.308545
9.59336 0.308602
9.59651 0.308651
9.59967 0.308695
9.60282 0.308733
9.60597 0.308641
9.60912 0.308686
9.61227 0.308725
9.61543 0.30876
9.61858 0.30879
9.62173 0.308816
9.62488 0.308839
9.62803 0.308859
9.63119 0.308877
9.63434 0.308892
9.63749 0.308906
9.64064 0.308917
9.64379 0.308928
9.64695 0.308812
9.6501 0.308835
9.65325 0.308856
9.6564 0.308874
9.65955 0.30889
9.66271 0.308903
9.66586 0.308916
9.66901 0.308926
9.67216 0.308935
9.67531 0.308943
9.67847 0.30895
9.68162 0.308957
9.68477 0.308962
9.68792 0.308842
9.69107 0.308862
9.69423 0.308879
9.69738 0.308894
9.70053 0.308907
9.70368 0.308919
9.70683 0.309304
9.70999 0.309641
9.71314 0.309936
9.71629 0.310194
9.71944 0.31042
9.72259 0.310617
9.72575 0.31079
9.7289 0.310941
9.73205 0.311074
9.7352 0.311189
9.73835 0.311291
9.74151 0.311379
9.74466 0.311457
9.74781 0.311525
9.75096 0.311584
9.75411 0.311636
9.75727 0.311682
9.76042 0.311721
9.76357 0.311756
9.76672 0.311787
9.76987 0.311813
9.77303 0.311962
9.77618 0.311967
9.77933 0.311971
9.78248 0.311974
9.78563 0.311978
9.78879 0.31198
9.79194 0.311983
9.79509 0.311985
9.79824 0.311987
9.80139 0.311988
9.80455 0.31199
9.8077 0.311991
9.81085 0.311992
9.814 0.312118
9.81715 0.312103
9.82031 0.312091
9.82346 0.312079
9.82661 0.312069
9.82976 0.312061
9.83291 0.312053
9.83607 0.312046
9.83922 0.312041
9.84237 0.312036
9.84552 0.312031
9.84867 0.312027
9.85183 0.312024
9.85498 0.312021
9.85813 0.312018
9.86128 0.312016
9.86443 0.312014
9.86759 0.312387
9.87074 0.312714
9.87389 0.313
9.87704 0.313375
9.88019 0.313703
9.88335 0.313865
9.8865 0.314007
9.88965 0.314131
9.8928 0.31424
9.89595 0.314335
9.89911 0.314543
9.90226 0.3146
9.90541 0.31465
9.90856 0.314694
9.91171 0.314732
9.91487 0.314766
9.91802 0.31492
9.92117 0.315055
9.92432 0.315048
9.92747 0.315042
9.93063 0.315037
9.93378 0.315032
9.93693 0.315028
9.94008 0.31515
9.94323 0.315131
9.94639 0.315115
9.94954 0.3151
9.95269 0.315088
9.95584 0.315077
9.95899 0.315067
9.96215 0.315184
9.9653 0.315161
9.96845 0.315141
9.9716 0.315123
9.97475 0.315108
9.97791 0.315094
9.98106 0.315207
9.98421 0.315182
9.98736 0.315159
9.99051 0.315139
9.99367 0.315122
9.99682 0.315106
9.99997 0.315093
10.0031 0.315206
10.0063 0.315181
10.0094 0.315158
10.0126 0.315138
10.0157 0.315121
10.0189 0.315106
10.022 0.315218
10.0252 0.315315
10.0283 0.315776
10.0315 0.316054
10.0346 0.316297
10.0378 0.31651
10.0409 0.316696
10.0441 0.316984
10.0473 0.317236
10.0504 0.317332
10.0536 0.317415
10.0567 0.317488
10.0599 0.317552
10.063 0.317733
10.0662 0.317892
10.0693 0.31803
10.0725 0.318026
10.0756 0.318023
10.0788 0.31802
10.0819 0.318018
10.0851 0.31814
10.0882 0.318248
10.0914 0.318217
10.0945 0.31819
10.0977 0.318166
10.1008 0.318145
10.104 0.318127
10.1071 0.318236
10.1103 0.318332
10.1134 0.31829
10.1166 0.318254
10.1197 0.318222
10.1229 0.318194
10.1261 0.318295
10.1292 0.318383
10.1324 0.318335
10.1355 0.318293
10.1387 0.318257
10.1418 0.318225
10.145 0.318197
10.1481 0.318297
10.1513 0.318385
10.1544 0.318337
10.1576 0.318295
10.1607 0.318258
10.1639 0.318226
10.167 0.318322
10.1702 0.318407
10.1733 0.318481
10.1765 0.318421
10.1796 0.318368
10.1828 0.318322
10.1859 0.318282
10.1891 0.318747
10.1922 0.319153
10.1954 0.319509
10.1985 0.319696
10.2017 0.319859
10.2049 0.320001
10.208 0.320251
10.2112 0.32047
10.2143 0.320661
10.2175 0.320828
10.2206 0.32085
10.2238 0.320869
10.2269 0.320885
10.2301 0.321024
10.2332 0.321146
10.2364 0.321253
10.2395 0.321221
10.2427 0.321194
10.2458 0.32117
10.249 0.321148
10.2521 0.321255
10.2553 0.321348
10.2584 0.321429
10.2616 0.321376
10.2647 0.321329
10.2679 0.321288
10.271 0.321377
10.2742 0.321455
10.2773 0.321523
10.2805 0.321582
10.2837 0.32151
10.2868 0.321446
10.29 0.32139
10.2931 0.321466
10.2963 0.321533
10.2994 0.321591
10.3026 0.321518
10.3057 0.321453
10.3089 0.321396
10.312 0.321472
10.3152 0.321538
10.3183 0.321596
10.3215 0.321646
10.3246 0.321565
10.3278 0.321495
10.3309 0.321433
10.3341 0.321504
10.3372 0.321566
10.3404 0.32162
10.3435 0.321543
10.3467 0.321475
10.3498 0.32179
10.353 0.322067
10.3561 0.322433
10.3593 0.322754
10.3625 0.323035
10.3656 0.32328
10.3688 0.32337
10.3719 0.323449
10.3751 0.323643
10.3782 0.323813
10.3814 0.323961
10.3845 0.324091
10.3877 0.32408
10.3908 0.32407
10.394 0.324061
10.3971 0.324178
10.4003 0.324281
10.4034 0.324371
10.4066 0.32445
10.4097 0.324393
10.4129 0.324344
10.416 0.324426
10.4192 0.324498
10.4223 0.324561
10.4255 0.324616
10.4286 0.324664
10.4318 0.324581
10.4349 0.324508
10.4381 0.32457
10.4413 0.324623
10.4444 0.32467
10.4476 0.324712
10.4507 0.324623
10.4539 0.324545
10.457 0.324602
10.4602 0.324652
10.4633 0.324695
10.4665 0.324733
10.4696 0.324767
10.4728 0.324671
10.4759 0.324587
10.4791 0.324639
10.4822 0.324684
10.4854 0.324723
10.4885 0.324758
10.4917 0.324663
10.4948 0.32458
10.498 0.324508
10.5011 0.324569
10.5043 0.324623
10.5074 0.32467
10.5106 0.325086
10.5137 0.325451
10.5169 0.325644
10.5201 0.325939
10.5232 0.326196
10.5264 0.326422
10.5295 0.326619
10.5327 0.326792
10.5358 0.326818
10.539 0.326841
10.5421 0.326985
10.5453 0.327112
10.5484 0.327223
10.5516 0.32732
10.5547 0.327405
10.5579 0.327355
10.561 0.327435
10.5642 0.327506
10.5673 0.327568
10.5705 0.327622
10.5736 0.327669
10.5768 0.32771
10.5799 0.327622
10.5831 0.327669
10.5862 0.32771
10.5894 0.327746
10.5925 0.327778
10.5957 0.327806
10.5989 0.327705
10.602 0.327742
10.6052 0.327774
10.6083 0.327802
10.6115 0.327827
10.6146 0.327849
10.6178 0.327868
10.6209 0.327759
10.6241 0.327789
10.6272 0.327816
10.6304 0.327839
10.6335 0.327859
10.6367 0.327876
10.6398 0.327767
10.643 0.327671
10.6461 0.327712
10.6493 0.327748
10.6524 0.32778
10.6556 0.327807
10.6587 0.327831
10.6619 0.327727
10.665 0.327761
10.6682 0.327791
10.6713 0.328192
10.6745 0.328543
10.6777 0.32885
10.6808 0.329119
10.684 0.329354
10.6871 0.32956
10.6903 0.32974
10.6934 0.329897
10.6966 0.330035
10.6997 0.330156
10.7029 0.330261
10.706 0.330354
10.7092 0.330434
10.7123 0.330505
10.7155 0.330567
10.7186 0.330621
10.7218 0.330669
10.7249 0.33071
10.7281 0.330746
10.7312 0.330778
10.7344 0.330806
10.7375 0.33083
10.7407 0.330851
10.7438 0.33087
10.747 0.330761
10.7501 0.330791
10.7533 0.330817
10.7565 0.33084
10.7596 0.33086
10.7628 0.330877
10.7659 0.330893
10.7691 0.330906
10.7722 0.330918
10.7754 0.330928
10.7785 0.330937
10.7817 0.330945
10.7848 0.330952
10.788 0.330833
10.7911 0.330854
10.7943 0.330872
10.7974 0.330888
10.8006 0.330902
10.8037 0.330914
10.8069 0.330925
10.81 0.330934
10.8132 0.330943
10.8163 0.33095
10.8195 0.330956
10.8226 0.330962
10.8258 0.330966
10.8289 0.330971
10.8321 0.331474
10.8353 0.33179
10.8384 0.332066
10.8416 0.332308
10.8447 0.332519
10.8479 0.332705
10.851 0.332991
10.8542 0.333118
10.8573 0.333228
10.8605 0.333324
10.8636 0.333409
10.8668 0.333483
10.8699 0.333547
10.8731 0.333729
10.8762 0.333763
10.8794 0.333792
10.8825 0.333818
10.8857 0.333841
10.8888 0.333861
10.892 0.333878
10.8951 0.333894
10.8983 0.333907
10.9014 0.333919
10.9046 0.333929
10.9077 0.333938
10.9109 0.333945
10.9141 0.334077
10.9172 0.334068
10.9204 0.334059
10.9235 0.334052
10.9267 0.334045
10.9298 0.33404
10.933 0.334035
10.9361 0.33403
10.9393 0.334027
10.9424 0.334023
10.9456 0.33402
10.9487 0.334018
10.9519 0.334016
10.955 0.334139
10.9582 0.334121
10.9613 0.334106
10.9645 0.334093
10.9676 0.334081
10.9708 0.334071
10.9739 0.334062
10.9771 0.334179
10.9802 0.334157
10.9834 0.334137
10.9865 0.33412
10.9897 0.334105
10.9929 0.334467
10.996 0.334909
10.9992 0.335295
11.0023 0.335508
11.0055 0.335695
11.0086 0.335858
11.0118 0.336001
11.0149 0.336126
11.0181 0.33636
11.0212 0.336565
11.0244 0.336619
11.0275 0.336667
11.0307 0.336708
11.0338 0.336745
11.037 0.336777
11.0401 0.33693
11.0433 0.336938
11.0464 0.336946
11.0496 0.336953
11.0527 0.336959
11.0559 0.336964
11.059 0.337093
11.0622 0.337207
11.0653 0.337181
11.0685 0.337158
11.0716 0.337139
11.0748 0.337121
11.078 0.337106
11.0811 0.337218
11.0843 0.337316
11.0874 0.337276
11.0906 0.337242
11.0937 0.337211
11.0969 0.337185
11.1 0.337287
11.1032 0.337376
11.1063 0.337329
11.1095 0.337288
11.1126 0.337252
11.1158 0.33722
11.1189 0.337193
11.1221 0.337294
11.1252 0.337382
11.1284 0.337334
11.1315 0.337292
11.1347 0.337256
11.1378 0.337224
11.141 0.337196
11.1441 0.337296
11.1473 0.337259
11.1504 0.337227
11.7698 0.332449
11.773 0.328268
11.7761 0.324734
11.7793 0.321642
11.7824 0.318812
11.7856 0.316336
11.7887 0.314169
11.7935 0.312523
11.7966 0.311082
11.7998 0.309822
11.8029 0.308594
11.8061 0.307645
11.8092 0.306814
11.8124 0.306088
11.8155 0.305452
11.8187 0.304895
11.8218 0.304408
11.825 0.303857
11.8281 0.30375
11.8313 0.303656
11.8344 0.303574
11.8376 0.303377
11.8407 0.303205
11.8439 0.303055
11.847 0.303048
11.8502 0.303042
11.8533 0.303037
11.8565 0.302907
11.8596 0.302794
11.8628 0.302694
11.866 0.302608
11.8691 0.302657
11.8723 0.3027
11.8754 0.302737
11.8786 0.302645
11.8817 0.302564
11.8849 0.302494
11.888 0.302557
11.8912 0.302612
11.8943 0.302661
11.8975 0.302703
11.9006 0.302615
11.9038 0.302538
11.9069 0.302471
11.9101 0.302787
11.9132 0.302939
11.9164 0.303071
11.9195 0.303188
11.9227 0.303289
11.9258 0.303378
11.929 0.303456
11.9321 0.303524
11.9353 0.303583
11.9384 0.303635
11.9416 0.303681
11.9448 0.303721
11.9479 0.303756
11.9511 0.303911
11.9542 0.303922
11.9574 0.303932
11.9605 0.303941
11.9637 0.303948
11.9668 0.303954
11.97 0.30396
11.9731 0.303965
11.9763 0.30397
11.9794 0.303973
11.9826 0.303977
11.9857 0.30398
11.9889 0.303982
11.992 0.304234
11.9952 0.304455
11.9983 0.304648
12.0015 0.304817
12.0046 0.304965
12.0078 0.304969
12.0109 0.304973
12.0141 0.305102
12.0172 0.305214
12.0204 0.305312
12.0236 0.305398
12.0267 0.305473
12.0299 0.305414
12.033 0.305487
12.0362 0.305551
12.0393 0.305608
12.0425 0.305657
12.0456 0.3057
12.0488 0.305612
12.0519 0.305536
12.0551 0.305594
12.0582 0.305644
12.0614 0.305689
12.0645 0.305728
12.0677 0.305762
12.0708 0.305667
12.074 0.305833
12.0771 0.306479
12.0803 0.307044
12.0834 0.307539
12.0866 0.307846
12.0897 0.308116
12.0929 0.308351
12.096 0.308682
12.0992 0.308972
12.1024 0.308975
12.1055 0.308979
12.1087 0.308981
12.1118 0.308984
12.115 0.308861
12.1181 0.308878
12.1213 0.308893
12.1244 0.308907
12.1276 0.308918
12.1307 0.308929
12.1339 0.308437
12.137 0.308133
12.1402 0.307866
12.1433 0.307633
12.1465 0.307429
12.1496 0.30725
12.1528 0.306969
12.1559 0.306723
12.1591 0.307007
12.1622 0.307257
12.1654 0.307474
12.1685 0.307665
12.1717 0.307832
12.1748 0.307978
12.178 0.308106
12.1812 0.308218
12.1843 0.308315
12.1875 0.308401
12.1906 0.308476
12.1938 0.308541
12.1969 0.308474
12.2001 0.308539
12.2032 0.308597
12.2064 0.308647
12.2095 0.308691
12.2127 0.30873
12.2158 0.308264
12.219 0.307856
12.2221 0.307624
12.2253 0.307421
12.2284 0.307243
12.2316 0.307088
12.2347 0.306952
12.2379 0.306708
12.241 0.306994
12.2442 0.307245
12.2473 0.307464
12.2505 0.307656
12.2536 0.307824
12.2568 0.307971
12.26 0.307975
12.2631 0.308103
12.2663 0.308215
12.2694 0.308313
12.2726 0.308399
12.2757 0.308474
12.2789 0.30854
12.282 0.308597
12.2852 0.308648
12.2883 0.308692
12.2915 0.30873
12.2946 0.308764
12.2978 0.308294
12.3009 0.307882
12.3041 0.307647
12.3072 0.307441
12.3104 0.307261
12.3135 0.307103
12.3167 0.306965
12.3198 0.30672
12.323 0.30688
12.3261 0.307145
12.3293 0.307377
12.3324 0.30758
12.3356 0.307757
12.3388 0.307912
12.3419 0.307923
12.3451 0.308058
12.3482 0.308176
12.3514 0.308279
12.3545 0.308369
12.3577 0.308448
12.3608 0.308517
12.364 0.308452
12.3671 0.308521
12.3703 0.308581
12.3734 0.308633
12.3766 0.308679
12.3797 0.308719
12.3829 0.308754
12.386 0.308785
12.3892 0.308812
12.3923 0.308835
12.3955 0.308856
12.3986 0.308874
12.4018 0.30889
12.4049 0.308778
12.4081 0.308806
12.4112 0.30883
12.4144 0.308852
12.4176 0.30887
12.4207 0.308886
12.4239 0.308901
12.427 0.308913
12.4302 0.308924
12.4333 0.308933
12.4365 0.308942
12.4396 0.308949
12.4428 0.308955
12.4459 0.308836
12.4491 0.308856
12.4522 0.308874
12.4554 0.30889
12.4585 0.308904
12.4617 0.308916
12.4648 0.308926
12.468 0.308811
12.4711 0.308834
12.4743 0.308855
12.4774 0.308873
12.4806 0.308889
12.4837 0.309278
12.4869 0.309618
12.49 0.309916
12.4932 0.310176
12.4964 0.310404
12.4995 0.310604
12.5027 0.310778
12.5058 0.310931
12.509 0.311065
12.5121 0.311182
12.5153 0.311284
12.5184 0.311373
12.5216 0.311452
12.5247 0.31152
12.5279 0.31158
12.531 0.311758
12.5342 0.311788
12.5373 0.311814
12.5405 0.311838
12.5436 0.311858
12.5468 0.311876
12.5499 0.311891
12.5531 0.311905
12.5562 0.311917
12.5594 0.311927
12.5625 0.311936
12.5657 0.311944
12.5688 0.311951
12.572 0.312082
12.5752 0.312072
12.5783 0.312063
12.5815 0.312055
12.5846 0.312048
12.5878 0.312042
12.5909 0.312037
12.5941 0.312032
12.5972 0.312028
12.6004 0.312025
12.6035 0.312022
12.6067 0.312019
12.6098 0.312017
12.613 0.312014
12.6161 0.312013
12.6193 0.312011
12.6224 0.31201
12.6256 0.312008
12.6287 0.312007
12.6319 0.312007
12.635 0.312131
12.6382 0.312114
12.6413 0.3121
12.6445 0.312463
12.6476 0.31278
12.6508 0.313057
12.654 0.3133
12.6571 0.313638
12.6603 0.313808
12.6634 0.313957
12.6666 0.314087
12.6697 0.314201
12.6729 0.314301
12.676 0.314514
12.6792 0.314699
12.6823 0.314737
12.6855 0.31477
12.6886 0.314799
12.6918 0.314824
12.6949 0.314846
12.6981 0.31499
12.7012 0.314991
12.7044 0.314992
12.7075 0.314993
12.7107 0.314994
12.7138 0.314995
12.717 0.314996
12.7201 0.315121
12.7233 0.315106
12.7264 0.315093
12.7296 0.315081
12.7328 0.315071
12.7359 0.315062
12.7391 0.315179
12.7422 0.315157
12.7454 0.315137
12.7485 0.31512
12.7517 0.315105
12.7548 0.315092
12.758 0.31508
12.7611 0.315195
12.7643 0.315171
12.7674 0.31515
12.7706 0.315131
12.7737 0.315115
12.7769 0.3151
12.78 0.315213
12.7832 0.315311
12.7863 0.315272
12.7895 0.315238
12.7926 0.315208
12.7958 0.315182
12.7989 0.31516
12.8021 0.315265
12.8052 0.315732
12.8084 0.316015
12.8116 0.316263
12.8147 0.31648
12.8179 0.31667
12.821 0.316961
12.8242 0.317216
12.8273 0.317439
12.8305 0.317509
12.8336 0.317571
12.8368 0.317624
12.8399 0.317671
12.8431 0.317837
12.8462 0.317983
12.8494 0.317985
12.8525 0.317987
12.8557 0.317988
12.8588 0.31799
12.862 0.317991
12.8651 0.318117
12.8683 0.318228
12.8714 0.318199
12.8746 0.318174
12.8777 0.318152
12.8809 0.318133
12.884 0.318242
12.8872 0.318337
12.8904 0.318294
12.8935 0.318258
12.8967 0.318225
12.8998 0.318197
12.903 0.318173
12.9061 0.318276
12.9093 0.318367
12.9124 0.318321
12.9156 0.318281
12.9187 0.318246
12.9219 0.318215
12.925 0.318313
12.9282 0.318399
12.9313 0.318474
12.9345 0.318415
12.9376 0.318363
12.9408 0.318318
12.9439 0.318278
12.9471 0.318368
12.9502 0.318447
12.9534 0.318391
12.9565 0.318342
12.9597 0.3183
12.9628 0.318262
12.966 0.318729
12.9692 0.319138
12.9723 0.319496
12.9755 0.319809
12.9786 0.319958
12.9818 0.320088
12.9849 0.320202
12.9881 0.320427
12.9912 0.320623
12.9944 0.320796
12.9975 0.320821
13.0007 0.320843
13.0038 0.320863
13.007 0.32088
13.0101 0.32102
13.0133 0.321143
13.0164 0.32125
13.0196 0.321219
13.0227 0.321191
13.0259 0.321167
13.029 0.321271
13.0322 0.321362
13.0353 0.321442
13.0385 0.321512
13.0416 0.321448
13.0448 0.321392
13.048 0.321343
13.0511 0.321425
13.0543 0.321497
13.0574 0.32156
13.0606 0.32149
13.0637 0.321429
13.0669 0.321375
13.07 0.321453
13.0732 0.321522
13.0763 0.321581
13.0795 0.321634
13.0826 0.321554
13.0858 0.321485
13.0889 0.321424
13.0921 0.321496
13.0952 0.321559
13.0984 0.321614
13.1015 0.321538
13.1047 0.32147
13.1078 0.321412
13.111 0.32136
13.1141 0.32144
13.1173 0.32151
13.1204 0.321571
13.1236 0.3215
13.1268 0.321812
13.1299 0.322086
13.1331 0.32245
13.1362 0.322769
13.1394 0.323048
13.1425 0.323292
13.1457 0.32338
13.1488 0.323458
13.152 0.323526
13.1551 0.32371
13.1583 0.323871
13.1614 0.324012
13.1646 0.324136
13.1677 0.324119
13.1709 0.324104
13.174 0.324216
13.1772 0.324314
13.1803 0.3244
13.1835 0.324475
13.1866 0.32454
13.1898 0.324473
13.1929 0.324414
13.1961 0.324487
13.1992 0.324551
13.2024 0.324607
13.2056 0.324656
13.2087 0.324574
13.2119 0.324503
13.215 0.324565
13.2182 0.324619
13.2213 0.324667
13.2245 0.324708
13.2276 0.324745
13.2308 0.324652
13.2339 0.32457
13.2371 0.324624
13.2402 0.324671
13.2434 0.324712
13.2465 0.324748
13.2497 0.324655
13.2528 0.324573
13.256 0.324501
13.2591 0.324564
13.2623 0.324618
13.2654 0.324666
13.2686 0.324708
13.2717 0.324619
13.2749 0.324542
13.278 0.324599
13.2812 0.324649
13.2844 0.324693
13.2875 0.325106
13.2907 0.325468
13.2938 0.32566
13.297 0.325827
13.3001 0.326099
13.3033 0.326336
13.3064 0.326544
13.3096 0.326726
13.3127 0.326886
13.3159 0.3269
13.319 0.327037
13.3222 0.327158
13.3253 0.327263
13.3285 0.327355
13.3316 0.327436
13.3348 0.327506
13.3379 0.327443
13.3411 0.327513
13.3442 0.327574
13.3474 0.327627
13.3505 0.327673
13.3537 0.327714
13.3568 0.327625
13.36 0.327672
13.3632 0.327713
13.3663 0.327749
13.3695 0.32778
13.3726 0.327808
13.3758 0.327832
13.3789 0.327728
13.3821 0.327762
13.3852 0.327792
13.3884 0.327818
13.3915 0.32784
13.3947 0.32786
13.3978 0.327753
13.401 0.327659
13.4041 0.327701
13.4073 0.327739
13.4104 0.327771
13.4136 0.3278
13.4167 0.327825
13.4199 0.327722
13.423 0.327757
13.4262 0.327787
13.4293 0.327814
13.4325 0.327837
13.4356 0.327857
13.4388 0.327875
13.442 0.327766
13.4451 0.327795
13.4483 0.328196
13.4514 0.328546
13.4546 0.328853
13.4577 0.329121
13.4609 0.329356
13.464 0.329562
13.4672 0.329741
13.4703 0.329899
13.4735 0.330036
13.4766 0.330157
13.4798 0.330262
13.4829 0.330354
13.4861 0.330435
13.4892 0.330506
13.4924 0.330568
13.4955 0.330622
13.4987 0.330669
13.5018 0.33071
13.505 0.330621
13.5081 0.330669
13.5113 0.33071
13.5144 0.330746
13.5176 0.330778
13.5208 0.330806
13.5239 0.33083
13.5271 0.330851
13.5302 0.33087
13.5334 0.330886
13.5365 0.3309
13.5397 0.330913
13.5428 0.330924
13.546 0.330808
13.5491 0.330832
13.5523 0.330853
13.5554 0.330872
13.5586 0.330888
13.5617 0.330902
13.5649 0.330914
13.568 0.330925
13.5712 0.330934
13.5743 0.330942
13.5775 0.33095
13.5806 0.330956
13.5838 0.330961
13.5869 0.330966
13.5901 0.33097
13.5932 0.330974
13.5964 0.330977
13.5996 0.33098
13.6027 0.330983
13.6059 0.330985
13.609 0.331487
13.6122 0.331801
13.6153 0.332076
13.6185 0.332316
13.6216 0.332527
13.6248 0.332711
13.6279 0.332872
13.6311 0.333138
13.6342 0.333246
13.6374 0.33334
13.6405 0.333423
13.6437 0.333495
13.6468 0.333558
13.65 0.333613
13.6531 0.333662
13.6563 0.333704
13.6594 0.333741
13.6626 0.333773
13.6657 0.333802
13.6689 0.333826
13.672 0.333973
13.6752 0.333976
13.6784 0.333979
13.6815 0.333982
13.6847 0.333984
13.6878 0.333986
13.691 0.333988
13.6941 0.333989
13.6973 0.333991
13.7004 0.333992
13.7036 0.333993
13.7067 0.333994
13.7099 0.333995
13.713 0.33412
13.7162 0.334105
13.7193 0.334092
13.7225 0.334081
13.7256 0.33407
13.7288 0.334062
13.7319 0.334054
13.7351 0.334172
13.7382 0.334151
13.7414 0.334132
13.7445 0.334115
13.7477 0.334101
13.7508 0.334088
13.754 0.334202
13.7572 0.334177
13.7603 0.334155
13.7635 0.334136
13.7666 0.334119
13.7698 0.334479
13.7729 0.334794
13.7761 0.335195
13.7792 0.335545
13.7824 0.335727
13.7855 0.335886
13.7887 0.336025
13.7918 0.336147
13.795 0.336254
13.7981 0.336472
13.8013 0.336538
13.8044 0.336596
13.8076 0.336646
13.8107 0.336691
13.8139 0.336729
13.817 0.336888
13.8202 0.337027
13.8233 0.337024
13.8265 0.337021
13.8296 0.337018
13.8328 0.337016
13.836 0.337014
13.8391 0.337137
13.8423 0.337245
13.8454 0.337214
13.8486 0.337188
13.8517 0.337164
13.8549 0.337144
13.858 0.337251
13.8612 0.337344
13.8643 0.337301
13.8675 0.337264
13.8706 0.337231
13.8738 0.337202
13.8769 0.337177
13.8801 0.33728
13.8832 0.33737
13.8864 0.337323
13.8895 0.337283
13.8927 0.337248
13.8958 0.337217
13.899 0.33719
13.9021 0.337291
13.9053 0.337255
13.9084 0.337223
13.9116 0.337195
13.9148 0.337171
13.9179 0.337149
13.9211 0.337256
13.9242 0.337349
13.9274 0.337305
14.5467 0.332517
14.5499 0.328327
14.553 0.324786
14.5562 0.321688
14.5593 0.318852
14.5625 0.316371
14.5656 0.314199
14.5704 0.312549
14.5735 0.311106
14.5767 0.309842
14.5798 0.308737
14.583 0.307645
14.5861 0.306814
14.5893 0.306088
14.5924 0.305452
14.5956 0.304895
14.5987 0.304408
14.6019 0.303982
14.605 0.303859
14.6082 0.303752
14.6113 0.303658
14.6145 0.303451
14.6176 0.303269
14.6208 0.303111
14.624 0.302972
14.6271 0.302975
14.6303 0.302978
14.6334 0.302981
14.6366 0.302859
14.6397 0.302751
14.6429 0.302657
14.646 0.3027
14.6492 0.302738
14.6523 0.30277
14.6555 0.302799
14.6586 0.302699
14.6618 0.302612
14.6649 0.302535
14.6681 0.302593
14.6712 0.302644
14.6744 0.302689
14.6775 0.302603
14.6807 0.302527
14.6838 0.302461
14.687 0.302654
14.6901 0.302822
14.6933 0.302969
14.6964 0.303098
14.6996 0.303211
14.7028 0.303309
14.7059 0.303396
14.7091 0.303596
14.7122 0.303647
14.7154 0.303691
14.7185 0.30373
14.7217 0.303763
14.7248 0.303793
14.728 0.303819
14.7311 0.303841
14.7343 0.303861
14.7374 0.303879
14.7406 0.303894
14.7437 0.303907
14.7469 0.303919
14.75 0.304054
14.7532 0.304047
14.7563 0.304041
14.7595 0.304036
14.7626 0.304032
14.7658 0.304028
14.7689 0.304149
14.7721 0.304381
14.7752 0.304583
14.7784 0.30476
14.7816 0.304915
14.7847 0.305051
14.7879 0.305044
14.791 0.305164
14.7942 0.305268
14.7973 0.30536
14.8005 0.30544
14.8036 0.30551
14.8068 0.305446
14.8099 0.30539
14.8131 0.305467
14.8162 0.305533
14.8194 0.305592
14.8225 0.305643
14.8257 0.305687
14.8288 0.305601
14.832 0.305526
14.8351 0.305585
14.8383 0.305637
14.8414 0.305683
14.8446 0.305722
14.8477 0.305632
14.8509 0.305803
14.854 0.306453
14.8572 0.307021
14.8604 0.307518
14.8635 0.307829
14.8667 0.3081
14.8698 0.308338
14.873 0.308545
14.8761 0.308852
14.8793 0.308871
14.8824 0.308887
14.8856 0.308901
14.8887 0.308913
14.8919 0.308924
14.895 0.308934
14.8982 0.308942
14.9013 0.308949
14.9045 0.308956
14.9076 0.308961
14.9108 0.308466
14.9139 0.308033
14.9171 0.307779
14.9202 0.307556
14.9234 0.307362
14.9265 0.307192
14.9297 0.307043
14.9328 0.306787
14.936 0.306939
14.9392 0.307197
14.9423 0.307422
14.9455 0.307619
14.9486 0.307792
14.9518 0.307943
14.9549 0.30795
14.9581 0.308081
14.9612 0.308196
14.9644 0.308297
14.9675 0.308384
14.9707 0.308461
14.9738 0.308529
14.977 0.308463
14.9801 0.30853
14.9833 0.308589
14.9864 0.30864
14.9896 0.308685
14.9927 0.308349
14.9959 0.307931
14.999 0.307689
15.0022 0.307478
15.0053 0.307293
15.0085 0.307132
15.0116 0.30699
15.0148 0.306741
15.018 0.306899
15.0211 0.307161
15.0243 0.307391
15.0274 0.307592
15.0306 0.307768
15.0337 0.307922
15.0369 0.308057
15.04 0.308175
15.0432 0.308278
15.0463 0.308368
15.0495 0.308447
15.0526 0.308516
15.0558 0.308577
15.0589 0.308505
15.0621 0.308567
15.0652 0.308621
15.0684 0.308668
15.0715 0.30871
15.0747 0.308371
15.0778 0.30795
15.081 0.307581
15.0841 0.307383
15.0873 0.30721
15.0904 0.307059
15.0936 0.306927
15.0968 0.306686
15.0999 0.30685
15.1031 0.307119
15.1062 0.307354
15.1094 0.30756
15.1125 0.30774
15.1157 0.307897
15.1188 0.308035
15.122 0.308031
15.1251 0.308152
15.1283 0.308258
15.1314 0.308351
15.1346 0.308432
15.1377 0.308503
15.1409 0.308565
15.144 0.308619
15.1472 0.308667
15.1503 0.308709
15.1535 0.308745
15.1566 0.308777
15.1598 0.308805
15.1629 0.308704
15.1661 0.308741
15.1692 0.308774
15.1724 0.308802
15.1756 0.308827
15.1787 0.308848
15.1819 0.308867
15.185 0.308884
15.1882 0.308898
15.1913 0.308911
15.1945 0.308922
15.1976 0.308932
15.2008 0.30894
15.2039 0.308823
15.2071 0.308845
15.2102 0.308864
15.2134 0.308881
15.2165 0.308896
15.2197 0.308909
15.2228 0.30892
15.226 0.308805
15.2291 0.30883
15.2323 0.308851
15.2354 0.30887
15.2386 0.308886
15.2417 0.3089
15.2449 0.308913
15.248 0.308924
15.2512 0.308933
15.2544 0.308942
15.2575 0.308949
15.2607 0.30933
15.2638 0.309664
15.267 0.309956
15.2701 0.310211
15.2733 0.310435
15.2764 0.310631
15.2796 0.310802
15.2827 0.310952
15.2859 0.311083
15.289 0.311322
15.2922 0.311407
15.2953 0.311481
15.2985 0.311546
15.3016 0.311603
15.3048 0.311652
15.3079 0.311696
15.3111 0.311734
15.3142 0.311767
15.3174 0.311796
15.3205 0.311822
15.3237 0.311844
15.3268 0.311863
15.33 0.311881
15.3332 0.311895
15.3363 0.311909
15.3395 0.31192
15.3426 0.31193
15.3458 0.311939
15.3489 0.311946
15.3521 0.311953
15.3552 0.311959
15.3584 0.311964
15.3615 0.311969
15.3647 0.311973
15.3678 0.311976
15.371 0.311979
15.3741 0.311982
15.3773 0.311984
15.3804 0.311986
15.3836 0.311988
15.3867 0.311989
15.3899 0.311991
15.393 0.312117
15.3962 0.312102
15.3993 0.312089
15.4025 0.312078
15.4056 0.312068
15.4088 0.31206
15.412 0.312052
15.4151 0.312046
15.4183 0.31204
15.4214 0.31241
15.4246 0.312734
15.4277 0.313017
15.4309 0.313265
15.434 0.313607
15.4372 0.313906
15.4403 0.314043
15.4435 0.314162
15.4466 0.314267
15.4498 0.314359
15.4529 0.314439
15.4561 0.314634
15.4592 0.31468
15.4624 0.31472
15.4655 0.314755
15.4687 0.314785
15.4718 0.314812
15.475 0.314836
15.4781 0.314981
15.4813 0.314984
15.4844 0.314986
15.4876 0.314987
15.4908 0.314989
15.4939 0.31499
15.4971 0.315117
15.5002 0.315102
15.5034 0.315089
15.5065 0.315078
15.5097 0.315068
15.5128 0.31506
15.516 0.315052
15.5191 0.315171
15.5223 0.315149
15.5254 0.315131
15.5286 0.315114
15.5317 0.3151
15.5349 0.315088
15.538 0.315202
15.5412 0.315301
15.5443 0.315264
15.5475 0.315231
15.5506 0.315202
15.5538 0.315177
15.5569 0.315155
15.5601 0.31526
15.5632 0.315228
15.5664 0.315199
15.5696 0.315174
15.5727 0.315153
15.5759 0.315133
15.579 0.315242
15.5822 0.315712
15.5853 0.316123
15.5885 0.316357
15.5916 0.316563
15.5948 0.316742
15.5979 0.3169
15.6011 0.317162
15.6042 0.317392
15.6074 0.317468
15.6105 0.317534
15.6137 0.317593
15.6168 0.317643
15.62 0.317688
15.6231 0.317852
15.6263 0.317996
15.6294 0.317996
15.6326 0.317997
15.6357 0.317997
15.6389 0.317997
15.642 0.318123
15.6452 0.318232
15.6484 0.318328
15.6515 0.318287
15.6547 0.318251
15.6578 0.31822
15.661 0.318192
15.6641 0.318293
15.6673 0.318382
15.6704 0.318334
15.6736 0.318292
15.6767 0.318256
15.6799 0.318224
15.683 0.318321
15.6862 0.318406
15.6893 0.31848
15.6925 0.31842
15.6956 0.318367
15.6988 0.318322
15.7019 0.318281
15.7051 0.318371
15.7082 0.31845
15.7114 0.318394
15.7145 0.318344
15.7177 0.318301
15.7208 0.318264
15.724 0.318231
15.7272 0.318327
15.7303 0.318411
15.7335 0.31836
15.7366 0.318315
15.7398 0.318275
15.7429 0.318616
15.7461 0.319039
15.7492 0.319409
15.7524 0.319733
15.7555 0.319891
15.7587 0.32003
15.7618 0.320151
15.765 0.320257
15.7681 0.320475
15.7713 0.320666
15.7744 0.320833
15.7776 0.320853
15.7807 0.320872
15.7839 0.320888
15.787 0.321027
15.7902 0.321148
15.7933 0.321255
15.7965 0.321348
15.7996 0.321305
15.8028 0.321266
15.806 0.321233
15.8091 0.321329
15.8123 0.321413
15.8154 0.321486
15.8186 0.321425
15.8217 0.321372
15.8249 0.321326
15.828 0.32141
15.8312 0.321484
15.8343 0.321548
15.8375 0.321605
15.8406 0.321529
15.8438 0.321463
15.8469 0.321405
15.8501 0.32148
15.8532 0.321545
15.8564 0.321601
15.8595 0.321526
15.8627 0.321461
15.8658 0.321403
15.869 0.321353
15.8721 0.321434
15.8753 0.321504
15.8784 0.321566
15.8816 0.321495
15.8848 0.321434
15.8879 0.321379
15.8911 0.321457
15.8942 0.321525
15.8974 0.321584
15.9005 0.321511
15.9037 0.321822
15.9068 0.322095
15.91 0.322333
15.9131 0.322666
15.9163 0.322958
15.9194 0.323213
15.9226 0.323436
15.9257 0.323507
15.9289 0.323569
15.932 0.323747
15.9352 0.323904
15.9383 0.324041
15.9415 0.324161
15.9446 0.324266
15.9478 0.324233
15.9509 0.324203
15.9541 0.324303
15.9572 0.32439
15.9604 0.324466
15.9636 0.324533
15.9667 0.324466
15.9699 0.324408
15.973 0.324482
15.9762 0.324547
15.9793 0.324604
15.9825 0.324653
15.9856 0.324696
15.9888 0.324609
15.9919 0.324533
15.9951 0.324592
15.9982 0.324643
16.0014 0.324687
16.0045 0.324726
16.0077 0.324636
16.0108 0.324556
16.014 0.324487
16.0171 0.324551
16.0203 0.324607
16.0234 0.324656
16.0266 0.324699
16.0297 0.324612
16.0329 0.324535
16.036 0.324593
16.0392 0.324644
16.0424 0.324689
16.0455 0.324728
16.0487 0.324762
16.0518 0.324666
16.055 0.324583
16.0581 0.324635
16.0613 0.324681
16.0644 0.325096
16.0676 0.325459
16.0707 0.325776
16.0739 0.325929
16.077 0.326188
16.0802 0.326415
16.0833 0.326613
16.0865 0.326786
16.0896 0.326938
16.0928 0.327071
16.0959 0.327062
16.0991 0.327179
16.1022 0.327282
16.1054 0.327372
16.1085 0.32745
16.1117 0.327519
16.1148 0.327454
16.118 0.327397
16.1212 0.327473
16.1243 0.327538
16.1275 0.327596
16.1306 0.327647
16.1338 0.327691
16.1369 0.327604
16.1401 0.327654
16.1432 0.327697
16.1464 0.327735
16.1495 0.327768
16.1527 0.327797
16.1558 0.327697
16.159 0.32761
16.1621 0.327659
16.1653 0.327702
16.1684 0.327739
16.1716 0.327772
16.1747 0.3278
16.1779 0.3277
16.181 0.327738
16.1842 0.32777
16.1873 0.327799
16.1905 0.327824
16.1936 0.327846
16.1968 0.327865
16.2 0.327757
16.2031 0.327788
16.2063 0.327814
16.2094 0.327837
16.2126 0.327858
16.2157 0.327875
16.2189 0.327766
16.222 0.327795
16.2252 0.328196
16.2283 0.328546
16.2315 0.328853
16.2346 0.329121
16.2378 0.329356
16.2409 0.329562
16.2441 0.329742
16.2472 0.329899
16.2504 0.330036
16.2535 0.330157
16.2567 0.330262
16.2598 0.330355
16.263 0.33031
16.2661 0.330396
16.2693 0.330472
16.2724 0.330538
16.2756 0.330596
16.2788 0.330646
16.2819 0.33069
16.2851 0.330729
16.2882 0.330763
16.2914 0.330793
16.2945 0.330819
16.2977 0.330841
16.3008 0.330861
16.304 0.330753
16.3071 0.330784
16.3103 0.330811
16.3134 0.330835
16.3166 0.330855
16.3197 0.330874
16.3229 0.330889
16.326 0.330903
16.3292 0.330915
16.3323 0.330926
16.3355 0.330935
16.3386 0.330943
16.3418 0.33095
16.3449 0.330957
16.3481 0.330962
16.3512 0.330967
16.3544 0.330971
16.3576 0.330975
16.3607 0.330978
16.3639 0.33098
16.367 0.330983
16.3702 0.330985
16.3733 0.330987
16.3765 0.330989
16.3796 0.33099
16.3828 0.330991
16.3859 0.331367
16.3891 0.331821
16.3922 0.332094
16.3954 0.332332
16.3985 0.332541
16.4017 0.332723
16.4048 0.332883
16.408 0.333022
16.4111 0.333144
16.4143 0.333251
16.4174 0.333345
16.4206 0.333427
16.4237 0.333499
16.4269 0.333561
16.43 0.333741
16.4332 0.333773
16.4364 0.333802
16.4395 0.333827
16.4427 0.333848
16.4458 0.333867
16.449 0.333884
16.4521 0.334023
16.4553 0.33402
16.4584 0.334018
16.4616 0.334016
16.4647 0.334014
16.4679 0.334012
16.471 0.334135
16.4742 0.334119
16.4773 0.334104
16.4805 0.334091
16.4836 0.334079
16.4868 0.334069
16.4899 0.334061
16.4931 0.334178
16.4962 0.334156
16.4994 0.334136
16.5025 0.334119
16.5057 0.334104
16.5088 0.334091
16.512 0.33408
16.5152 0.33407
16.5183 0.334061
16.5215 0.334054
16.5246 0.334047
16.5278 0.334041
16.5309 0.334036
16.5341 0.334156
16.5372 0.334137
16.5404 0.33412
16.5435 0.334105
16.5467 0.334467
16.5498 0.334783
16.553 0.33506
16.5561 0.335428
16.5593 0.335624
16.5624 0.335796
16.5656 0.335947
16.5687 0.336078
16.5719 0.336194
16.575 0.336419
16.5782 0.336617
16.5813 0.336665
16.5845 0.336707
16.5876 0.336743
16.5908 0.336775
16.594 0.336804
16.5971 0.336953
16.6003 0.337084
16.6034 0.337073
16.6066 0.337064
16.6097 0.337056
16.6129 0.337049
16.616 0.337168
16.6192 0.337272
16.6223 0.337238
16.6255 0.337208
16.6286 0.337182
16.6318 0.337159
16.6349 0.33714
16.6381 0.337247
16.6412 0.337341
16.6444 0.337299
16.6475 0.337261
16.6507 0.337229
16.6538 0.3372
16.657 0.337175
16.6601 0.337278
16.6633 0.337243
16.6664 0.337213
16.6696 0.337186
16.6728 0.337163
16.6759 0.337143
16.6791 0.33725
16.6822 0.337344
16.6854 0.337301
16.6885 0.337263
16.6917 0.33723
16.6948 0.337201
16.698 0.337176
16.7011 0.337279
16.7043 0.337244
17.3236 0.332464
17.3268 0.328281
17.3299 0.324621
17.3331 0.321543
17.3362 0.31885
17.3394 0.316369
17.3426 0.314198
17.3473 0.312548
17.3504 0.311105
17.3536 0.309842
17.3567 0.308736
17.3599 0.307769
17.363 0.306923
17.3662 0.306183
17.3693 0.305535
17.3725 0.304968
17.3756 0.304472
17.3788 0.304038
17.3819 0.303783
17.3851 0.303685
17.3883 0.3036
17.3914 0.303525
17.3946 0.303334
17.3977 0.303167
17.4009 0.303021
17.404 0.303019
17.4072 0.303016
17.4103 0.303014
17.4135 0.303013
17.4166 0.302886
17.4198 0.302775
17.4229 0.302678
17.4261 0.302719
17.4292 0.302754
17.4324 0.302785
17.4355 0.302686
17.4387 0.302601
17.4418 0.302526
17.445 0.30246
17.4481 0.302527
17.4513 0.302586
17.4544 0.302638
17.4576 0.302558
17.4607 0.302489
17.4639 0.302678
17.4671 0.302968
17.4702 0.303097
17.4734 0.30321
17.4765 0.303309
17.4797 0.303395
17.4828 0.303471
17.486 0.303537
17.4891 0.303595
17.4923 0.303645
17.4954 0.30369
17.4986 0.303728
17.5017 0.303762
17.5049 0.303792
17.508 0.303943
17.5112 0.30395
17.5143 0.303956
17.5175 0.303962
17.5206 0.303967
17.5238 0.303971
17.5269 0.303974
17.5301 0.303978
17.5332 0.30398
17.5364 0.303983
17.5395 0.303985
17.5427 0.303987
17.5459 0.304114
17.549 0.304349
17.5522 0.304556
17.5553 0.304736
17.5585 0.304894
17.5616 0.305032
17.5648 0.305028
17.5679 0.305025
17.5711 0.305147
17.5742 0.305253
17.5774 0.305347
17.5805 0.305428
17.5837 0.3055
17.5868 0.305437
17.59 0.305383
17.5931 0.30546
17.5963 0.305527
17.5994 0.305586
17.6026 0.305638
17.6057 0.305558
17.6089 0.305489
17.612 0.305552
17.6152 0.305608
17.6183 0.305657
17.6215 0.3057
17.6247 0.305738
17.6278 0.305895
17.631 0.306409
17.6341 0.306982
17.6373 0.307485
17.6404 0.307924
17.6436 0.308184
17.6467 0.308411
17.6499 0.308609
17.653 0.308908
17.6562 0.30892
17.6593 0.30893
17.6625 0.308938
17.6656 0.308946
17.6688 0.308953
17.6719 0.308834
17.6751 0.308855
17.6782 0.308873
17.6814 0.308889
17.6845 0.308903
17.6877 0.30854
17.6908 0.308097
17.694 0.30771
17.6971 0.307496
17.7003 0.307309
17.7035 0.307146
17.7066 0.307002
17.7098 0.306752
17.7129 0.306908
17.7161 0.30717
17.7192 0.307398
17.7224 0.307599
17.7255 0.307774
17.7287 0.307927
17.7318 0.308061
17.735 0.308054
17.7381 0.308172
17.7413 0.308275
17.7444 0.308366
17.7476 0.308445
17.7507 0.308515
17.7539 0.308575
17.757 0.308628
17.7602 0.308675
17.7633 0.308715
17.7665 0.308751
17.7696 0.308407
17.7728 0.307981
17.7759 0.307609
17.7791 0.307408
17.7823 0.307232
17.7854 0.307078
17.7886 0.306943
17.7917 0.306825
17.7949 0.307097
17.798 0.307335
17.8012 0.307543
17.8043 0.307725
17.8075 0.307884
17.8106 0.308024
17.8138 0.308146
17.8169 0.308128
17.8201 0.308237
17.8232 0.308332
17.8264 0.308416
17.8295 0.308489
17.8327 0.308553
17.8358 0.308608
17.839 0.308532
17.8421 0.308591
17.8453 0.308642
17.8484 0.308687
17.8516 0.308351
17.8547 0.307932
17.8579 0.307566
17.8611 0.30737
17.8642 0.307199
17.8674 0.307049
17.8705 0.306918
17.8737 0.306803
17.8768 0.307078
17.88 0.307193
17.8831 0.307419
17.8863 0.307616
17.8894 0.307789
17.8926 0.307941
17.8957 0.308073
17.8989 0.308189
17.902 0.30829
17.9052 0.308379
17.9083 0.308457
17.9115 0.308525
17.9146 0.308584
17.9178 0.308636
17.9209 0.308557
17.9241 0.308612
17.9272 0.30866
17.9304 0.308703
17.9335 0.30874
17.9367 0.308773
17.9399 0.308801
17.943 0.308826
17.9462 0.308848
17.9493 0.308867
17.9525 0.308883
17.9556 0.308898
17.9588 0.308911
17.9619 0.308797
17.9651 0.308822
17.9682 0.308844
17.9714 0.308864
17.9745 0.308881
17.9777 0.308896
17.9808 0.308909
17.984 0.308795
17.9871 0.308821
17.9903 0.308843
17.9934 0.308863
17.9966 0.30888
17.9997 0.308895
18.0029 0.308908
18.006 0.30892
18.0092 0.30893
18.0123 0.308938
18.0155 0.308946
18.0187 0.308953
18.0218 0.308959
18.025 0.308839
18.0281 0.308859
18.0313 0.308877
18.0344 0.308892
18.0376 0.309281
18.0407 0.30962
18.0439 0.309918
18.047 0.310303
18.0502 0.310515
18.0533 0.310701
18.0565 0.310863
18.0596 0.311005
18.0628 0.31113
18.0659 0.311238
18.0691 0.311334
18.0722 0.311417
18.0754 0.31149
18.0785 0.311554
18.0817 0.311609
18.0848 0.311658
18.088 0.311701
18.0911 0.311738
18.0943 0.311771
18.0975 0.3118
18.1006 0.311825
18.1038 0.311847
18.1069 0.311866
18.1101 0.311883
18.1132 0.311897
18.1164 0.31191
18.1195 0.311921
18.1227 0.311931
18.1258 0.31194
18.129 0.311947
18.1321 0.311954
18.1353 0.31196
18.1384 0.311965
18.1416 0.311969
18.1447 0.311973
18.1479 0.311976
18.151 0.312104
18.1542 0.312091
18.1573 0.31208
18.1605 0.31207
18.1636 0.312061
18.1668 0.312053
18.1699 0.312047
18.1731 0.312041
18.1763 0.312036
18.1794 0.312031
18.1826 0.312027
18.1857 0.312024
18.1889 0.312021
18.192 0.312143
18.1952 0.312125
18.1983 0.312485
18.2015 0.312799
18.2046 0.313074
18.2078 0.313315
18.2109 0.313526
18.2141 0.313835
18.2172 0.313981
18.2204 0.314108
18.2235 0.314219
18.2267 0.314317
18.2298 0.314402
18.233 0.314477
18.2361 0.314667
18.2393 0.314709
18.2424 0.314745
18.2456 0.314777
18.2487 0.314805
18.2519 0.314829
18.2551 0.314976
18.2582 0.314979
18.2614 0.314981
18.2645 0.314984
18.2677 0.314986
18.2708 0.314988
18.274 0.314989
18.2771 0.315115
18.2803 0.315101
18.2834 0.315088
18.2866 0.315077
18.2897 0.315068
18.2929 0.315059
18.296 0.315177
18.2992 0.31528
18.3023 0.315245
18.3055 0.315214
18.3086 0.315187
18.3118 0.315164
18.3149 0.315143
18.3181 0.315251
18.3212 0.315219
18.3244 0.315192
18.3275 0.315168
18.3307 0.315147
18.3339 0.315129
18.337 0.315237
18.3402 0.315333
18.3433 0.315291
18.3465 0.315255
18.3496 0.315223
18.3528 0.315195
18.3559 0.315171
18.3591 0.315649
18.3622 0.316068
18.3654 0.31631
18.3685 0.316521
18.3717 0.316706
18.3748 0.316868
18.378 0.317009
18.3811 0.317258
18.3843 0.317476
18.3874 0.317541
18.3906 0.317599
18.3937 0.317649
18.3969 0.317693
18.4 0.317856
18.4032 0.317999
18.4063 0.318124
18.4095 0.318109
18.4127 0.318095
18.4158 0.318083
18.419 0.318073
18.4221 0.318189
18.4253 0.31829
18.4284 0.318254
18.4316 0.318222
18.4347 0.318194
18.4379 0.31817
18.441 0.318274
18.4442 0.318365
18.4473 0.318444
18.4505 0.318389
18.4536 0.31834
18.4568 0.318297
18.4599 0.31826
18.4631 0.318353
18.4662 0.318434
18.4694 0.318379
18.4725 0.318332
18.4757 0.318291
18.4788 0.318254
18.482 0.318222
18.4851 0.31832
18.4883 0.318405
18.4915 0.318354
18.4946 0.31831
18.4978 0.318271
18.5009 0.318237
18.5041 0.318333
18.5072 0.318416
18.5104 0.318364
18.5135 0.318318
18.5167 0.318279
18.5198 0.318619
18.523 0.318916
18.5261 0.319302
18.5293 0.319639
18.5324 0.319934
18.5356 0.320067
18.5387 0.320184
18.5419 0.320286
18.545 0.3205
18.5482 0.320688
18.5513 0.320852
18.5545 0.320995
18.5576 0.320996
18.5608 0.320996
18.5639 0.320997
18.5671 0.321122
18.5703 0.321232
18.5734 0.321328
18.5766 0.321287
18.5797 0.321251
18.5829 0.32122
18.586 0.321317
18.5892 0.321403
18.5923 0.321477
18.5955 0.321543
18.5986 0.321475
18.6018 0.321415
18.6049 0.321364
18.6081 0.321443
18.6112 0.321513
18.6144 0.321574
18.6175 0.321502
18.6207 0.321439
18.6238 0.321384
18.627 0.321336
18.6301 0.321419
18.6333 0.321492
18.6364 0.321555
18.6396 0.321486
18.6427 0.321425
18.6459 0.321372
18.6491 0.321451
18.6522 0.321519
18.6554 0.321579
18.6585 0.321507
18.6617 0.321444
18.6648 0.321388
18.668 0.32134
18.6711 0.321422
18.6743 0.321494
18.6774 0.321558
18.6806 0.321988
18.6837 0.322239
18.6869 0.322459
18.69 0.322777
18.6932 0.323055
18.6963 0.323298
18.6995 0.323511
18.7026 0.323697
18.7058 0.323735
18.7089 0.323768
18.7121 0.323922
18.7152 0.324057
18.7184 0.324175
18.7215 0.324278
18.7247 0.324243
18.7279 0.324213
18.731 0.324311
18.7342 0.324397
18.7373 0.324473
18.7405 0.324538
18.7436 0.324596
18.7468 0.324522
18.7499 0.324456
18.7531 0.324524
18.7562 0.324584
18.7594 0.324636
18.7625 0.324681
18.7657 0.324596
18.7688 0.324522
18.772 0.324456
18.7751 0.324524
18.7783 0.324584
18.7814 0.324636
18.7846 0.324681
18.7877 0.324596
18.7909 0.324522
18.794 0.324581
18.7972 0.324634
18.8003 0.32468
18.8035 0.32472
18.8067 0.324755
18.8098 0.32466
18.813 0.324578
18.8161 0.324631
18.8193 0.324677
18.8224 0.324717
18.8256 0.324753
18.8287 0.324658
18.8319 0.324576
18.835 0.324629
18.8382 0.324675
18.8413 0.325091
18.8445 0.325455
18.8476 0.325773
18.8508 0.326051
18.8539 0.32617
18.8571 0.326399
18.8602 0.326599
18.8634 0.326774
18.8665 0.326927
18.8697 0.327061
18.8728 0.327054
18.876 0.327047
18.8791 0.327166
18.8823 0.32727
18.8855 0.327362
18.8886 0.327441
18.8918 0.327511
18.8949 0.327447
18.8981 0.327516
18.9012 0.327577
18.9044 0.32763
18.9075 0.327676
18.9107 0.327716
18.9138 0.327627
18.917 0.327549
18.9201 0.327605
18.9233 0.327654
18.9264 0.327698
18.9296 0.327735
18.9327 0.327768
18.9359 0.327672
18.939 0.327713
18.9422 0.327749
18.9453 0.327781
18.9485 0.327808
18.9516 0.327832
18.9548 0.327853
18.9579 0.327746
18.9611 0.327778
18.9643 0.327806
18.9674 0.32783
18.9706 0.327851
18.9737 0.32787
18.9769 0.327761
18.98 0.327791
18.9832 0.327817
18.9863 0.32784
18.9895 0.32786
18.9926 0.327877
18.9958 0.327893
18.9989 0.327781
19.0021 0.328184
19.0052 0.328536
19.0084 0.328844
19.0115 0.329113
19.0147 0.329349
19.0178 0.329555
19.021 0.329611
19.0241 0.329785
19.0273 0.329937
19.0304 0.330069
19.0336 0.330186
19.0367 0.330288
19.0399 0.330377
19.0431 0.330455
19.0462 0.330523
19.0494 0.330582
19.0525 0.330635
19.0557 0.33068
19.0588 0.33072
19.062 0.33063
19.0651 0.330676
19.0683 0.330717
19.0714 0.330752
19.0746 0.330783
19.0777 0.33081
19.0809 0.330834
19.084 0.330855
19.0872 0.330873
19.0903 0.330889
19.0935 0.330903
19.0966 0.330915
19.0998 0.330926
19.1029 0.330935
19.1061 0.330943
19.1092 0.33095
19.1124 0.330956
19.1155 0.330962
19.1187 0.330967
19.1219 0.330971
19.125 0.330974
19.1282 0.330978
19.1313 0.33098
19.1345 0.330983
19.1376 0.330985
19.1408 0.330987
19.1439 0.330989
19.1471 0.33099
19.1502 0.330991
19.1534 0.330992
19.1565 0.330993
19.1597 0.330994
19.1628 0.33137
19.166 0.331699
19.1691 0.331986
19.1723 0.332238
19.1754 0.332458
19.1786 0.332651
19.1817 0.33282
19.1849 0.332967
19.188 0.333221
19.1912 0.333319
19.1943 0.333404
19.1975 0.333478
19.2007 0.333544
19.2038 0.333601
19.207 0.33365
19.2101 0.333819
19.2133 0.333842
19.2164 0.333862
19.2196 0.333879
19.2227 0.333894
19.2259 0.333907
19.229 0.334044
19.2322 0.334038
19.2353 0.334034
19.2385 0.334029
19.2416 0.334026
19.2448 0.334022
19.2479 0.33402
19.2511 0.334142
19.2542 0.334124
19.2574 0.334109
19.2605 0.334095
19.2637 0.334083
19.2668 0.334073
19.27 0.334064
19.2731 0.334056
19.2763 0.334049
19.2795 0.334043
19.2826 0.334037
19.2858 0.334033
19.2889 0.334029
19.2921 0.33415
19.2952 0.334131
19.2984 0.334115
19.3015 0.334101
19.3047 0.334088
19.3078 0.334077
19.311 0.334067
19.3141 0.334059
19.3173 0.334052
19.3204 0.334045
19.3236 0.334414
19.3267 0.334738
19.3299 0.33502
19.333 0.335393
19.3362 0.335719
19.3393 0.335879
19.3425 0.336019
19.3456 0.336142
19.3488 0.336249
19.3519 0.336343
19.3551 0.33655
19.3583 0.336731
19.3614 0.336765
19.3646 0.336794
19.3677 0.33682
19.3709 0.336842
19.374 0.336987
19.3772 0.337114
19.3803 0.3371
19.3835 0.337087
19.3866 0.337076
19.3898 0.337067
19.3929 0.337058
19.3961 0.337176
19.3992 0.337279
19.4024 0.337244
19.4055 0.337214
19.4087 0.337187
19.4118 0.337164
19.415 0.337143
19.4181 0.33725
19.4213 0.337219
19.4244 0.337192
19.4276 0.337168
19.4307 0.337147
19.4339 0.337128
19.4371 0.337237
19.4402 0.337333
19.4434 0.337291
19.4465 0.337255
19.4497 0.337223
19.4528 0.337195
19.456 0.337171
19.4591 0.337274
19.4623 0.33724
19.4654 0.33721
19.4686 0.337184
19.4717 0.337161
19.4749 0.337141
19.478 0.337248
19.4812 0.337342
