0.0 0
0.0301987 1440
0.0301987 1440
0.0628553 2940
0.1068 5940
0.147266 8940
0.158564 11940
0.1885 14940
0.19445 17940
0.1973 20940
0.199691 23940
0.222535 26940
0.225091 29940
0.228535 32940
0.231091 35940
0.233565 38940
0.235955 41940
0.238345 44940
0.240736 47940
0.25644 50940
0.25883 53940
0.26122 56940
0.263611 59940
0.266001 62940
0.268392 65940
0.270782 68940
0.273172 71940
0.275563 74940
0.277953 77940
0.280344 80940
0.282734 83940
0.285124 86940
0.287515 89940
0.289905 92940
0.292296 95940
0.294686 98940
0.297076 101940
0.299467 104940
0.301857 107940
0.304248 110940
0.306638 109138
0.309028 112138
0.311419 109138
0.313809 112138
0.3162 109138
0.31859 112138
0.32098 109138
0.323371 112138
0.325761 109138
0.328152 112138
0.330542 109138
0.332932 112138
0.335323 109138
0.337713 112138
0.340104 109138
0.342494 112138
0.344884 109138
0.347275 112138
0.349665 109138
0.352055 112138
0.354446 109138
0.356836 112138
0.359227 109138
0.361617 112138
0.364007 109138
0.366398 112138
0.368788 109138
0.371179 112138
0.373569 109138
0.375959 112138
0.37835 109138
0.38074 112138
0.383131 109138
0.385521 112138
0.387911 109138
0.390302 112138
0.392692 109138
0.395083 112138
0.397473 109138
0.399863 112138
0.402254 109138
0.404644 112138
0.407035 109138
0.409425 112138
0.411815 109138
0.414206 112138
0.416596 109138
0.418987 112138
0.421377 109138
0.423767 112138
0.426158 109138
0.428548 112138
0.430939 109138
0.433329 112138
0.435719 109138
0.43811 112138
0.4405 109138
0.442891 112138
0.445281 109591
0.447671 112591
0.450062 109591
0.455049 112591
0.464013 109591
0.473575 112591
0.479551 109591
0.483734 112591
0.490926 75841
0.496305 78841
0.504074 75841
0.511245 78841
0.517221 75841
0.523794 78841
0.527978 75841
0.533356 78841
0.537539 75841
0.541125 78841
0.543515 75841
0.545906 78841
0.548296 75841
0.550686 78841
0.553077 75841
0.555467 78841
0.557858 75841
0.560248 78841
0.562638 75841
0.565029 78841
0.567419 75841
0.56981 78841
0.5722 75841
0.57459 78841
0.576981 75841
0.579371 78841
0.581762 75841
0.584152 78841
0.586542 75841
0.588933 78841
0.591323 75841
0.593714 78841
0.596104 75841
0.598494 78841
0.600885 76228
0.603275 79228
0.605666 76228
0.608056 79228
0.610446 76354
0.612837 79354
0.615227 76354
0.617618 79354
0.620008 76469
0.622398 79469
0.624789 76469
0.627179 79469
0.62957 76469
0.63196 79469
0.63435 76469
0.636741 79469
0.639131 76469
0.641522 79469
0.643912 76469
0.646302 79469
0.648693 76469
0.651083 79469
0.653474 76469
0.655864 79469
0.658254 76469
0.660645 79469
0.663035 76469
0.665426 79469
0.667816 76469
0.671469 79469
0.67625 76469
0.679238 79469
0.682824 76469
0.686409 79469
0.69119 76469
0.694776 79469
0.698361 76469
0.704359 79469
0.708542 76469
0.710933 79469
0.713345 76469
0.716909 79469
0.722287 76469
0.72886 79469
0.732446 76469
0.736032 79469
0.74141 76469
0.746788 79469
0.752764 76469
0.758143 79469
0.763521 76469
0.7689 79469
0.774278 76469
0.779656 79469
0.786828 76469
0.792206 79469
0.797584 76469
0.802963 79469
0.807744 76469
0.813122 79469
0.816708 76469
0.821512 79469
0.826292 76469
0.831073 79469
0.835854 76469
0.840037 79469
0.842428 76469
0.847806 79469
0.852587 76469
0.864539 79469
0.869319 76469
0.87171 79469
0.874698 76469
0.883662 79469
0.886052 76469
0.895016 79469
0.898602 76469
0.908163 79469
0.911151 76469
0.918323 79469
0.920713 76469
0.927287 79469
0.929677 76469
0.934458 79469
0.93687 76469
0.941629 79469
0.944041 76469
0.948822 79469
0.95181 76469
0.956591 79469
0.960176 76469
0.963164 79469
0.967945 76469
0.973921 79469
0.978104 76469
0.98647 79469
0.988861 76469
0.991273 79469
0.993642 76469
0.999618 79469
1.00201 76469
1.00858 79469
1.01099 76469
1.01635 79469
1.01874 76469
1.02352 79469
1.02591 76469
1.03308 79469
1.03547 76469
1.03846 79469
1.04147 76469
1.04563 79469
1.04862 76469
1.054 79469
1.05639 76469
1.06117 79469
1.06476 76469
1.06954 79469
1.07193 76469
1.0791 79469
1.08209 76469
1.09045 79469
1.09344 76469
1.09703 79469
1.09942 76469
1.10719 79469
1.10958 76469
1.11794 79469
1.12093 76469
1.12631 79469
1.1293 76469
1.13408 79469
1.13707 76469
1.14543 79469
1.14842 76469
1.1538 79469
1.15619 76469
1.16336 79469
1.16575 76469
1.17352 79469
1.17591 76469
1.18189 79469
1.18547 76469
1.18906 79469
1.19264 76469
1.2022 79469
1.20519 76469
1.21296 79469
1.21595 76469
1.22013 79469
1.22252 76469
1.23029 79469
1.23268 76469
1.24165 79469
1.24463 76469
1.253 79469
1.25539 76469
1.26137 79469
1.26376 76469
1.27153 79469
1.27451 76469
1.28168 79469
1.28407 76469
1.29005 79469
1.29304 76469
1.302 79469
1.30439 76469
1.31097 79469
1.31395 76469
1.31874 79469
1.32232 76469
1.33188 79469
1.33427 76469
1.34204 79469
1.34503 76469
1.34862 79469
1.3516 76469
1.35937 79469
1.36236 76469
1.36953 79469
1.37312 76469
1.37909 79469
1.38208 76469
1.38925 79469
1.39344 76469
1.4012 79469
1.40362 76469
1.40957 79469
1.41258 76469
1.41913 79469
1.42152 76469
1.43049 79469
1.43347 76469
1.44244 79469
1.44602 76469
1.44901 79469
1.452 76469
1.46037 79469
1.46276 76469
1.47053 79469
1.47294 76469
1.4765 79469
1.47949 76469
1.48786 79469
1.49025 76469
1.49921 79469
1.5022 76469
1.50937 79469
1.51236 76469
1.51774 79469
1.52072 76469
1.53148 79469
1.53447 76469
1.54044 79469
1.54284 76469
1.54941 79469
1.55182 76469
1.56017 79469
1.56256 76469
1.57212 79469
1.5757 76469
1.58108 79469
1.58407 76469
1.59303 79469
1.59542 76469
1.60319 79469
1.60678 76469
1.60977 79469
1.61275 76469
1.62052 79469
1.6253 76469
1.63307 79469
1.63606 76469
1.64323 79469
1.64622 76469
1.651 79469
1.65459 76469
1.66355 79469
1.66656 76469
1.67311 79469
1.67672 76469
1.68387 79469
1.68805 76469
1.69582 79469
1.69881 76469
1.70897 79469
1.71136 76469
1.71793 79469
1.72092 76469
1.72988 79469
1.73227 76469
1.74004 79469
1.74423 76469
1.7508 79469
1.75319 76469
1.76036 79469
1.76454 76469
1.77351 79469
1.77709 76469
1.78486 79469
1.78785 76469
1.79144 79469
1.79383 76469
1.80458 79469
1.80817 76469
1.81654 79469
1.81952 76452
1.82849 79452
1.83267 76452
1.84283 79452
1.84761 76452
1.85897 79452
1.86195 76452
1.86972 79452
1.8739 76452
1.88406 79452
1.88705 76452
1.89363 79452
1.89661 76452
1.90498 79452
1.90797 76452
1.91574 79452
1.91992 76452
1.93187 79452
1.93546 76452
1.94382 79452
1.94681 76452
1.95159 79452
1.95458 76452
1.96354 79452
1.96713 76452
1.97669 66352
1.98267 69352
1.99283 66352
1.99701 69352
2.01016 66352
2.01434 69352
2.02868 66352
2.03287 69352
2.04004 66352
2.04303 69352
2.05617 66352
2.05976 69352
2.06573 66352
2.06932 69352
2.07828 66352
2.08187 69352
2.08964 66352
2.09322 69352
2.11055 66352
2.11593 69352
2.13267 66352
2.13565 69352
2.13924 66352
2.14223 69352
2.15179 45153
2.15478 48153
2.19482 45153
2.1984 48153
2.22111 45153
2.2241 48153
2.2486 45153
2.25338 48153
2.25995 45153
2.26294 48153
2.2743 45153
2.27788 48153
2.28446 45153
2.28685 48153
2.2994 45153
2.30358 48153
2.31135 45153
2.31493 48153
2.33943 45153
2.34601 48153
2.3723 45153
2.37947 48153
2.38664 45153
2.39083 48153
2.51692 45153
2.51991 48153
2.53126 45153
2.53604 48153
2.54083 45153
2.54561 48153
2.55577 45153
2.55995 48153
2.56652 45153
2.57071 48153
2.59102 45153
2.597 48153
2.6209 45153
2.62449 48153
2.63405 45153
2.64122 48153
2.74461 45153
2.747 48153
2.75238 45153
2.75477 48153
2.75716 45153
2.75955 48153
2.76433 45153
2.76791 48153
2.7715 45153
2.77389 48153
2.78584 45153
2.78883 48153
2.80198 45153
2.80437 48153
2.81154 45153
2.81632 41570
2.87249 44570
2.87608 41570
2.87847 44570
2.88148 41570
2.88385 44570
2.88684 41570
2.89102 44570
2.8946 41570
2.89879 44570
2.90237 41570
2.90476 44570
2.90895 41570
2.91731 44570
2.9209 41570
2.9693 36610
2.97468 39610
2.97946 36610
2.98305 39610
2.98723 36610
2.99142 39610
2.995 36610
2.99918 39610
3.00396 36610
3.00755 39610
3.01173 36610
3.01771 39610
3.02189 36610
3.02548 39610
3.06552 42610
3.07448 42036
3.07866 45036
3.08285 42036
3.08643 45036
3.09121 42036
3.09719 45036
3.10257 42036
3.10735 45036
3.11333 42036
3.1187 45036
3.12408 42036
3.13006 45036
3.15277 42036
3.15874 45036
3.16472 42036
3.1695 45036
3.17607 42036
3.18205 45036
3.18563 42036
3.19101 45036
3.1946 42036
3.20117 45036
3.20655 42036
3.21432 45036
3.22149 42036
3.23045 45036
3.23643 42036
3.26631 45036
3.27288 42036
3.28185 45036
3.28782 42036
3.29918 45036
3.30396 42036
3.31053 45036
3.31591 42036
3.32189 45036
3.32906 42036
3.34041 45036
3.344 42036
3.35954 45036
3.36432 42036
3.39838 45036
3.40436 42036
3.41452 45036
3.42109 42036
3.43424 45036
3.43961 42036
3.44738 45036
3.45455 42036
3.46053 45036
3.46591 42036
3.48085 45036
3.48682 42036
3.50296 45036
3.50774 42036
3.543 45036
3.54838 42036
3.55794 45036
3.56272 42036
3.58005 45036
3.58483 42036
3.59439 45036
3.59858 42036
3.60873 45036
3.61232 42036
3.62905 45036
3.63264 42036
3.65236 45036
3.65893 42036
3.69419 45036
3.69897 42036
3.70913 45036
3.71511 42036
3.73124 45036
3.73543 42036
3.74678 45036
3.75096 42036
3.76172 45036
3.7671 42036
3.78084 45036
3.78562 42036
3.80295 45036
3.80893 42036
3.84538 45036
3.85076 42036
3.86331 45036
3.8675 42036
3.88602 45036
3.892 42036
3.90335 45036
3.90813 42036
3.91769 45036
3.92188 42036
3.93682 45036
3.9422 42036
3.96251 45036
3.96729 42036
4.01032 45036
4.0145 42036
4.03124 45036
4.03542 42036
4.05395 45036
4.05873 42036
4.06889 45036
4.07426 42036
4.08263 45036
4.08622 42036
4.09817 45036
4.10235 42036
4.11908 45036
4.12267 42036
4.1639 45036
4.16988 42036
4.18422 45036
4.18841 42036
4.20693 45036
4.21351 42036
4.22605 45036
4.23024 42036
4.2404 45036
4.24518 42036
4.25534 45036
4.25952 42036
4.27506 45036
4.28044 42036
4.31808 45036
4.32346 42036
4.3396 45036
4.34378 42036
4.36231 45036
4.36709 42036
4.38442 45036
4.3898 42036
4.39637 45036
4.40175 42036
4.41251 45036
4.41788 42036
4.43043 45036
4.43521 42036
4.47167 45036
4.47764 42036
4.49438 45036
4.50035 42036
4.51709 45036
4.52127 42036
4.53621 45036
4.54218 28435
4.54936 31435
4.55354 28435
4.56489 31435
4.57027 28435
4.58282 31435
4.587 28435
4.62047 31435
4.62764 28435
4.64378 31435
4.64796 28435
4.66589 31435
4.67127 28435
4.688 31435
4.69278 27229
4.73521 30229
4.76987 27229
4.77585 30229
4.78899 27229
4.79557 30229
4.80812 27229
4.8123 30229
4.82545 27229
4.83082 30229
4.8631 21052
4.87146 24052
4.90015 21052
4.90612 24052
4.91748 21052
4.92644 24052
4.9354 21052
4.94258 24052
4.95393 21052
4.9617 24052
5.01429 19043
5.02086 22043
5.03461 19043
5.04118 22043
5.05433 18950
5.06449 21950
5.07524 18950
5.086 21950
5.12006 18950
5.13321 21950
5.14098 18950
5.15771 21950
5.16787 18950
5.17803 21950
5.18879 18950
5.22285 21950
5.23301 18950
5.24616 21950
5.25392 18950
5.26707 21950
5.27962 18950
5.3107 21950
5.32086 18950
5.33221 21950
5.34177 18950
5.35731 21950
5.36747 18950
5.40392 21950
5.41647 18950
5.42783 21950
5.43978 18950
5.45651 21950
5.46488 18950
5.49416 21950
5.50014 18950
5.51388 21950
5.52583 18950
5.54017 21950
5.54854 18950
5.57424 21950
5.58559 18950
5.59456 21950
5.60472 18950
5.62444 21950
5.6334 18950
5.65432 21950
5.66567 18950
5.67583 21950
5.68539 18950
5.70451 21950
5.71587 18950
5.7338 21950
5.74276 18950
5.7577 21950
5.77025 18950
5.78639 21950
5.79654 18950
5.81507 21950
5.82642 18950
5.84256 21950
5.85212 18950
5.86826 21950
5.87901 18950
5.89754 21950
5.9077 16754
5.92861 19754
5.93758 16754
5.95312 19754
5.96327 16754
5.97881 19754
5.98837 16754
6.01407 14448
6.03738 17448
6.04813 14448
6.06188 17448
6.07323 14448
6.10132 17448
6.13419 14448
6.14793 17448
6.16287 14448
6.17602 17448
6.2047 14448
6.21546 17448
6.24116 14448
6.25251 17448
6.26506 14448
6.27642 17448
6.30211 14448
6.31586 17448
6.33498 14448
6.34932 17448
6.36307 14255
6.37502 17255
6.40251 14255
6.41506 17255
6.43538 14255
6.44853 17255
6.46167 14255
6.49753 17255
6.51486 13869
6.52741 16869
6.54115 13869
6.58059 16869
6.59255 13869
6.60988 13781
6.62243 16781
6.66067 13781
6.67382 16781
6.69175 13683
6.7025 16683
6.71446 13683
6.75868 16683
6.77123 13683
6.78438 16683
6.79991 13683
6.84115 16683
6.85728 13683
6.87342 12492
6.88836 15492
6.93856 12492
6.94991 15492
6.96724 12492
6.98696 15492
7.0031 12492
7.03836 15492
7.0527 12492
7.0778 15492
7.09274 12492
7.128 15492
7.14413 12492
7.16803 15492
7.18238 12253
7.22003 15253
7.23497 11782
7.25409 14782
7.27022 11782
7.31206 11386
7.32819 14386
7.34194 11386
7.35688 14386
7.41245 11915
7.4244 14915
7.44054 11915
7.46086 14915
7.49492 11915
7.51464 14915
7.52839 11915
7.5505 14915
7.56604 11915
7.60488 14915
7.62161 11915
7.64791 14915
7.66404 11915
7.70826 14915
7.7238 11915
7.74412 14915
7.75727 11915
7.7985 14915
7.81464 11915
7.83555 14915
7.85049 11915
7.89173 14915
7.90607 11915
7.92579 14915
7.93834 11915
7.98316 14915
7.99989 11915
8.02081 14915
8.03635 11915
8.07878 14915
8.09372 11915
8.11583 14915
8.13196 11915
8.1714 14915
8.18336 11915
8.21264 11530
8.22877 14530
8.26582 11530
8.28196 14530
8.30706 11530
8.32319 14530
8.34052 11530
8.38415 14530
8.40327 11530
8.43614 14530
8.45407 11530
8.48275 14530
8.49829 11530
8.52638 14530
8.54251 11530
8.57478 14530
8.59152 11530
8.61841 14530
8.63155 11530
8.6698 14530
8.69012 11530
8.71343 14530
8.72956 11530
8.76362 14530
8.78095 11530
8.80605 10516
8.82219 13516
8.85326 10516
8.8694 13516
8.90645 10114
8.92916 13114
8.95426 10114
8.97278 9575
9.01342 12575
9.03493 9575
9.06242 12575
9.12099 9575
9.13653 12575
9.16282 9575
9.18672 12575
9.22617 9575
9.24529 12575
9.27875 9575
9.29967 12575
9.33792 9575
9.35823 12575
9.39588 9575
9.42039 12575
9.45385 9485
9.47417 12485
9.51242 9485
9.53214 12485
9.57218 9467
9.5913 12467
9.62895 9467
9.65405 12467
9.6899 7927
9.71321 10927
9.75803 7530
9.78193 10530
9.82078 7530
9.86918 10530
9.89906 7425
9.95165 10425
9.97675 7396
10.0347 4000
10.1339 7000
10.1925 4147
10.2098 4132
10.2559 7132
10.3037 10132
10.3276 13132
10.3605 16132
10.3862 14882
10.4119 17882
10.4334 14882
10.4537 17882
10.4746 15269
10.4961 18269
10.5159 15269
10.5386 18269
10.5601 15480
10.5834 18480
10.6013 15480
10.6175 18480
10.6497 16847
10.6754 19847
10.6987 16968
10.7185 19968
10.737 22968
10.7567 20611
10.7914 23611
10.8105 26611
10.8428 25148
10.8643 28148
10.884 25148
10.9055 28148
10.9258 25148
10.9461 28148
10.9659 25148
10.9862 28148
11.0053 25148
11.025 28148
11.0447 25148
11.0639 28148
11.0866 25148
11.1063 28148
11.123 25148
11.1553 28148
11.1678 25148
11.1929 28148
11.2145 25148
11.2354 28148
11.2575 25148
11.2736 28148
11.2916 25148
11.319 28148
11.3382 25148
11.3633 28148
11.3812 25148
11.4069 28148
11.4266 25148
11.4481 28148
11.4666 25148
11.4882 28148
11.5043 25148
11.5366 28148
11.5527 25148
11.5754 28148
11.5945 25148
11.6178 28148
11.6364 25148
11.6567 28148
11.6746 25148
11.7081 28148
11.7212 25148
11.7487 28148
11.7684 25148
11.7905 28148
11.8133 25148
11.8312 28148
11.8473 25148
11.8748 28148
11.8909 25148
11.9154 28148
11.9328 25148
11.9555 28148
11.9752 25148
11.9991 28148
12.0176 25148
12.0421 28148
12.0589 25148
12.084 28148
12.1013 25148
12.1252 28148
12.1413 25148
12.17 23732
12.1891 26732
12.2113 23732
12.2304 26732
12.2519 23732
12.2644 26732
12.2895 23732
12.3015 26732
12.3302 23732
12.3619 26732
12.3846 23732
12.4061 26732
12.424 23732
12.4389 26732
12.4557 23732
12.4706 26732
12.4856 23732
12.5196 26732
12.5369 24408
12.5609 27408
12.58 24408
12.5985 27408
12.6164 24408
12.6361 27408
12.6541 24408
12.6768 27408
12.6941 24408
12.7138 27408
12.7324 24655
12.7503 27655
12.7658 24655
12.7826 27655
12.8011 25183
12.819 28183
12.8328 25183
12.8567 28183
12.8698 25183
12.8967 28183
12.9152 25210
12.9367 28210
12.9565 25210
12.9756 28210
12.9929 25210
13.0144 28210
13.0353 25210
13.0563 28210
13.0694 25210
13.0843 28210
13.1011 25210
13.122 28210
13.1375 25210
13.1537 28210
13.1692 25442
13.1985 28442
13.214 25794
13.2308 28794
13.2499 25794
13.2672 28794
13.2857 25918
13.3037 28918
13.3204 25918
13.3389 28918
13.3563 25918
13.3706 28918
13.3831 25918
13.4053 28918
13.4196 25918
13.4465 28918
13.4674 25918
13.4877 28918
13.5098 25918
13.5308 28918
13.5457 25918
13.5618 28918
13.5786 25918
13.5959 28918
13.6156 25918
13.6335 28918
13.6533 25918
13.6742 28918
13.6927 25918
13.7088 28918
13.7244 25918
13.7387 28918
13.7537 25918
13.7698 28918
13.7871 25918
13.8015 28918
13.8242 27796
13.8397 30796
13.8558 28320
13.8726 31320
13.8887 28320
13.9078 31320
13.9234 28320
13.9407 31320
13.9562 28320
13.9706 31320
13.9825 28320
13.9939 31320
14.013 28320
14.025 31320
14.0471 28320
14.0662 31320
14.0859 28978
14.1039 31978
14.12 28978
14.1337 31978
14.1493 28978
14.1636 31978
14.1786 28978
14.1947 31978
14.2108 28978
14.2252 31978
14.2395 28978
14.2574 31978
14.2742 28978
14.2921 31978
14.3082 28978
14.3268 31978
14.3429 28978
14.3578 31978
14.371 28978
14.3841 31978
14.3967 28978
14.4116 31978
14.4248 28978
14.4433 31978
14.4552 28978
14.475 31978
14.4893 30073
14.5042 33073
14.5192 30073
14.5335 33073
14.5443 30073
14.5574 33073
14.57 30073
14.5885 33073
14.6028 30073
14.6202 33073
14.6387 30073
14.6566 33073
14.6728 30073
14.6895 33073
14.7032 30073
14.7182 33073
14.7337 30073
14.7463 33073
14.7612 30073
14.7756 33073
14.7893 30073
14.8042 33073
14.818 30073
14.8323 33073
14.8485 30073
14.864 33073
14.8777 30073
14.8933 33073
14.9088 30073
14.9256 33073
14.9429 30073
14.9602 33073
14.9752 30073
14.9877 33073
15.0008 30073
15.0152 33073
15.0277 30073
15.0415 33073
15.0558 30073
15.072 33073
15.0851 30073
15.1036 33073
15.1144 32035
15.1275 35035
15.1395 32535
15.1586 35535
15.1688 32535
15.1873 35535
15.2046 32535
15.2238 35535
15.2417 32535
15.2548 35535
15.268 32535
15.2817 35535
15.2937 32535
15.308 35535
15.3206 32535
15.3355 35535
15.3481 32535
15.3624 35535
15.3755 33182
15.3893 36182
15.4036 33182
15.418 36182
15.4305 33182
15.4443 36182
15.4574 33182
15.47 36182
15.4837 33182
15.4981 36182
15.5112 33182
15.5243 36182
15.5411 33182
15.556 36182
15.5728 33182
15.5883 36182
15.6026 33182
15.617 36182
15.6295 33182
15.6421 36182
15.6522 33182
15.6642 36182
15.6755 33182
15.6857 36182
15.6947 33946
15.7048 36946
15.7287 39946
15.7389 37275
15.7526 40275
15.7688 37275
15.7861 40275
15.8034 37275
15.819 40275
15.8339 37275
15.8447 40275
15.8578 37275
15.8686 40275
15.8799 37275
15.8931 40275
15.905 37275
15.917 40275
15.9277 37275
15.9403 40275
15.9522 37275
15.9642 40275
15.9761 38162
15.9881 41162
15.9994 38162
16.0114 41162
16.0227 38162
16.0353 41162
16.0472 38162
16.0598 41162
16.0717 38162
16.0837 41162
16.0939 38162
16.1064 41162
16.1178 38162
16.1297 41162
16.1411 38162
16.153 41162
16.1626 38162
16.1763 41162
16.1889 38162
16.2026 41162
16.2146 38162
16.2289 41162
16.2427 38162
16.2558 41162
16.2648 38162
16.2737 41162
16.2821 38162
16.2905 41162
16.3042 38162
16.312 41162
16.3251 38162
16.3335 41162
16.3514 39069
16.3628 42069
16.3777 39069
16.3939 42069
16.4052 39069
16.4148 42069
16.4261 39069
16.4387 42069
16.45 39069
16.4632 42069
16.4751 39069
16.4865 42069
16.4984 39069
16.5074 42069
16.5193 39069
16.5301 42069
16.5421 39069
16.5534 42069
16.5642 39069
16.5749 42069
16.5869 39069
16.5976 42069
16.6096 39069
16.6215 42069
16.6341 39069
16.6436 42069
16.655 39607
16.6658 42607
16.6777 39607
16.6891 42607
16.6986 39607
16.71 42607
16.7207 39607
16.7333 42607
16.7434 39607
16.7554 42607
16.7662 40079
16.7769 43079
16.7901 40306
16.8008 43306
16.8122 40306
16.8259 43306
16.8373 40306
16.8468 43306
16.8606 40306
16.8701 43306
16.8857 40306
16.8964 43306
16.9096 40306
16.9162 43306
16.9293 40306
16.9424 43306
16.9556 40306
16.9675 43306
16.9801 40306
16.9909 43306
16.9998 40306
17.0112 43306
17.0225 40306
17.0321 43306
17.0405 40306
17.0524 43306
17.0626 40812
17.0733 43812
17.0847 40812
17.0966 43812
17.1074 40812
17.1193 43812
17.1301 40812
17.1409 43812
17.151 40812
17.163 43812
17.1731 40812
17.1827 43812
17.194 40812
17.2048 43812
17.215 40812
17.2251 43812
17.2359 40812
17.2472 43812
17.2586 40812
17.2681 43812
17.2789 40812
17.2897 43812
17.2998 40812
17.3106 43812
17.3213 40812
17.3327 43812
17.344 40812
17.3548 43812
17.3644 40812
17.3763 43812
17.3859 40812
17.396 43812
17.408 40812
17.4163 43812
17.4253 40812
17.4349 43812
17.442 42938
17.4546 45938
17.4642 42938
17.4869 45938
17.5024 42938
17.5173 45938
17.5329 42938
17.546 45938
17.5574 42938
17.5681 45938
17.5783 42938
17.5867 45938
17.5944 42938
17.6034 45938
17.6136 42938
17.6219 45938
17.6315 42938
17.641 45938
17.6512 42938
17.6608 45938
17.6709 43765
17.6835 46765
17.6942 44150
17.708 47150
17.7187 44150
17.7289 47150
17.7379 44150
17.7474 47150
17.757 44150
17.7671 47150
17.7773 44150
17.7869 47150
17.7976 44150
17.8078 47150
17.8179 44150
17.8269 47150
17.8382 44150
17.8472 47150
17.8574 44537
17.8687 47537
17.8777 44537
17.8873 47537
17.8962 44537
17.9064 47537
17.9165 44688
17.9261 47688
17.9363 44688
17.9458 47688
17.956 44688
17.9673 47688
17.9769 44688
17.9859 47688
17.9936 44688
18.0014 47688
18.0116 44688
18.0187 47688
18.0265 46196
18.0343 49196
18.0462 46196
18.0534 49196
18.0659 46280
18.0791 49280
18.0934 47744
18.1066 50744
18.1209 47744
18.1359 50744
18.1478 47744
18.1592 50744
18.1711 47744
18.1813 50744
18.1878 47744
18.1962 50744
18.2046 47744
18.2129 50744
18.2195 47744
18.2291 50744
18.2368 47744
18.2458 50744
18.2542 47744
18.2619 50744
18.2709 47744
18.2799 50744
18.2912 49355
18.3014 52355
18.3109 49355
18.3235 52355
18.3313 49355
18.3396 52355
18.3492 49355
18.3576 52355
18.3677 49355
18.3773 52355
18.3868 49355
18.3964 52355
18.406 49355
18.4161 52355
18.4257 49355
18.4329 52355
18.4424 49355
18.4508 52355
18.4603 49355
18.4687 52355
18.4765 49355
18.4854 52355
18.4944 49355
18.5034 52355
18.5117 49355
18.5201 52355
18.5297 49510
18.5398 52510
18.5482 49510
18.5572 52510
18.5643 49510
18.5721 52510
18.5793 49510
18.5852 52510
18.5984 50832
18.6044 53832
18.6139 50832
18.6217 53832
18.6331 50832
18.645 53832
18.6546 50832
18.6653 53832
18.6761 50832
18.6868 53832
18.6982 50832
18.7078 53832
18.7167 50832
18.7251 53832
18.7346 50832
18.7448 53832
18.7562 50832
18.7651 53832
18.7747 50832
18.7848 53832
18.7944 50832
18.8046 53832
18.8141 50832
18.8231 53832
18.8309 50832
18.8374 53832
18.8446 50832
18.8518 53832
18.8613 50832
18.8685 53832
18.8757 50832
18.8846 53832
18.893 50832
18.9026 53832
18.9103 50832
18.9181 53832
18.9289 50832
18.9384 53832
18.948 50832
18.9546 53832
18.9653 51806
18.9743 54806
18.9832 52117
18.9916 55117
19 52117
19.0083 55117
19.0179 52117
19.0275 55117
19.0352 52117
19.0448 55117
19.0544 52117
19.0633 55117
19.0717 52117
19.0795 55117
19.0884 52117
19.098 55117
19.1075 52117
19.1135 55117
19.1225 52117
19.1309 55117
19.138 52117
19.1446 55117
19.1518 52117
19.1589 55117
19.1643 52910
19.1745 55910
19.1805 53523
19.1924 56523
19.1996 53523
19.2139 56523
19.2241 53523
19.2354 56523
19.2456 53523
19.2564 56523
19.2665 53523
19.2773 56523
19.2862 53523
19.294 56523
19.3018 53523
19.3101 56523
19.3179 53523
19.3257 56523
19.334 53523
19.3418 56523
19.3496 53523
19.3573 56523
19.3663 53523
19.3765 56523
19.3854 53523
19.395 56523
19.4052 53523
19.4141 56523
19.4237 53523
19.4338 56523
19.4428 53523
19.453 56523
19.4601 53523
19.4679 56523
19.4763 53523
19.4834 56523
19.4894 53523
19.4966 56523
19.5038 53523
19.5109 56523
19.5169 53523
19.5235 56523
19.5324 53856
19.539 56856
19.548 54159
19.5569 57159
19.5647 54641
19.5761 57641
19.5838 54797
19.5946 57797
19.6018 54899
19.6107 57899
19.6191 55300
19.6275 58300
19.6352 55300
19.6424 58300
19.6502 55300
19.6579 58300
19.6663 55300
19.6753 58300
19.683 55300
19.692 58300
19.6998 55300
19.7081 58300
19.7135 55300
19.7195 58300
19.7261 55300
19.732 58300
19.7386 55300
19.7446 58300
19.7547 57473
19.7601 60473
19.7703 57496
19.7757 60496
19.7882 57760
19.7972 60760
19.8073 57760
19.8169 60760
19.8259 57760
19.8366 60760
19.8468 57760
19.8557 60760
19.8629 57760
19.8695 60760
19.8773 57760
19.8856 60760
19.8928 57760
19.9006 60760
19.9077 57760
19.9143 60760
19.9215 57760
19.931 60760
19.9388 57760
19.946 60760
19.9537 57760
19.9615 60760
19.9687 57760
19.9759 60760
19.983 57760
19.9914 60760
19.9998 57760
20.0087 60760
20.0177 57760
20.0255 60760
20.0338 57760
20.0422 60760
20.0512 57760
20.0607 60760
20.0685 28880
20.0769 31880
20.0852 28880
20.0936 31880
20.1002 28880
20.1073 31880
20.1145 28880
20.1211 31880
20.1271 28880
20.1348 31880
20.142 28880
20.1498 31880
20.1563 28880
20.1623 31880
20.1701 28880
20.1773 31880
20.1838 28880
20.191 31880
20.1982 29070
20.2053 32070
20.2233 29237
20.2735 32237
20.3087 35237
20.3434 38237
20.3649 41237
20.3715 44237
20.3774 47237
20.3834 50237
20.3906 53237
20.3948 56237
20.4014 59237
20.4061 62237
20.4139 65237
20.4211 68237
20.4276 71237
20.4348 74237
20.4414 71822
20.4486 70433
20.4557 69475
20.4623 68765
20.4695 68273
20.4737 68099
20.4808 67819
20.4856 70819
20.491 67819
20.4952 70819
20.4976 67819
20.5029 70819
20.5083 73819
20.5137 76819
20.5197 79819
20.5257 79014
20.5304 77943
20.5364 76696
20.5418 79696
20.5472 75375
20.5519 73688
20.5561 71738
20.5609 70032
20.5657 68223
20.5699 66641
20.5741 65098
20.5788 68098
20.5836 67553
20.5896 66457
20.595 65636
20.6004 64918
20.6057 64460
20.6117 64229
20.6171 64197
20.6231 67197
20.6278 64197
20.6332 67197
20.638 64197
20.6434 67197
20.6488 64197
20.6535 67197
20.6589 64197
20.6649 67197
20.6703 64197
20.6751 67197
20.6804 64197
20.6858 67197
20.6912 64197
20.6972 67197
20.7025 64197
20.7067 67197
20.7115 64197
20.7175 67197
20.7223 64197
20.7276 67197
20.7336 64197
20.7384 67197
20.7438 64197
20.748 67197
20.7539 64197
20.7587 67197
20.7653 64197
20.7713 67197
20.7766 64197
20.7814 67197
20.7868 64197
20.7928 67197
20.7976 64197
20.8035 67197
20.8083 64197
20.8137 67197
20.8191 64197
20.825 67197
20.8298 64197
20.8346 67197
20.8418 64197
20.849 67197
20.8567 64197
20.8651 67197
20.8711 64197
20.8788 67197
20.8866 64197
20.8944 67197
20.9015 64197
20.9099 67197
20.9177 64197
20.9248 67197
20.932 64197
20.938 67197
20.9434 64197
20.9499 67197
20.9565 64197
20.9631 67197
20.9697 64197
20.9762 67197
20.981 64197
20.9876 67197
20.9942 64197
21.0043 67197
21.0103 64197
21.0318 67197
21.0408 64197
21.0527 67197
21.0629 64197
21.076 67197
21.085 64197
21.0982 67197
21.1047 64197
21.1179 67197
21.1244 64197
21.1352 67197
21.1412 64197
21.1495 67197
21.1549 64197
21.1657 67197
21.1717 64197
21.1812 67197
21.1866 64197
21.1944 67197
21.2003 64197
21.2153 67197
21.2213 64197
21.2487 67197
21.2535 64197
21.2732 67197
21.2798 64197
21.3019 67197
21.3073 64197
21.3258 67197
21.333 64197
21.3485 67197
21.3545 64197
21.3671 67197
21.3736 64197
21.3838 67197
21.3874 64197
21.3993 67197
21.4065 64197
21.4179 67197
21.4215 64197
21.4292 67197
21.4346 64197
21.4501 67197
21.4537 64197
21.4836 67197
21.4902 64197
21.5093 67197
21.5153 64197
21.5374 67197
21.5422 64197
21.5613 67197
21.5667 64197
21.5828 67197
21.5882 64197
21.6049 67197
21.6097 64197
21.6199 67197
21.6252 64197
21.636 67197
21.6414 64197
21.6533 67197
21.6581 64197
21.6665 67197
21.6707 64197
21.6874 67197
21.6922 64197
21.7185 67197
21.7232 64197
21.7442 67197
21.7495 64197
21.774 67197
21.7788 64197
21.7944 67197
21.8003 64197
21.8159 67197
21.8201 64197
21.8404 67197
21.8451 64197
21.8565 67197
21.8637 64197
21.8738 67197
21.8798 64197
21.8888 67197
21.8936 64197
21.9025 67197
21.9079 64197
21.9234 67197
21.9294 64197
21.9545 67197
21.9593 64197
21.9814 67197
21.9862 64197
22.0083 67197
22.0131 64197
22.028 67197
22.0346 64197
22.0507 67197
22.0549 64197
22.077 67197
22.0818 64197
22.0914 67197
22.0961 64197
22.1099 67197
22.1153 64197
22.1242 67197
22.1296 64197
22.1404 67197
22.1451 64197
22.1583 67197
22.1643 64197
22.1906 60498
22.1936 63498
22.2175 60498
22.2216 63498
22.2432 60498
22.2479 63498
22.2653 60498
22.27 63498
22.2874 60498
22.2928 63498
22.3113 60498
22.3179 63498
22.3262 60498
22.331 63498
22.3453 60498
22.3495 63498
22.3579 60498
22.3627 63498
22.374 60498
22.38 63498
22.392 60498
22.3967 63498
22.4272 56793
22.4326 59793
22.4559 56793
22.4601 59793
22.4804 56793
22.4852 59793
22.5031 56793
22.5073 59793
22.5258 56793
22.53 59793
22.5455 56793
22.5509 59793
22.5593 56793
22.5641 59793
22.5748 56793
22.5778 59793
22.5814 56793
22.585 59793
22.5957 56793
22.6017 56742
22.6143 59742
22.619 56742
22.6704 59742
22.6764 56742
22.6955 59742
22.7009 56742
22.7176 59742
22.7224 56742
22.7421 59742
22.7469 56742
22.7619 59742
22.7678 56742
22.7762 59742
22.7822 56742
22.7888 59742
22.7935 56742
22.7977 59742
22.8037 56742
22.8121 59742
22.824 56742
22.8306 59742
22.879 54408
22.8862 57408
22.9047 54408
22.9089 57408
22.925 54408
22.9286 57408
22.9495 54408
22.9561 57408
22.968 54408
22.9746 57408
22.9842 54408
22.9919 57408
22.9979 54408
23.0021 57408
23.0057 54408
23.0129 57408
23.0212 54408
23.0248 47347
23.0386 50347
23.0439 47347
23.0864 50347
23.1097 47347
23.115 50347
23.1288 47347
23.1342 50347
23.1557 47347
23.1617 50347
23.1748 47347
23.1808 50347
23.1897 47347
23.1945 50347
23.2005 47347
23.2035 50347
23.2083 47347
23.2131 35749
23.231 38749
23.2716 35749
23.2758 38749
23.2961 35749
23.3003 38749
23.3129 35749
23.3212 38749
23.3391 35749
23.3463 38749
23.3547 35749
23.3607 38749
23.3696 35749
23.3762 38749
23.3828 35749
23.3899 38749
23.4413 30232
23.4617 33232
23.4688 30232
23.479 33232
23.4838 30232
23.5011 33232
23.5089 30232
23.5148 33232
23.5232 30232
23.531 33232
23.5376 30232
23.5459 29172
23.5531 32172
23.6158 35172
23.6236 33062
23.6373 36062
23.6493 33062
23.6607 36062
23.672 33062
23.684 36062
23.6935 33062
23.7025 36062
23.7115 33062
23.7204 36062
23.7551 33062
23.764 36062
23.7772 33062
23.7867 36062
23.8005 33062
23.8101 36062
23.8256 33062
23.8334 36062
23.8447 33062
23.8555 36062
23.868 33062
23.8776 36062
23.9188 33062
23.929 36062
23.9469 33062
23.9565 36062
23.9696 33062
23.9792 36062
23.9911 33062
23.9965 36062
24.0108 33062
24.0168 36062
24.0318 33062
24.0419 36062
24.0808 33062
24.0885 36062
24.1053 33062
24.116 36062
24.131 33062
24.1387 36062
24.1477 33062
24.1585 36062
24.1716 33062
24.1806 36062
24.1937 33062
24.2039 36062
24.2433 33062
24.2517 36062
24.2708 33062
24.2798 36062
24.2911 33062
24.2989 36062
24.3114 33062
24.3204 36062
24.3359 33062
24.3461 36062
24.3604 33062
24.367 36062
24.4077 33062
24.419 36062
24.4369 33062
24.4471 36062
24.4561 33062
24.4662 36062
24.4758 33062
24.4835 36062
24.5009 33062
24.5116 36062
24.5242 33062
24.5332 36062
24.5738 33062
24.5839 36062
24.6025 33062
24.6102 36062
24.6216 33062
24.6329 36062
24.6425 33062
24.6533 36062
24.6754 33062
24.6873 36062
24.7011 33062
24.7112 36062
24.7495 33062
24.7567 36062
24.774 33062
24.7812 36062
24.7949 33062
24.8051 36062
24.8158 33062
24.8254 36062
24.8457 33062
24.8559 36062
24.8678 33062
24.8762 36062
24.909 33062
24.9192 36062
24.9371 33062
24.9461 36062
24.9628 33062
24.9718 36062
24.9849 33062
24.9927 36062
25.0112 33062
25.0208 36062
25.0339 33062
25.0423 36062
25.0752 33062
25.0823 36062
25.1039 33062
25.1116 36062
25.1296 33062
25.1379 36062
25.1505 33062
25.1576 36062
25.178 33062
25.1893 36062
25.2007 33062
25.212 36062
25.2389 33062
25.2473 36062
25.2706 33062
25.2784 36062
25.2957 26419
25.3047 29419
25.313 26419
25.3214 29419
25.3387 26419
25.3477 29419
25.362 26419
25.371 29419
25.3967 26419
25.405 29419
25.4307 26419
25.4415 29419
25.4768 22714
25.4881 25714
25.5013 22714
25.5096 25714
25.5258 22714
25.5335 25714
25.555 22714
25.5676 25714
25.5849 22638
25.5945 25638
25.6399 22638
25.6525 25638
25.6656 22638
25.6787 25638
25.6985 22638
25.711 25638
25.7242 22638
25.7361 25638
25.7756 22638
25.7893 25638
25.8072 22638
25.8204 25638
25.8353 22638
25.8473 25638
25.8598 22638
25.8676 25638
25.9148 22638
25.9315 25638
25.9447 22638
25.9578 25638
25.9704 22638
25.9817 25638
25.9949 22638
26.0062 25638
26.0511 22638
26.066 25638
26.0797 22638
26.0923 25638
26.1042 22638
26.1162 25638
26.1305 22638
26.1443 25638
26.1969 22638
26.213 25638
26.2279 22638
26.2399 25638
26.253 22638
26.2608 25638
26.2781 22638
26.2919 25638
26.3355 22638
26.3475 25638
26.3648 22638
26.3767 25638
26.3875 22638
26.4024 25638
26.4144 22638
26.4269 25638
26.4688 22638
26.4819 25638
26.4993 22638
26.5118 25638
26.5249 22638
26.5381 25638
26.5518 22638
26.5638 25638
26.6038 22638
26.6146 25638
26.6337 22638
26.6439 25638
26.6624 22638
26.6773 25638
26.6935 22638
26.7054 25638
26.7365 22638
26.7479 25638
26.767 22006
26.7789 25006
26.7986 22006
26.8124 25006
26.8297 22006
26.8423 25006
26.8722 22006
26.8847 25006
26.9014 20548
26.9158 23548
26.9415 20548
26.957 23548
26.9767 20548
26.9923 23548
27.0227 20548
27.0323 23548
27.052 19012
27.0652 22012
27.0903 19012
27.1022 22012
27.1231 19012
27.1375 22012
27.1614 19012
27.1745 22012
27.1943 19012
27.2235 22012
27.2391 19012
27.2594 22012
27.2743 19012
27.2941 22012
27.3108 19012
27.3455 22012
27.3562 19012
27.3777 22012
27.3909 19012
27.4124 22012
27.4327 19012
27.4638 22012
27.4793 19012
27.5002 22012
27.5146 19012
27.5349 22012
27.5498 19012
27.5845 22012
27.6 19012
27.6203 22012
27.6353 19012
27.6556 22012
27.6711 19012
27.7046 22012
27.7213 19012
27.7446 22012
27.7596 19012
27.7907 19011
27.8074 22011
27.8349 19011
27.8486 22011
27.8642 19011
27.8791 22011
27.9072 19011
27.9287 22011
27.9442 19011
27.9699 22011
27.9849 19011
28.001 22011
28.0166 19011
28.05 22011
28.0662 19011
28.0924 22011
28.1074 19011
28.1223 17364
28.1343 20364
28.1677 17364
28.1875 20364
28.2126 17364
28.2281 20364
28.2424 17364
28.2592 20364
28.2765 17364
28.3148 20364
28.3315 17364
28.3542 20364
28.3703 17364
28.3865 20364
28.4038 17364
28.442 20364
28.4594 17364
28.4809 20364
28.4958 17364
28.5203 20364
28.5353 17364
28.5867 20364
28.6034 17364
28.6159 20364
28.6303 17364
28.6488 20364
28.6644 17364
28.714 20364
28.7313 18626
28.7474 21626
28.7647 18626
28.7827 21626
28.7976 18626
28.84 21626
28.8562 18626
28.8723 21626
28.8837 18626
28.9046 21626
28.9225 18626
28.9626 21626
28.9787 18626
28.9936 21626
29.011 18626
29.0241 21626
29.0402 18626
29.0809 21626
29.097 18626
29.1149 21626
29.1287 18626
29.1448 21626
29.1598 18626
29.201 21626
29.2171 18626
29.2398 21626
29.2536 18626
29.2727 21626
29.2865 18626
29.339 21626
29.3564 18626
29.3719 21626
29.3863 18626
29.4036 21626
29.4155 18626
29.4574 21626
29.4753 18626
29.495 21626
29.5111 18626
29.5261 21626
29.5428 18626
29.5781 21626
29.5942 18626
29.6193 21626
29.6313 18626
29.6468 21626
29.6605 18626
29.7024 21626
29.7209 18626
29.7406 21626
29.7574 18626
29.7717 21626
29.7878 18626
29.8243 21626
29.8398 18626
29.8613 21626
29.8757 18626
29.8978 21626
29.9121 18626
29.948 21626
29.9635 18626
29.9839 21626
30 18626
30.0227 16484
30.0376 19484
30.0854 16484
30.1046 19484
30.1201 16484
30.1344 19484
30.1661 15100
30.1799 18100
30.2223 15100
30.2396 18100
30.2558 15100
30.2743 18100
30.2988 14860
30.3173 17860
30.3675 14860
30.3842 17860
30.3986 14860
30.4135 17860
30.4482 14860
30.4745 17860
30.5103 14860
30.5289 17860
30.5474 14860
30.5665 17860
30.5982 14860
30.6179 7481
30.6573 10481
30.6777 7951
30.698 10951
30.7165 9032
30.8121 12032
30.842 15032
30.8689 18032
30.9024 21032
30.9233 24032
30.937 27032
30.9508 30032
30.9656 33032
30.9838 36032
30.9934 39032
31.0034 42032
31.0131 45032
31.023 43285
31.0328 40774
31.0426 38560
31.0524 36622
31.0638 35005
31.0788 33667
31.0901 32887
31.0991 32360
31.1128 35360
31.1308 32974
31.1463 35974
31.1576 32974
31.1702 35974
31.1821 32974
31.1953 35974
31.2084 32974
31.2222 35974
31.2353 32974
31.2503 35974
31.2688 32974
31.2879 35974
31.31 32974
31.3327 35974
31.356 32974
31.377 35974
31.3997 32974
31.4212 35974
31.4439 32974
31.466 35974
31.4887 32974
31.5096 35974
31.5503 32974
31.5652 35974
31.6082 32974
31.6214 35974
31.6584 32974
31.6698 35974
31.7128 32974
31.7266 35974
31.7678 32974
31.7803 35974
31.8204 32974
31.8299 35974
31.8915 32974
31.9058 35974
31.9513 32974
31.9626 35974
31.9973 32974
32.008 35974
32.0582 32974
32.0678 35974
32.112 32974
32.1216 35974
32.1592 32974
32.1688 35974
32.2351 32974
32.2429 35974
32.2931 32974
32.3062 35974
32.3355 32974
32.3463 35974
32.3971 32974
32.4084 35974
32.4526 32974
32.464 35974
32.5004 32974
32.5112 35974
32.5751 32974
32.5835 35974
32.6361 32974
32.6451 35974
32.6761 32974
32.6845 35974
32.7425 32974
32.7532 35974
32.7945 32974
32.804 35974
32.8429 32974
32.8512 35974
32.914 32974
32.9224 35974
32.9755 32974
32.9845 35974
33.0156 32974
33.0257 35974
33.0813 32974
33.0885 35974
33.1327 32974
33.1488 35974
33.1823 32974
33.1919 35974
33.2552 32974
33.2636 35974
33.3138 32974
33.3251 35974
33.3574 32974
33.3664 35974
33.4219 32974
33.4303 35974
33.4775 32974
33.4871 35974
33.5223 32974
33.5349 35974
33.5917 32974
33.6012 35974
33.6532 32974
33.661 35974
33.6843 32974
33.6915 35974
33.7273 32974
33.7357 25691
33.7799 28691
33.7907 25691
33.8271 28691
33.8343 25691
33.8935 28691
33.9048 25691
33.9407 28691
33.9484 25691
33.9592 28691
33.9676 25691
34.0859 23933
34.096 26933
34.1498 23933
34.163 26933
34.1946 23933
34.2018 26933
34.209 23933
34.2185 26933
34.3273 14431
34.3488 17431
34.3626 14431
34.4014 17431
34.4128 14431
34.4343 17431
34.4456 14230
34.4582 17230
34.4707 14230
34.6291 17230
34.6614 20230
34.6799 23230
34.6918 21182
34.8108 24182
34.8221 21182
34.8347 24182
34.8478 21182
34.8616 24182
34.8747 21182
34.8908 24182
34.99 23099
35.0086 26099
35.0259 23099
35.0396 26099
35.0558 23099
35.0707 26099
35.0869 23099
35.1048 26099
35.1735 23099
35.1926 26099
35.2064 23099
35.2231 26099
35.2375 23099
35.2554 26099
35.2703 23099
35.29 26099
35.305 23099
35.3779 26099
35.3892 23099
35.4084 26099
35.4269 23099
35.4466 26099
35.4645 23099
35.4855 26099
35.5004 23099
35.5805 26099
35.593 23099
35.6068 26099
35.6205 23099
35.6408 26099
35.654 23099
35.6755 26099
35.688 23099
35.7651 26099
35.7765 23099
35.7902 26099
35.8004 23099
35.8309 26099
35.8494 23099
35.8661 26099
35.8769 23099
35.954 26099
35.9677 23099
35.9827 26099
35.997 23099
36.0191 26099
36.0329 23099
36.0562 26099
36.0687 23099
36.1398 26099
36.1536 23099
36.1721 26099
36.184 23099
36.208 26099
36.2181 23099
36.2504 26099
36.2665 23099
36.3293 26099
36.3424 23099
36.3645 26099
36.3807 23099
36.4075 26099
36.4231 23099
36.4577 26099
36.4727 23099
36.5301 26099
36.5408 23099
36.5629 26099
36.5725 23099
36.6 26099
36.6095 23099
36.6442 26099
36.6585 23099
36.7129 26099
36.7279 23099
36.7452 26099
36.7589 23099
36.7799 26099
36.7942 19656
36.8235 22656
36.8354 19656
36.8874 22656
36.9006 19656
36.9167 22656
36.9299 19656
36.9514 22656
36.9633 19656
37.041 22656
37.0595 19656
37.0739 22656
37.09 19656
37.1061 22656
37.1211 19656
37.191 22656
37.2053 19656
37.2227 22656
37.24 19656
37.2603 22656
37.2788 19656
37.3482 22656
37.3607 19656
37.3745 22656
37.3852 19656
37.4067 22656
37.4247 19656
37.4862 22656
37.5012 19656
37.5167 22656
37.5334 19656
37.5502 22656
37.5669 18927
37.6243 21927
37.6386 18927
37.6535 17927
37.6709 20927
37.6864 17927
37.7037 20927
37.7653 17927
37.7766 20927
37.788 17927
37.8173 16961
37.8388 19961
37.8567 16961
37.8753 19961
37.9225 16961
37.9392 19961
37.9756 16961
37.9936 19961
38.0127 16961
38.0312 19961
38.0772 16961
38.0964 19961
38.137 16961
38.1591 19961
38.177 16961
38.1938 19961
38.2523 16961
38.2715 19961
38.3061 16961
38.3223 15051
38.3384 18051
38.3527 15051
38.4083 18051
38.4274 15051
38.4609 18051
38.486 15051
38.5051 18051
38.5499 15051
38.5673 18051
38.6013 15051
38.6169 18051
38.6509 15051
38.6766 18051
38.7065 15051
38.7262 18051
38.7609 15051
38.7794 18051
38.8147 15051
38.8344 18051
38.8619 15051
38.8828 18051
38.9163 15051
38.9384 18051
38.9701 15051
38.985 18051
39.0256 15051
39.0555 18051
39.0926 15051
39.1183 18051
39.1392 15051
39.1565 18051
39.1971 15051
39.2145 18051
39.2521 14215
39.273 17215
39.2922 14215
39.3137 17215
39.3483 14215
39.3704 17215
39.4057 14215
39.4398 17215
39.4679 14215
39.4995 17215
39.5216 14215
39.5671 17215
39.5886 13147
39.6244 16147
39.6477 13147
39.6926 16147
39.7147 13147
39.7523 16147
39.7762 13147
39.8186 16147
39.8491 13147
39.8784 16147
39.9029 13147
39.9567 16147
39.9848 13147
40.0194 16147
40.0445 13147
40.0917 16147
40.1115 13147
40.1443 16147
40.1682 13147
40.2149 16147
40.2358 13147
40.2746 16147
40.2991 13147
40.3398 16147
40.3637 13147
40.3935 16147
40.4168 13147
40.4641 16147
40.488 13147
40.5214 16147
40.5459 13147
40.5848 16147
40.6051 13147
40.6463 13039
40.6774 16039
40.715 13039
40.7401 16039
40.7712 11069
40.8035 14069
40.8298 11069
40.8752 14069
40.9033 11069
40.9415 14069
41.0067 11069
41.0234 14069
41.064 11069
41.0993 14069
41.1435 5913
41.1734 8913
41.22 6477
41.2481 9477
41.2768 8287
41.3156 11287
41.3678 14287
41.4351 17287
41.4782 20287
41.4883 23287
41.5074 26287
41.5403 29287
41.5648 32287
41.5804 35287
41.6013 38287
41.6186 41287
41.6377 44287
41.6616 47287
41.6903 50287
41.7094 53287
41.7692 56287
41.7847 59287
41.8176 62287
41.8284 65287
41.8445 68287
41.857 71287
41.8827 74287
41.8959 77287
41.9102 80287
41.921 83287
41.9377 81517
41.9503 84517
41.973 81517
41.9843 84517
42.0208 81517
42.0339 84517
42.0531 81517
42.0644 84517
42.1367 81517
42.1487 84517
42.163 81517
42.1738 84517
42.2072 81517
42.2138 84517
42.2216 81517
42.2287 84517
42.2437 81517
42.2503 84517
42.2604 81517
42.267 84517
42.2903 81517
42.2981 84517
42.3088 81517
42.3202 84517
42.3333 81517
42.3477 84517
42.3602 81517
42.3764 84517
42.3907 81517
42.4009 84517
42.4176 81517
42.4499 84517
42.4648 81517
42.5281 84517
42.5401 81517
42.576 84517
42.5897 81517
42.7014 84517
42.7128 81517
42.7427 84517
42.7534 81517
42.7983 84517
42.8066 81517
42.8138 84517
42.821 81517
42.8359 84517
42.8431 81517
42.8526 84517
42.8598 81517
42.8837 84517
42.8903 81517
42.904 84517
42.9118 81517
42.9405 84517
42.9512 81517
42.9799 84517
42.9925 81517
43.0182 84517
43.0301 81517
43.0917 84517
43.103 81517
43.2243 84517
43.2405 81517
43.3086 84517
43.3188 81517
43.4682 84517
43.4771 81517
43.504 84517
43.5076 81517
43.5632 84517
43.5751 81517
43.5889 84517
43.599 81517
43.6259 84517
43.6319 81517
43.6403 84517
43.6486 81517
43.6719 84517
43.6803 81517
43.6929 84517
43.6994 81517
43.7401 84517
43.752 81517
43.7992 84517
43.8076 81517
43.8423 84517
43.8476 81517
43.9116 84517
43.9194 81517
44.0592 84517
44.0658 81517
44.1405 84517
44.1452 81517
44.2689 84517
44.2767 81517
44.3006 84517
44.3054 81517
44.3604 84517
44.3717 81517
44.3921 84517
44.4016 81517
44.4381 84517
44.4464 81517
44.4566 84517
44.4685 81517
44.5032 84517
44.5092 81517
44.5241 84517
44.5289 81517
44.566 84517
44.5731 81517
44.6132 84517
44.6185 81517
44.6514 84517
44.6592 81517
44.7201 84517
44.7267 81517
44.8785 84517
44.8845 81517
44.9616 84517
44.9711 81517
45.0883 84517
45.0942 81517
45.1146 84517
45.1253 81517
45.1773 84517
45.1851 81517
45.209 84517
45.2185 81517
45.2616 84517
45.2699 81517
45.2813 84517
45.2885 81517
45.3345 84517
45.3404 81517
45.3542 84517
45.3626 81517
45.396 84517
45.4008 81517
45.4367 84517
45.4408 81517
45.4731 84517
45.4791 81517
45.5424 84517
45.5508 81517
45.7068 84517
45.7163 81517
45.7874 84517
45.7964 81517
45.9147 84517
45.9231 81517
45.9398 84517
45.9494 81517
46.0068 84517
46.0139 81517
46.0378 84517
46.0432 81517
46.091 84517
46.0976 81517
46.1155 84517
46.1197 81517
46.1651 84517
46.1729 81517
46.1825 84517
46.1908 81517
46.2255 84517
46.2333 81517
46.2637 84517
46.2697 81517
46.2984 84517
46.3068 81517
46.3731 84517
46.3785 81517
46.5368 84517
46.547 81517
46.6193 84517
46.6271 81517
46.7442 84517
46.752 81517
46.7675 84517
46.7789 81517
46.838 84517
46.8464 81517
46.8673 84517
46.8757 81517
46.9223 84517
46.9301 81517
46.9486 84517
46.9546 81517
46.9964 84517
47.003 81517
47.0125 84517
47.0185 81517
47.0526 84517
47.0585 81517
47.0866 84517
47.0932 81517
47.1171 84517
47.1225 81517
47.193 84517
47.2008 81517
47.3484 84517
47.3591 81517
47.4291 84517
47.4374 81517
47.5133 34309
47.5211 37309
47.5342 34309
47.5414 37309
47.594 34309
47.6024 37309
47.6209 34309
47.631 37309
47.6753 34309
47.6812 37309
47.7016 34309
47.7081 37309
47.744 34309
47.7506 37309
47.7553 34309
47.7583 37309
47.7751 34309
47.7775 37309
47.7882 34309
47.7906 37309
47.8002 34309
47.8026 37309
47.8474 34309
47.8545 37309
47.9896 34309
47.9956 37309
48.0649 34309
48.0739 37309
48.3625 34309
48.3679 37309
48.3733 34309
48.3798 37309
48.387 34309
48.3936 37309
48.3984 34309
48.4007 37309
48.4223 34309
48.4318 37309
48.4665 34309
48.4754 37309
48.6207 34309
48.6338 37309
48.647 34309
48.6643 37309
48.6876 34309
48.7031 37309
48.7193 34309
48.7348 37309
48.7515 34309
48.7677 37309
48.7832 34309
48.8017 37309
48.9039 34309
48.9225 37309
48.9493 34309
48.9744 37309
48.9978 34309
49.0217 37309
49.0402 34309
49.0593 28754
49.0784 31754
49.0946 28754
49.1185 31754
49.137 28754
49.226 31754
49.2446 28754
49.2774 31754
49.2942 28754
49.33 31754
49.345 28754
49.3802 31754
49.4011 28754
49.4382 31754
49.4579 28754
49.5428 31754
49.5607 28754
49.5942 31754
49.6109 28754
49.6467 31754
49.6641 28754
49.7041 31754
49.7286 28754
49.7489 31754
49.771 28754
49.8601 31754
49.8798 28754
49.9127 31754
49.933 28754
49.9647 31754
49.9844 28754
50.0179 31754
50.0364 28754
50.0621 31754
50.0842 28754
50.178 31754
50.1989 28754
50.2348 31754
50.2533 28754
50.2856 31754
50.3053 28754
50.3352 31754
50.3507 28754
50.3764 31754
50.3914 28754
50.5013 31754
50.5222 28754
50.5545 31754
50.5748 28754
50.6059 31754
50.6244 28754
50.6525 31754
50.671 28754
50.6919 31754
50.7117 28754
50.8204 31754
50.8407 28754
50.8736 31754
50.8927 28754
50.9238 31754
50.9405 28754
50.971 31754
50.9895 28754
51.0099 31754
51.0284 26436
51.1378 29436
51.1527 26436
51.1939 29436
51.219 26436
51.2387 29436
51.2597 26436
51.2866 29436
51.3057 26436
51.3272 29436
51.3463 26436
51.4575 29436
51.5124 26436
51.5316 29436
51.5501 26436
51.5692 29436
51.5955 13638
51.617 16638
51.6397 13638
51.663 16638
51.7401 19638
51.7616 17496
51.7975 20496
51.8041 23496
51.8184 26496
51.8274 29496
51.8477 32496
51.8811 35496
51.8936 38496
51.9073 41496
51.9217 44496
51.9354 47496
51.9498 50496
51.9635 53496
51.9779 56496
51.9922 59496
52.0065 62496
52.0221 65496
52.0394 68496
52.055 71496
52.0711 74496
52.0878 77496
52.1052 80496
52.1213 83496
52.138 82889
52.1536 85889
52.1673 82889
52.1822 85889
52.1984 82889
52.2157 85889
52.2312 82889
52.248 85889
52.2641 82889
52.2797 85889
52.2928 82889
52.3071 85889
52.3227 82889
52.337 85889
52.3514 82889
52.3651 85889
52.3795 82889
52.3938 85889
52.4063 82889
52.4165 85889
52.4279 82889
52.4404 85889
52.4524 82889
52.4625 85889
52.4751 82889
52.4858 85889
52.4984 82889
52.5115 85889
52.5241 82889
52.5372 85889
52.5474 82889
52.5605 85889
52.5719 82889
52.585 85889
52.5958 82889
52.6071 85889
52.6191 82889
52.6298 85889
52.643 82889
52.6537 85889
52.6633 82889
52.6848 85889
52.695 82889
52.7177 85889
52.7267 82889
52.7488 85889
52.7583 82889
52.7727 85889
52.7816 82889
52.802 85889
52.8121 82889
52.8288 85889
52.8354 82889
52.8545 85889
52.8587 82889
52.8784 85889
52.8844 82889
52.9018 85889
52.9089 82889
52.9239 85889
52.9352 82889
52.9466 85889
52.9567 82889
52.9675 85889
52.9782 82889
52.9908 85889
53.0039 82889
53.0135 85889
53.0243 82889
53.0464 85889
53.0559 82889
53.0864 85889
53.0936 82889
53.1199 85889
53.1294 82889
53.1438 85889
53.1527 82889
53.1778 85889
53.1868 82889
53.2071 85889
53.2131 82889
53.2322 85889
53.2376 82889
53.2543 85889
53.2633 82889
53.2758 85889
53.2848 82889
53.298 85889
53.3069 82889
53.3207 85889
53.3284 82889
53.3434 85889
53.3488 82889
53.3625 85889
53.3703 82889
53.3834 85889
53.393 82889
53.4151 85889
53.4252 82889
53.4527 85889
53.4623 82889
53.4886 85889
53.4964 82889
53.5107 85889
53.5197 82889
53.5448 85889
53.5525 82889
53.5735 85889
53.5818 82889
53.5992 85889
53.6075 82889
53.6213 85889
53.6296 82889
53.6422 85889
53.6511 82889
53.6649 85889
53.6744 82889
53.6882 85889
53.6984 82889
53.7151 85889
53.7211 82889
53.7306 85889
53.7372 82889
53.7527 85889
53.7605 82889
53.7862 85889
53.7922 82889
53.8244 85889
53.8322 82889
53.8621 85889
53.8717 82889
53.8806 85889
53.8932 82889
53.9183 85889
53.9284 82889
53.9464 85889
53.9577 82889
53.9715 85889
53.981 82889
53.9948 85889
54.0013 82889
54.0181 85889
54.0258 82889
54.0378 85889
54.0479 82889
54.0605 85889
54.0707 82889
54.0898 85889
54.097 82889
54.1059 85889
54.1131 82889
54.1262 85889
54.134 82889
54.1603 85889
54.1681 82889
54.1979 85889
54.2069 82889
54.2362 85889
54.2446 82889
54.2553 85889
54.2631 82889
54.293 85889
54.3013 82889
54.3205 85889
54.3294 82889
54.3479 85889
54.3545 82889
54.3707 85889
54.379 82889
54.3934 85889
54.4029 82889
54.4131 85889
54.4214 82889
54.4322 85889
54.4412 82889
54.4555 85889
54.4633 82889
54.4705 85889
54.4782 82889
54.489 85889
54.4944 82889
54.5201 85889
54.5278 82889
54.5583 85889
54.5691 82889
54.5977 85889
54.6055 82889
54.6169 85889
54.6258 82889
54.6533 85889
54.6617 82889
54.6838 85889
54.6898 82889
54.7107 85889
54.7191 82889
54.7316 85889
54.74 82889
54.7567 85889
54.7669 82889
54.777 85889
54.7866 82889
54.7973 85889
54.8069 82889
54.8183 85889
54.8266 82889
54.838 58383
54.8469 61383
54.8553 58383
54.8631 61383
54.8822 58383
54.8912 61383
54.9216 58383
54.93 61383
54.9611 58383
54.97 61383
54.9796 58383
54.9874 61383
55.0173 58383
55.025 61383
55.0507 58383
55.0591 61383
55.0746 58383
55.083 61383
55.0979 58383
55.1057 61383
55.1236 58383
55.1314 61383
55.1445 58383
55.1505 61383
55.1625 58383
55.1702 58084
55.1822 61084
55.1894 58084
55.2647 61084
55.3029 58084
55.3143 61084
55.325 58084
55.3364 61084
55.3519 58084
55.3633 61084
55.3812 58084
55.3937 61084
55.4015 58084
55.4123 61084
55.4242 58084
55.4344 61084
55.4457 58084
55.4559 61084
55.4643 58084
55.475 61084
55.484 58084
55.4906 61084
55.4977 58084
55.5587 55017
55.567 58017
55.6149 55017
55.6304 58017
55.6465 55017
55.6609 58017
55.6764 55017
55.6907 58017
55.7021 55017
55.7123 58017
55.72 55017
55.7278 58017
55.7386 55017
55.7475 58017
55.7577 55017
55.7672 58017
55.7774 55017
55.7899 58017
55.8019 55017
55.815 58017
55.8479 55017
55.8629 58017
55.9142 55017
55.9274 58017
55.9447 55017
55.9579 58017
55.9722 55017
55.9842 58017
55.9949 55017
56.0069 58017
56.0188 55017
56.0314 58017
56.0397 55017
56.0493 58017
56.0601 55017
56.0714 58017
56.0834 55017
56.0971 58017
56.1097 55017
56.1222 58017
56.1372 55017
56.1503 58017
56.2017 55017
56.2172 58017
56.2352 55017
56.2489 58017
56.2591 55017
56.271 58017
56.2824 55017
56.2949 58017
56.3045 53705
56.314 56705
56.3224 53705
56.3314 56705
56.3409 53705
56.3487 56705
56.3589 53705
56.369 56705
56.3792 53705
56.3899 56705
56.4115 53705
56.4228 56705
56.485 59705
56.4999 58328
56.5148 61328
56.5262 58328
56.5405 61328
56.5525 58328
56.5638 61328
56.5734 58328
56.5836 61328
56.5919 58328
56.6021 61328
56.6134 58328
56.626 61328
56.6373 58328
56.6493 61328
56.6612 58328
56.675 61328
56.6893 58328
56.7037 61328
56.7216 58328
56.7359 61328
56.7473 58328
56.761 61328
56.7742 58328
56.7903 61328
56.8023 58328
56.8178 61328
56.8298 58328
56.8417 61328
56.8531 58328
56.8638 61328
56.8758 58328
56.8877 61328
56.8985 58328
56.911 61328
56.9224 58328
56.9361 61328
56.9493 58328
56.9642 61328
56.9762 58328
56.9917 61328
57.0037 58328
57.0192 61328
57.0306 58328
57.0455 61328
57.0575 58328
57.0736 61328
57.0843 58328
57.0945 61328
57.1047 58328
57.1172 61328
57.128 58328
57.1381 61328
57.1507 58328
57.1638 61328
57.177 58328
57.1901 61328
57.2033 58328
57.22 61328
57.232 58328
57.2481 61328
57.2577 58328
57.2762 61328
57.2869 58328
57.3037 61328
57.3138 58328
57.3324 61328
57.3419 58328
57.3539 61328
57.3646 58328
57.3796 61328
57.3933 58328
57.4071 61328
57.4232 58328
57.4417 61328
57.4573 58328
57.4752 61328
57.4907 58328
57.5039 61328
57.517 58328
57.529 61328
57.5439 58328
57.5565 61328
57.5696 58328
57.581 61328
57.5929 58328
57.6072 61328
57.6186 58328
57.6294 61328
57.6401 58328
57.6497 61328
57.6604 58328
57.676 61328
57.6879 58328
57.7118 61328
57.7238 58328
57.7423 61328
57.7555 58328
57.7692 61328
57.7823 58328
57.7967 61328
57.808 58328
57.823 61328
57.8367 58328
57.8475 61328
57.8594 58328
57.8702 61328
57.8815 58328
57.8941 61328
57.9049 58328
57.9162 61328
57.9276 58328
57.9395 61328
57.9556 58328
57.9801 61328
57.9921 58328
58.0124 61328
58.0244 58328
58.0369 61328
58.0495 58328
58.065 61328
58.077 58328
58.0931 61328
58.1068 58328
58.1176 61328
58.129 58328
58.1415 61328
58.1535 58328
58.163 61328
58.1696 58328
58.1815 61328
58.1893 58328
58.2054 61328
58.2162 58328
58.2485 61328
58.2574 58328
58.2855 61328
58.3017 58328
58.3166 61328
58.3315 58328
58.3447 61328
58.362 58328
58.3764 61328
58.3919 58328
58.4032 61328
58.4152 58328
58.4283 61328
58.4379 58328
58.4475 61328
58.4594 58328
58.4726 61328
58.4845 58328
58.4983 61328
58.5108 58328
58.5228 61328
58.5329 58328
58.5604 61328
58.5754 58328
58.5987 61328
58.6118 58328
58.6268 61328
58.6381 58328
58.6602 61328
58.6728 58328
58.6871 61328
58.6991 58328
58.711 61328
58.7212 58328
58.7313 61328
58.7439 58328
58.7564 61328
58.769 58328
58.7809 61328
58.7929 58328
58.8048 61328
58.8138 58328
58.8401 61328
58.8509 58328
58.8736 61328
58.8849 58328
58.8999 61328
58.9094 58328
58.9297 61328
58.9411 58328
58.9524 61328
58.9638 58328
58.9793 61328
58.9901 58328
59.0014 61328
59.0146 58328
59.0248 61328
59.0391 58328
59.0504 61328
59.0648 58328
59.0732 61328
59.0827 58328
59.1084 61328
59.118 58328
59.1437 54697
59.1532 57697
59.167 54697
59.1771 57697
59.1981 54697
59.2118 57697
59.2261 54697
59.2417 57697
59.2572 54697
59.274 57697
59.2883 54697
59.3068 57697
59.3164 54697
59.3319 57697
59.3421 54697
59.354 57697
59.366 54697
59.3797 53904
59.3923 56904
59.4054 53904
59.4293 56904
59.4413 53904
59.4556 56904
59.467 53904
59.4837 56904
59.4963 53904
59.513 56904
59.5249 53904
59.5423 56904
59.5536 53904
59.5775 56904
59.5895 53904
59.6038 53127
59.6158 56127
59.6283 53127
59.6415 56127
59.6576 53127
59.669 56127
59.6923 53127
59.7024 56127
59.7156 53127
59.7269 56127
59.7389 53127
59.7508 56127
59.767 53127
59.7789 56127
59.7933 53127
59.8052 56127
59.8249 53127
59.8381 56127
59.85 53127
59.8721 56127
59.8841 53127
59.8961 56127
59.908 53127
59.9176 56127
59.9301 53127
59.9492 56127
59.9606 53127
59.9708 56127
59.9821 53127
59.9935 56127
60.0036 53127
60.0239 56127
60.0341 53127
60.0478 56127
60.0574 53127
60.0861 56127
60.1034 53127
60.1202 56127
60.1387 53127
60.1548 56127
60.1715 52713
60.1847 55713
60.1984 52713
60.211 55713
60.2229 52713
60.2379 55713
60.251 52713
60.2654 55713
60.2791 52713
60.2911 55713
60.3036 52713
60.318 55713
60.3317 52713
60.3448 55713
60.358 52713
60.3717 55713
60.3831 52713
60.401 55713
60.4148 52713
60.4315 55713
60.4458 52713
60.4578 55713
60.4691 52713
60.4853 55713
60.5014 52713
60.5193 55713
60.5343 52713
60.5492 55713
60.5624 52713
60.5767 55713
60.5917 52713
60.606 55713
60.6215 52713
60.6353 55713
60.649 52713
60.6664 55713
60.6777 52713
60.6909 55713
60.7028 52713
60.7154 55713
60.7291 52713
60.7428 55713
60.7572 52713
60.7805 55713
60.7936 52713
60.8128 55713
60.8265 52713
60.8373 55713
60.8492 51804
60.8666 54804
60.8767 51804
60.8875 54804
60.8988 51804
60.9197 54804
60.9287 51804
60.9401 54804
60.9502 51804
60.9634 54804
60.9741 51804
60.9944 54804
61.0112 51804
61.0345 54804
61.0494 51804
61.0673 54804
61.0847 51804
61.1008 54804
61.1146 51804
61.1289 54804
61.1438 51804
61.1588 54804
61.1737 51804
61.1851 54804
61.1976 51804
61.2114 54804
61.2251 51804
61.2406 54804
61.2556 51804
61.2693 54804
61.2855 51804
61.2986 54804
61.313 51804
61.3351 54804
61.3488 51804
61.3667 54804
61.3799 51804
61.3936 54804
61.4092 51804
61.4271 54804
61.442 51804
61.4546 54804
61.4659 51804
61.4803 54804
61.494 51804
61.5114 54804
61.5245 51804
61.5377 54804
61.5502 51804
61.5693 54804
61.5831 51804
61.6052 54804
61.6189 51804
61.6369 54804
61.65 51804
61.662 54804
61.6751 51804
61.6966 54804
61.7104 51804
61.7235 54804
61.7367 51804
61.7504 54804
61.7653 51804
61.7821 54804
61.794 51804
61.8036 54804
61.8155 51804
61.8382 54804
61.8502 51804
61.8807 51618
61.8932 54618
61.9141 51618
61.9231 54618
61.9446 51618
61.9596 54618
61.9727 51618
61.9888 54618
62.0032 51618
62.0199 54618
62.0343 51618
62.0474 54618
62.0582 51618
62.0701 54618
62.0833 51618
62.097 26980
62.1108 29980
62.1239 26980
62.1496 29980
62.1639 26980
62.1819 29980
62.1944 26980
62.2153 29980
62.2285 32980
62.2392 35980
62.2524 34133
62.2673 37133
62.2799 34133
62.2954 37133
62.3068 34133
62.3193 37133
62.3319 34133
62.443 37133
62.4813 40133
62.5321 43133
62.5416 46133
62.5512 49133
62.5619 52133
62.5733 55133
62.5846 58133
62.5978 61133
62.6115 64133
62.6265 67133
62.642 70133
62.657 69251
62.6725 66192
62.6868 63648
62.7 61622
62.7137 59916
62.7281 58624
62.7424 57759
62.7574 57136
62.7711 56857
62.7854 56746
62.8004 59746
62.8135 56746
62.8285 59746
62.8422 56746
62.8566 59746
62.8703 56746
62.8846 59746
62.899 56746
62.9127 59746
62.9271 56746
62.942 59746
62.9611 56746
62.9809 59746
62.9994 56746
63.0191 59746
63.0382 56746
63.0574 59746
63.0777 56746
63.0974 59746
63.1165 56746
63.1344 59746
63.153 56746
63.1709 59746
63.19 56746
63.2079 59746
63.2259 56746
63.2438 59746
63.2623 56746
63.2826 59746
63.3006 56746
63.3197 59746
63.3406 56746
63.3579 59746
63.3753 56746
63.3896 59746
63.4075 56746
63.4207 59746
63.438 56746
63.4524 59746
63.4661 56746
63.4793 59746
63.5085 56746
63.5223 59746
63.5522 56746
63.5653 59746
63.5928 56746
63.6048 59746
63.6364 56746
63.6514 59746
63.6795 56746
63.6902 59746
63.7237 56746
63.7356 59746
63.7613 56746
63.7709 59746
63.7978 56746
63.8139 59746
63.8277 56746
63.8456 59746
63.8599 56746
63.8767 59746
63.9071 56746
63.9191 59746
63.9484 56746
63.9597 59746
63.9872 56746
64.0004 59746
64.0344 56746
64.047 59746
64.0727 56746
64.0828 59746
64.1169 56746
64.1277 59746
64.151 56746
64.1623 59746
64.1922 56746
64.2029 59746
64.2245 56746
64.2358 59746
64.2573 56746
64.2675 59746
64.3004 56746
64.3111 59746
64.3392 56746
64.3512 59746
64.3846 56746
64.396 59746
64.4306 56746
64.4432 59746
64.4665 56746
64.4749 59746
64.5113 56746
64.5221 59746
64.5448 56746
64.5525 59746
64.5842 56746
64.5944 59746
64.6171 56746
64.6272 59746
64.6505 56746
64.6643 59746
64.6942 56746
64.7085 59746
64.7336 56746
64.7462 59746
64.779 56746
64.7904 59746
64.8245 56746
64.8382 59746
64.8579 56746
64.8675 59746
64.9069 56746
64.9183 59746
64.9374 56746
64.9482 59746
64.9762 56746
64.9882 59746
65.0109 56746
65.0223 59746
65.0486 56746
65.0587 59746
65.091 56746
65.1011 59746
65.1292 56746
65.1412 59746
65.1717 56746
65.1848 59746
65.223 56746
65.235 59746
65.2511 56746
65.2619 59746
65.3007 56746
65.3115 59746
65.3312 56746
65.3432 59746
65.373 56746
65.3838 59746
65.4005 56746
65.4077 59746
65.4334 56746
65.4412 59746
65.4746 56746
65.4836 59746
65.5135 56746
65.5272 59746
65.5595 56746
65.5744 59746
65.6103 56746
65.6205 59746
65.6432 53269
65.6539 56269
65.6922 53269
65.7023 56269
65.7262 53269
65.7376 56269
65.7651 53269
65.777 56269
65.7872 53269
65.7973 56269
65.8212 53269
65.8332 56269
65.8631 53269
65.8744 56269
65.9073 53269
65.9169 56269
65.9563 53269
65.9659 48928
65.9945 51928
66.0077 48928
66.028 51928
66.0716 48928
66.0824 51928
66.1033 48928
66.1135 51928
66.1445 48928
66.1565 51928
66.1685 48928
66.1804 51928
66.1983 48928
66.2085 51928
66.2318 48928
66.2432 51928
66.2748 48928
66.2832 51928
66.3495 48928
66.3669 51928
66.3896 48732
66.4051 51732
66.441 48732
66.4553 51732
66.4732 48732
66.4864 51732
66.5169 48732
66.5282 51732
66.5378 48732
66.5497 51732
66.5623 48732
66.5718 51732
66.5916 48732
66.6047 51732
66.6214 48732
66.6316 51732
66.6919 48732
66.7033 40519
66.7266 43519
66.7643 40519
66.7756 43519
66.7935 40519
66.8097 43519
66.8342 40519
66.8437 43519
66.8545 40519
66.8653 43519
66.8784 40519
66.8915 43519
66.9059 40519
66.9208 43519
66.9364 40519
66.9519 43519
67.0278 37283
67.0804 40283
67.0905 37283
67.1174 40283
67.1336 37283
67.1485 40283
67.1652 37283
67.1814 40283
67.1981 37283
67.2131 40283
67.231 37283
67.2471 40283
67.2609 37283
67.2764 40283
67.2919 37283
67.3846 40283
67.3983 38702
67.4121 41702
67.4258 38702
67.4401 41702
67.4551 38702
67.47 41702
67.4844 38702
67.5035 41702
67.5226 38702
67.5405 41702
67.5573 38702
67.6278 41702
67.6457 38702
67.6672 41702
67.6846 38702
67.7019 41702
67.7174 38702
67.7342 41702
67.7545 38702
67.7754 41702
67.7963 38702
67.8172 41702
67.834 38702
67.8459 41702
67.8931 38702
67.9063 41702
67.9326 38702
67.9481 41702
67.9636 38702
67.9828 41702
68.0037 38702
68.0258 41702
68.0419 38702
68.0587 41702
68.076 38702
68.0939 41702
68.1112 38702
68.1286 41702
68.1656 38702
68.183 41702
68.2009 38702
68.2176 41702
68.2403 38702
68.2571 41702
68.2816 38702
68.2995 41702
68.3168 38702
68.3347 41702
68.361 38702
68.3766 41702
68.3939 38702
68.4124 41702
68.4447 38702
68.4602 41702
68.4835 38702
68.5015 41702
68.5242 38702
68.5421 41702
68.5648 38702
68.581 41702
68.6049 38702
68.6228 41702
68.6443 38702
68.6616 41702
68.6766 38702
68.6915 41702
68.7262 38702
68.7399 41702
68.7662 38702
68.78 41702
68.8128 38702
68.8337 41702
68.8529 38702
68.8774 41702
68.8953 38702
68.9102 41702
68.9317 38702
68.9491 41702
68.967 38702
68.9843 41702
69.0202 38702
69.0399 41702
69.065 38702
69.0865 41702
69.1242 38702
69.1421 41702
69.1684 38702
69.1827 41702
69.1977 38702
69.2114 41702
69.2317 38702
69.2431 41702
69.2592 38702
69.2736 41702
69.3124 38702
69.3268 41702
69.3537 38702
69.371 41702
69.4086 38702
69.4266 41702
69.4499 38702
69.4666 41702
69.4851 38702
69.5013 41702
69.5192 38702
69.5341 41702
69.5485 38702
69.5616 41702
69.5999 38702
69.6136 41702
69.6471 38702
69.6686 41702
69.7044 38702
69.7272 41702
69.7493 38702
69.7654 41702
69.7815 38702
69.7971 41702
69.815 38702
69.8317 41702
69.8491 38702
69.8658 41702
69.8879 38702
69.9052 41702
69.9447 38702
69.9644 41702
70.002 38702
70.02 33958
70.0403 36958
70.0588 33958
70.075 36958
70.0905 33958
70.1066 36958
70.124 33958
70.1407 36958
70.1568 33958
70.1807 36958
70.1975 33958
70.2429 36958
70.2626 33958
70.3158 36958
70.3415 33958
70.36 36958
70.3791 33958
70.4012 36958
70.4168 33958
70.4293 36958
70.4461 33958
70.4598 36958
70.5016 33958
70.5214 36958
70.5614 33841
70.5823 36841
70.5973 33841
70.6146 36841
70.6379 33841
70.6546 36841
70.6743 33841
70.6923 36841
70.712 33841
70.7317 36841
70.755 32674
70.7735 35674
70.8112 33709
70.8285 36709
70.8465 33709
70.8656 36709
70.8853 33709
70.905 36709
70.9253 33709
70.9439 36709
70.9642 33709
70.9815 36709
71 33709
71.018 36709
71.0532 33709
71.0718 36709
71.0909 33709
71.11 36709
71.1291 33709
71.1488 36709
71.1686 33709
71.1877 36709
71.2038 33709
71.2188 36709
71.2439 33709
71.2594 36709
71.2947 34146
71.3192 37146
71.3431 34146
71.3676 37146
71.3915 34146
71.4148 37146
71.4351 34146
71.4548 37146
71.4757 34146
71.4943 37146
71.514 34146
71.5379 37146
71.56 34146
71.5809 37146
71.6036 34146
71.6239 37146
71.6598 34146
71.6807 37146
71.6974 34146
71.7166 37146
71.7327 34146
71.7482 37146
71.7697 34146
71.7871 37146
71.8086 34146
71.8253 37146
71.8504 34146
71.8678 37146
71.9036 34863
71.9215 37863
71.9413 34863
71.9604 37863
71.9795 34863
71.998 37863
72.0172 34863
72.0357 37863
72.0536 34863
72.0679 37863
72.0865 34863
72.1002 37863
72.1241 34938
72.154 37938
72.1785 34938
72.2012 37938
72.2251 34938
72.2502 37938
72.2711 34938
72.2903 37938
72.3082 34938
72.3267 37938
72.3458 34938
72.365 37938
72.3853 34938
72.4026 37938
72.4223 34938
72.4408 37938
72.46 34938
72.4845 37938
72.5036 34938
72.5263 37938
72.5442 34938
72.5616 37938
72.5813 34938
72.6004 37938
72.6201 34938
72.6404 37938
72.6572 34938
72.6769 37938
72.696 34938
72.7205 37938
72.7408 34938
72.7653 37938
72.7845 34938
72.8042 37938
72.8239 34938
72.8466 37938
72.8675 34938
72.895 18912
72.9159 21912
72.9357 18912
72.9512 21912
72.9817 18912
72.993 21912
73.0151 24912
73.0241 22032
73.045 25032
73.06 22032
73.0713 25032
73.0839 22097
73.1819 25097
73.2207 28097
73.2566 31097
73.2697 34097
73.2835 37097
73.296 40097
73.311 43097
73.3259 46097
73.3408 49097
73.3558 52097
73.3701 55097
73.3845 58097
73.3988 61097
73.4125 57568
73.4263 56483
73.44 55752
73.4544 55403
73.4693 55316
73.4831 58316
73.4974 55316
73.5111 58316
73.5249 55316
73.5398 58316
73.5542 55316
73.5685 58316
73.5847 55316
73.6002 58316
73.6157 55316
73.6307 58316
73.645 55316
73.6588 58316
73.6725 55316
73.6874 58316
73.7 55316
73.7113 58316
73.7257 55316
73.7388 58316
73.7544 55316
73.7663 58316
73.7807 55316
73.7938 58316
73.807 55316
73.8189 58316
73.8315 55316
73.8464 58316
73.8578 55316
73.8715 58316
73.8936 55316
73.9145 58316
73.936 55316
73.9564 58316
73.9767 55316
73.991 58316
74.0101 55316
74.0251 58316
74.0358 55316
74.0502 58316
74.0609 55316
74.0753 58316
74.0884 55316
74.0998 58316
74.1183 55316
74.1297 58316
74.1506 55316
74.1631 58316
74.1846 55316
74.1972 58316
74.2408 55316
74.2546 58316
74.2952 55316
74.3107 58316
74.3424 55316
74.3568 58316
74.3819 55316
74.3938 58316
74.4105 55316
74.4219 58316
74.4344 55316
74.4464 58316
74.4583 55316
74.4709 58316
74.4864 55316
74.4984 58316
74.5217 55316
74.5324 58316
74.5516 55316
74.5605 58316
74.6071 55316
74.6167 58316
74.6621 55316
74.6711 58316
74.7069 55316
74.7171 58316
74.7446 55316
74.7536 58316
74.7781 55316
74.7948 58316
74.8067 55316
74.8229 58316
74.8348 55316
74.8516 58316
74.8623 55316
74.8755 58316
74.8976 55316
74.9107 58316
74.9287 55316
74.94 58316
74.9824 55316
74.995 58316
75.038 55316
75.0518 58316
75.0864 55316
75.0966 58316
75.1199 55316
75.133 58316
75.1611 55316
75.1707 58316
75.1904 55316
75.2006 58316
75.2245 55316
75.2322 58316
75.2508 55316
75.2603 58316
75.28 55316
75.2926 58316
75.3147 55316
75.3261 58316
75.3679 55316
75.3798 58316
75.4247 55316
75.4354 58316
75.4707 55316
75.4773 58316
75.5059 55316
75.5119 58316
75.5454 54793
75.5609 57793
75.577 54793
75.5914 57793
75.6087 54793
75.6249 57793
75.638 54793
75.6464 57793
75.6715 54793
75.6816 57793
75.7055 54793
75.7187 57793
75.7611 54793
75.7737 57793
75.8167 54793
75.8268 57793
75.8567 54793
75.8657 57793
75.8878 54793
75.8986 57793
75.9249 49223
75.9368 52223
75.9517 49223
75.9637 52223
75.9828 49223
75.9924 52223
76.0013 49223
76.0115 52223
76.0366 49223
76.0474 52223
76.0731 49223
76.0826 52223
76.1221 49223
76.1322 52223
76.1723 49223
76.1812 52223
76.2051 44901
76.2141 47901
76.2404 44901
76.2482 47901
76.3085 44901
76.3258 47901
76.3396 44901
76.3539 47901
76.3647 44901
76.3784 47901
76.3904 44901
76.4011 47901
76.425 44901
76.4358 47901
76.4729 44901
76.4848 47901
76.5183 44314
76.5302 47314
76.575 44314
76.5876 47314
76.6545 44314
76.6671 47314
76.682 44314
76.6964 47314
76.7065 44314
76.7209 47314
76.7328 44314
76.743 47314
76.7603 44314
76.7734 43038
76.8039 46038
76.8177 43038
76.8475 46038
76.8601 43038
76.9115 46038
76.9234 43038
76.9862 46038
76.9934 43038
77.0161 46038
77.0292 43038
77.0477 46038
77.0603 43038
77.0806 46038
77.0973 43038
77.1147 46038
77.132 43038
77.1679 46038
77.1834 43038
77.239 46038
77.2533 43038
77.3041 46038
77.3125 43038
77.328 46038
77.3388 43038
77.3549 46038
77.3651 43038
77.3812 46038
77.3938 43038
77.4081 46038
77.4206 43038
77.4511 36254
77.4631 39254
77.5109 36254
77.5204 39254
77.5688 36254
77.582 39254
77.5951 36254
77.6101 39254
77.6226 36254
77.6346 39254
77.6483 36254
77.6567 39254
77.6692 36254
77.6776 39254
77.7123 36254
77.7547 32518
77.769 35518
77.8103 32647
77.8258 35647
77.8425 32647
77.8575 35647
77.8718 32647
77.8856 35647
77.8987 32647
77.9113 35647
77.9256 32647
77.9388 35647
77.9764 32647
77.9913 35647
78.0362 34293
78.0529 37293
78.0696 34293
78.0864 37293
78.1007 34293
78.1151 37293
78.1318 34293
78.1491 37293
78.1664 34293
78.1856 37293
78.2029 34293
78.222 37293
78.2435 34293
78.2591 37293
78.2764 34293
78.2907 37293
78.3045 34293
78.3158 37293
78.3338 34644
78.3463 37644
78.3696 34644
78.3834 37644
78.4103 34644
78.436 37644
78.4599 34644
78.4826 37644
78.5065 34644
78.5256 37644
78.5429 34644
78.5627 37644
78.5836 34644
78.6027 37644
78.6176 34644
78.6326 37644
78.6457 34644
78.6601 37644
78.6738 34644
78.6881 37644
78.7001 35092
78.724 38092
78.7372 35222
78.7575 38222
78.7748 35637
78.7957 38637
78.8125 35934
78.8304 38934
78.8465 35934
78.8621 38934
78.877 35934
78.8913 38934
78.9069 35934
78.9242 38934
78.9421 35934
78.9601 38934
78.9786 35934
78.9941 38934
79.0115 35934
79.0276 38934
79.0431 35934
79.0563 38934
79.0682 35934
79.0802 38934
79.0921 37444
79.1089 40444
79.1208 37494
79.1435 40494
79.165 37912
79.1854 40912
79.2051 37912
79.226 40912
79.2433 37912
79.2583 40912
79.275 37912
79.2911 40912
79.3067 37912
79.324 40912
79.3371 37912
79.3545 40912
79.3694 37912
79.3838 40912
79.4005 37912
79.4148 40912
79.431 37912
79.4435 40912
79.4602 37912
79.4758 40912
79.4925 37912
79.5063 40912
79.5224 37912
79.5379 40912
79.5541 37912
79.5684 40912
79.584 37912
79.5995 40912
79.6144 37912
79.6282 40912
79.6425 37912
79.6592 40912
79.6748 37912
79.6915 40912
79.7065 37912
79.722 40912
79.7375 37912
79.7513 40912
79.7686 37912
79.7824 40912
79.7973 37912
79.811 40912
79.8236 37912
79.8355 40912
79.8541 37912
79.8672 40912
79.8911 39149
79.9049 42149
79.9312 39149
79.9533 42149
79.9748 39149
79.9945 42149
80.016 39149
80.0363 42149
80.0513 39149
80.0644 42149
80.0752 39149
80.0865 42149
80.0985 39149
80.1086 42149
80.1206 39149
80.1314 42149
80.1427 39149
80.1553 42149
80.1726 41653
80.1821 44653
80.2037 43608
80.2162 46608
80.2294 45157
80.2431 48157
80.2557 45612
80.2712 48612
80.2867 45612
80.3023 48612
80.3166 45612
80.3304 48612
80.3441 45612
80.3566 48612
80.371 45612
80.3847 48612
80.3961 45612
80.4074 48612
80.4194 45612
80.4313 48612
80.4445 45612
80.457 48612
80.4714 45612
80.4839 48612
80.4965 45841
80.5084 48841
80.5222 46069
80.5347 49069
80.5479 46069
80.5586 49069
80.5682 46069
80.5766 49069
80.5843 48688
80.5945 51688
80.6041 49261
80.613 52261
80.6226 49300
80.6339 52300
80.6471 55300
80.6626 53225
80.6788 56225
80.6931 53225
80.7104 56225
80.726 53225
80.7403 56225
80.7517 53225
80.763 56225
80.7744 53225
80.7845 56225
80.7947 53225
80.8066 56225
80.8174 53225
80.8293 56225
80.8407 53225
80.8527 56225
80.864 53225
80.8742 56225
80.8855 53225
80.8963 56225
80.9064 53225
80.9184 56225
80.9297 53225
80.9405 56225
80.9513 53225
80.9614 56225
80.9722 53225
80.9835 56225
80.9961 53225
81.0068 56225
81.0176 53225
81.0289 56225
81.0391 53225
81.0505 56225
81.0594 53225
81.0702 56225
81.0809 53225
81.0935 56225
81.1042 53225
81.1132 56225
81.1252 53225
81.1359 56225
81.1455 53225
81.1568 56225
81.1688 53225
81.1789 56225
81.1909 53225
81.1999 56225
81.2106 53225
81.2214 56225
81.2309 53225
81.2435 56225
81.253 53225
81.265 56225
81.2764 53225
81.2865 56225
81.2985 53225
81.3116 56225
81.3218 53225
81.3313 56225
81.3409 53401
81.3516 56401
81.3612 53401
81.3714 56401
81.3821 53401
81.3917 56401
81.3995 53585
81.4096 56585
81.4216 53585
81.4299 56585
81.4443 55484
81.4592 58484
81.4748 55484
81.4861 58484
81.4981 55484
81.5088 58484
81.5202 55484
81.5315 58484
81.5405 55484
81.5501 58484
81.5596 55484
81.5686 58484
81.5775 55484
81.5865 58484
81.5943 55484
81.6026 58484
81.6128 55484
81.6212 58484
81.6289 55717
81.6379 58717
81.6481 61717
81.6588 60851
81.6696 63851
81.6797 60851
81.6899 63851
81.7018 60851
81.7114 63851
81.7222 60851
81.7323 63851
81.7419 60851
81.7538 63851
81.764 60851
81.7742 63851
81.7837 60851
81.7927 63851
81.8022 60851
81.81 63851
81.8202 60851
81.8303 63851
81.8405 60851
81.85 63851
81.8596 60851
81.8686 63851
81.8793 60851
81.8877 63851
81.8985 60851
81.9074 63851
81.9176 60851
81.9271 63851
81.9355 60851
81.9451 63851
81.9534 60851
81.9636 63851
81.9737 60934
81.9839 63934
81.9941 60934
82.0036 63934
82.012 60934
82.0222 63934
82.0323 60934
82.0419 63934
82.0514 60934
82.0586 63934
82.0676 60934
82.0759 63934
82.0843 60934
82.0915 63934
82.0986 62893
82.1052 65893
82.113 63155
82.119 66155
82.1267 69155
82.1333 66939
82.1417 69939
82.1506 66953
82.1578 69953
82.1662 69168
82.1757 72168
82.1883 69714
82.2002 72714
82.2128 69714
82.2247 72714
82.2361 69714
82.2474 72714
82.2582 69714
82.269 72714
82.2773 69714
82.2857 72714
82.2941 69714
82.3018 72714
82.312 69714
82.3198 72714
82.3281 69714
82.3365 72714
82.3449 69714
82.3532 72714
82.3616 69714
82.3706 72714
82.3795 69714
82.3879 72714
82.3968 69714
82.404 72714
82.4124 69714
82.4214 72714
82.4291 69714
82.4369 72714
82.4459 69714
82.4536 72714
82.462 69714
82.4698 72714
82.4775 69714
82.4865 72714
82.4961 69714
82.5026 72714
82.511 69714
82.5194 72714
82.5289 69714
82.5373 72714
82.5462 69714
82.5546 72714
82.5636 69714
82.5719 72714
82.5797 69714
82.5881 72714
82.5964 69714
82.6048 72714
82.6126 69714
82.6209 72714
82.6281 69714
82.6359 72714
82.6443 69714
82.6514 72714
82.6592 69714
82.6682 72714
82.6759 69767
82.6837 72767
82.6915 69900
82.6998 72900
82.7088 70122
82.719 73122
82.7291 70122
82.7381 73122
82.7494 70122
82.7578 73122
82.7674 70122
82.7769 73122
82.7871 70122
82.7966 73122
82.8068 70122
82.8158 73122
82.8247 70122
82.8349 73122
82.8439 70122
82.8522 73122
82.8594 70122
82.8672 73122
82.8755 70122
82.8833 73122
82.8917 70122
82.8994 73122
82.9054 70122
82.9102 73122
82.9162 70122
82.9227 73122
82.9293 70122
82.9341 73122
82.9389 70122
82.9466 73122
82.9526 72149
82.9658 75149
82.9759 72983
82.9837 75983
82.9921 73048
83.0004 76048
83.0088 74822
83.0178 77822
83.0243 75741
83.0315 78741
83.0387 75741
83.047 78741
83.0542 75812
83.0632 78812
83.0697 76243
83.0775 79243
83.0853 76243
83.0931 79243
83.1032 76243
83.1116 79243
83.1199 76243
83.1277 79243
83.1349 76243
83.1421 79243
83.151 76243
83.16 79243
83.1683 76243
83.1749 79243
83.1839 76243
83.1917 79243
83.2 76243
83.2078 79243
83.215 76243
83.2227 79243
83.2287 76243
83.2359 79243
83.2436 76243
83.2508 79243
83.258 76243
83.2664 79243
83.2735 76243
83.2801 79243
83.2885 76243
83.2956 79243
83.3034 76243
83.3118 79243
83.3195 76243
83.3267 79243
83.3339 76243
83.3423 79243
83.35 76243
83.3566 79243
83.3644 76243
83.3721 79243
83.3799 76243
83.3883 79243
83.396 76243
83.402 79243
83.4086 76243
83.4175 79243
83.4247 76243
83.4325 79243
83.4397 76243
83.4468 79243
83.4546 76243
83.463 79243
83.4695 76243
83.4767 79243
83.4839 76295
83.4922 79295
83.5012 76483
83.5084 79483
83.5167 76483
83.5239 40524
83.5311 43524
83.5383 40524
83.5466 43524
83.5532 40524
83.5604 43524
83.5669 40524
83.5741 43524
83.5819 40644
83.5885 43644
83.5932 40644
83.5986 43644
83.604 40956
83.6082 43956
83.613 43354
83.6171 46354
83.6213 49354
83.6255 52354
83.6291 55354
83.6333 58354
83.6381 57657
83.6422 60657
83.6476 63657
83.6512 61261
83.656 64261
83.6602 62625
83.7098 65625
83.7582 68625
83.8215 71625
83.8269 74625
83.8323 77625
83.8371 80625
83.8406 83625
83.846 86625
83.8508 89625
83.855 92625
83.8604 95625
83.8651 98625
83.8699 93043
83.8747 90246
83.8801 93246
83.8867 96246
83.8902 96084
83.8974 94475
83.9028 93382
83.9076 92583
83.9136 92042
83.9189 91884
83.9243 91745
83.9303 94745
83.9375 91745
83.9416 94745
83.9494 91745
83.9554 94745
83.9614 91745
83.9673 94745
83.9727 91745
83.9781 94745
83.9841 91745
83.9895 94745
83.9948 91745
84.0008 94745
84.0062 91745
84.0116 94745
84.0175 91745
84.0223 94745
84.0283 91745
84.0343 94745
84.0391 91745
84.0456 94745
84.0504 91745
84.057 94745
84.0612 91745
84.0671 94745
84.0725 91745
84.0785 94745
84.0839 91745
84.0904 94745
84.0946 91745
84.1012 94745
84.1096 91745
84.1173 94745
84.1257 91745
84.1347 94745
84.1436 91745
84.152 94745
84.1598 91745
84.1669 94745
84.1741 91745
84.1819 94745
84.189 91745
84.1956 94745
84.2022 91745
84.2088 94745
84.2141 91745
84.2195 94745
84.2267 91745
84.2321 94745
84.2381 91745
84.2446 94745
84.25 91745
84.256 94745
84.262 91745
84.2679 94745
84.2739 91745
84.2793 94745
84.2853 91745
84.2912 94745
84.296 91745
84.3026 94745
84.308 91745
84.3145 94745
84.3211 91745
84.3259 94745
84.3325 91745
84.339 94745
84.3444 91745
84.3516 94745
84.3576 91745
84.3635 94745
84.3701 91745
84.3755 94745
84.3863 91745
84.3916 94745
84.4012 91745
84.4078 94745
84.4155 91745
84.4209 94745
84.4305 91745
84.4365 94745
84.446 91745
84.452 94745
84.4598 91745
84.4663 94745
84.4735 91745
84.4795 94745
84.4878 91745
84.4938 94745
84.5028 91745
84.5088 94745
84.5165 91745
84.5231 94745
84.5315 91745
84.5369 94745
84.5452 91745
84.5512 94745
84.562 91745
84.5679 94745
84.5781 91745
84.5841 94745
84.5924 91745
84.5984 94745
84.6086 91745
84.6151 94745
84.6277 91745
84.6331 94745
84.6456 91745
84.6528 94745
84.6629 91745
84.6701 94745
84.6809 91745
84.688 94745
84.7 91745
84.7066 94745
84.7179 91745
84.7227 94745
84.7293 91745
84.7347 94745
84.7472 91745
84.7508 94745
84.7615 91745
84.7657 94745
84.7759 91745
84.7807 94745
84.7932 91745
84.7968 94745
84.8064 91745
84.8135 94745
84.8267 91745
84.8315 94745
84.8434 91745
84.8512 94745
84.8602 91745
84.8649 94745
84.8769 91745
84.8853 94745
84.8978 91745
84.9044 94745
84.9193 91745
84.9253 94745
84.9366 91745
84.9426 94745
84.957 91745
84.9629 94745
84.9773 91745
84.9827 94745
84.9946 91745
85 94745
85.0084 91745
85.0137 94745
85.0239 91745
85.0305 94745
85.0406 91745
85.0454 94745
85.0556 91745
85.0609 94745
85.0723 91745
85.0771 94745
85.0878 91745
85.0938 94745
85.1082 91745
85.1123 94745
85.1261 91745
85.1327 94745
85.1428 91745
85.1482 94745
85.1631 91745
85.1691 94745
85.1841 91745
85.1894 94745
85.2062 91745
85.2115 94745
85.2211 91745
85.2271 94745
85.2438 91745
85.2498 94745
85.2635 91745
85.2701 94745
85.2809 91745
85.2856 94745
85.297 91745
85.303 94745
85.3149 91745
85.3191 94745
85.3287 91745
85.3358 94745
85.3484 91745
85.3532 94745
85.3663 91745
85.3723 94745
85.3866 91745
85.3902 94745
85.4076 91745
85.4123 94745
85.4321 91745
85.438 94745
85.4494 91745
85.4578 94745
85.4709 91745
85.4775 94745
85.49 91745
85.4972 94745
85.5121 91745
85.5163 94745
85.5271 91745
85.5325 94745
85.5444 91745
85.5498 94745
85.5659 91745
85.5713 94745
85.5779 91745
85.5821 94745
85.5958 91745
85.6012 94745
85.6107 91745
85.6161 94745
85.6257 91745
85.6305 94745
85.643 91745
85.6472 94745
85.6579 91745
85.6639 94745
85.6765 91745
85.6824 94745
85.6968 91745
85.7022 94745
85.7219 91745
85.7261 94745
85.7398 91745
85.7458 94745
85.7601 91745
85.7655 94745
85.7805 91745
85.7852 94745
85.7972 91745
85.8032 94745
85.8157 91745
85.8217 94745
85.8348 91745
85.8408 94745
85.8569 91745
85.8623 94745
85.8683 91745
85.8737 94745
85.8856 91745
85.8916 94745
85.903 91745
85.9077 94745
85.9173 91745
85.9227 94745
85.9352 91745
85.9388 94745
85.9514 91745
85.955 94745
85.9699 91745
85.9729 94745
85.989 91745
85.9938 94745
86.0099 91745
86.0165 94745
86.0297 91745
86.0362 94745
86.0494 91745
86.0548 94745
86.0685 91745
86.0757 94745
86.087 91745
86.093 94745
86.1079 91745
86.1133 94745
86.1259 91745
86.1312 94745
86.1462 91745
86.1516 94745
86.1605 91745
86.1659 94745
86.1773 91745
86.182 94745
86.1934 91745
86.1982 94745
86.2101 91745
86.2167 94745
86.2263 89157
86.2322 92157
86.2406 89157
86.2466 92157
86.2597 89157
86.2645 92157
86.2806 89157
86.2848 92157
86.301 89157
86.3069 92157
86.3219 89157
86.3261 92157
86.338 89157
86.3446 92157
86.3607 89157
86.3661 92157
86.3775 89157
86.3846 92157
86.4002 89157
86.4049 92157
86.4175 89157
86.4229 92157
86.4366 89157
86.4414 92157
86.4492 89157
86.4545 92157
86.4659 89157
86.4719 92157
86.4826 89157
86.4886 92157
86.5 89157
86.5053 92157
86.5143 78952
86.5292 81952
86.534 78952
86.5484 81952
86.5537 78952
86.5729 81952
86.5788 78952
86.5962 81952
86.6033 78952
86.6171 81952
86.6255 78952
86.6344 81952
86.6404 78952
86.6589 81952
86.6661 78952
86.678 81952
86.6828 78952
86.696 81952
86.6996 78952
86.7097 81952
86.7145 78952
86.7259 81952
86.7306 78952
86.7384 81952
86.7426 78952
86.7533 81952
86.7587 78952
86.7689 81952
86.7743 78952
86.7856 81952
86.7892 78952
86.8173 73373
86.8412 76373
86.849 73373
86.8627 76373
86.8681 73373
86.8818 76373
86.889 73373
86.8986 76373
86.9057 73373
86.9243 76373
86.9302 73373
86.9434 76373
86.9506 73373
86.9625 76373
86.9679 73373
86.9751 76373
86.9816 73373
86.9918 76373
86.9978 73373
87.0055 76373
87.0115 73373
87.0217 76373
87.027 73373
87.0378 76373
87.0444 73373
87.0551 76373
87.0605 73373
87.1059 70977
87.1227 73977
87.1286 70977
87.1418 73977
87.149 70977
87.1591 73977
87.1663 70977
87.1848 73977
87.1926 70977
87.2045 73977
87.2129 70977
87.2237 73977
87.2302 70977
87.2362 73977
87.2434 70977
87.2541 73977
87.2607 70977
87.2673 73977
87.2733 70977
87.2834 73977
87.2912 70977
87.3013 73977
87.3067 70977
87.3181 63206
87.3252 66206
87.3796 63206
87.3862 66206
87.3982 63206
87.4065 66206
87.4155 63206
87.4221 66206
87.44 63206
87.446 66206
87.4573 63206
87.4633 66206
87.4782 63206
87.4836 66206
87.4896 63206
87.4956 66206
87.5087 63206
87.5165 66206
87.5231 63206
87.529 66206
87.5392 63206
87.5458 66206
87.5559 63206
87.5619 66206
87.6306 53492
87.6384 56492
87.6527 53492
87.6587 56492
87.6689 53492
87.6742 56492
87.6976 53492
87.7029 56492
87.7149 53492
87.7232 56492
87.7358 53492
87.7478 56492
87.7573 53492
87.7657 56492
87.7746 53492
87.7848 56492
87.7938 53492
87.8033 56492
87.8117 53492
87.8189 56492
87.8272 49445
87.8344 52445
87.9013 49445
87.9169 52445
87.924 49445
87.9384 52445
87.9456 49445
87.9569 52445
87.9641 49445
87.9772 52445
87.9856 49445
87.9952 52445
88.0035 49445
88.0107 52445
88.0173 49445
88.0274 52445
88.034 49445
88.0418 52445
88.0489 48046
88.0573 51046
88.1338 48770
88.1422 51770
88.1535 48770
88.1619 51770
88.1709 48770
88.1798 51770
88.19 48770
88.1959 51770
88.2061 48770
88.2127 51770
88.2216 48770
88.2288 51770
88.2384 48770
88.2444 51770
88.2503 48770
88.2593 51770
88.2701 48770
88.3412 51770
88.3495 48770
88.3585 51770
88.3675 48770
88.3776 51770
88.3866 48770
88.3955 51770
88.4057 48770
88.4147 51770
88.4242 48770
88.4332 51770
88.4434 48770
88.4517 51770
88.4607 48770
88.4697 51770
88.4798 48770
88.5378 51770
88.5467 48770
88.5557 51770
88.5653 48770
88.5748 51770
88.5838 48770
88.5934 51770
88.6029 48770
88.6143 51770
88.6238 48770
88.6328 51770
88.6424 48770
88.6513 51770
88.6609 48770
88.6698 51770
88.6788 48770
88.735 51770
88.7439 48770
88.7535 51770
88.7613 48770
88.772 51770
88.7798 48770
88.7918 51770
88.7995 48770
88.8145 51770
88.8228 48770
88.8372 51770
88.8503 48770
88.8641 51770
88.8772 48770
88.8892 51770
88.9041 48770
88.9501 51770
88.9609 48770
88.9758 51770
88.9848 48770
88.9937 51770
89.0015 48770
89.0105 51770
89.0182 48770
89.032 51770
89.0392 48770
89.0481 51770
89.0571 48770
89.0732 51770
89.0798 48770
89.0935 51770
89.1013 48770
89.1479 51770
89.1569 48770
89.1712 51770
89.182 48770
89.1904 51770
89.1987 48770
89.2083 51770
89.2184 48770
89.2298 51770
89.2394 48770
89.2495 51770
89.2591 48770
89.2698 51770
89.2806 48770
89.2925 51770
89.3021 48770
89.3463 51770
89.3547 48770
89.3684 51770
89.3756 48770
89.39 51770
89.3971 48770
89.4067 51770
89.4186 48770
89.43 51770
89.4407 48770
89.4533 51770
89.4658 48770
89.4766 51770
89.4856 48770
89.4969 51770
89.5065 48770
89.5477 51770
89.5573 48770
89.5704 51770
89.5788 48770
89.5925 51770
89.6015 48770
89.6111 51770
89.62 48770
89.6326 51770
89.6421 48770
89.6571 51770
89.6672 48770
89.6786 51770
89.6882 48770
89.7001 51770
89.7103 48770
89.7503 51770
89.7599 48770
89.773 51770
89.7826 48770
89.7933 51770
89.8041 48770
89.8166 51770
89.8256 48770
89.8393 51770
89.8483 48770
89.8633 51770
89.8728 48770
89.8854 51770
89.8943 48770
89.9063 51770
89.9146 48770
89.9517 51770
89.9583 48770
89.9744 51770
89.9822 48770
89.9947 51770
90.0061 48770
90.0258 51770
90.0383 48770
90.0527 51770
90.064 48770
90.0784 51770
90.0897 48770
90.1047 51770
90.1142 48770
90.1292 51770
90.1399 48770
90.1752 51770
90.1848 48770
90.1973 51770
90.2069 48770
90.2164 51770
90.2254 48770
90.2439 51770
90.2529 48770
90.2678 51770
90.2768 48770
90.2905 51770
90.2983 36759
90.315 39759
90.3252 36759
90.3389 39759
90.3479 36759
90.3802 39759
90.3891 36759
90.4035 39759
90.4136 36759
90.4232 39759
90.4328 36759
90.4501 39759
90.4591 36759
90.4752 39759
90.4848 36759
90.4961 39759
90.5069 36759
90.5846 39759
90.6001 36759
90.6138 39759
90.6294 36759
90.6455 39759
90.6575 36759
90.6706 39759
90.6832 36759
90.6939 39759
90.7059 36759
90.7172 39759
90.7298 36759
90.7847 39759
90.7973 36759
90.814 39759
90.826 36759
90.8463 39759
90.8583 36759
90.869 39759
90.8816 36759
90.8941 39759
90.9055 36759
90.9192 39759
90.93 36759
90.9855 39759
90.9975 36759
91.0148 39759
91.0274 36759
91.0483 39759
91.0614 36759
91.0746 39759
91.0871 36759
91.0973 39759
91.1069 36759
91.1254 39759
91.1361 36759
91.1887 39759
91.2073 36759
91.2252 39759
91.2431 36759
91.2616 39759
91.276 36759
91.2951 39759
91.3088 36759
91.3232 39759
91.3375 36759
91.3525 39759
91.3656 36759
91.4134 39759
91.4248 36759
91.4463 39759
91.4553 36759
91.4762 39759
91.4863 36759
91.5049 39759
91.5168 36759
91.5323 39759
91.5437 34904
91.5604 37904
91.5724 34904
91.6202 37904
91.6321 34904
91.6519 37904
91.6626 34904
91.6835 37904
91.6931 34904
91.711 37904
91.7194 34904
91.7391 37904
91.7487 34904
91.7708 34342
91.7869 37342
91.8335 34342
91.8461 37342
91.864 34342
91.8772 37342
91.8975 34342
91.91 37342
91.9238 34342
91.9375 37342
91.956 34342
91.9686 37342
91.9979 34342
92.011 37342
92.054 34342
92.0672 37342
92.0845 34342
92.0983 37342
92.1204 34342
92.1329 37342
92.1461 34342
92.1598 37342
92.1819 34342
92.1963 33655
92.222 36655
92.2345 33655
92.2776 36655
92.2883 33655
92.3074 36655
92.3164 33655
92.3397 36655
92.3558 33655
92.372 36655
92.3905 33655
92.4102 36655
92.4413 33655
92.4562 36655
92.5011 33655
92.5166 36655
92.5357 33655
92.5513 36655
92.5674 33655
92.5793 36655
92.5979 33655
92.611 36655
92.6307 33419
92.6427 36419
92.672 33419
92.6851 36419
92.7263 33419
92.7395 36419
92.7598 33419
92.773 36419
92.7909 33419
92.8046 36419
92.8226 33419
92.8357 36419
92.853 28098
92.8632 31098
92.8967 28098
92.9062 31098
92.9487 28098
92.966 31098
92.9833 28098
92.9965 31098
93.0186 28098
93.0329 31098
93.0502 28098
93.0652 31098
93.1214 28098
93.1369 31098
93.1775 28098
93.1943 31098
93.2098 28098
93.2247 31098
93.2469 28098
93.2636 31098
93.2797 28098
93.2965 31098
93.3473 28098
93.364 31098
93.4046 28098
93.4208 31098
93.4327 28098
93.4453 31098
93.4727 28098
93.4859 31098
93.5062 28098
93.5259 31098
93.5725 28098
93.5905 31098
93.6395 28098
93.6586 31098
93.6777 28098
93.6968 31098
93.716 28098
93.7345 31098
93.7602 28098
93.7733 31098
93.8158 28098
93.8301 31098
93.8749 28098
93.8905 31098
93.9114 28098
93.9269 31098
93.9454 14290
93.961 17290
93.9879 14290
94.0022 17290
94.0399 20290
94.0524 17608
94.0978 20608
94.1194 23608
94.1403 21086
94.1606 24086
94.2484 27086
94.2956 30086
94.3028 33086
94.3118 36086
94.3229 39086
94.3406 42086
94.3556 45086
94.3642 48086
94.3725 51086
94.3815 54086
94.39 57086
94.3977 60086
94.406 63086
94.4144 66086
94.4222 65808
94.4313 61321
94.4378 57496
94.4456 54047
94.4526 51030
94.4603 48390
94.4686 51390
94.4748 54390
94.4837 51084
94.4927 49338
94.5011 47933
94.5112 46947
94.5226 46451
94.5327 49451
94.5447 46451
94.5561 49451
94.5662 46451
94.5788 49451
94.5907 46451
94.6009 49451
94.6134 46451
94.6242 49451
94.6343 46451
94.6463 49451
94.6565 46451
94.666 49451
94.678 46451
94.6887 49451
94.6989 46451
94.7102 49451
94.7216 46451
94.7317 49451
94.7425 46451
94.7551 49451
94.7646 46451
94.776 49451
94.7879 46451
94.7969 49451
94.8082 46451
94.825 49451
94.8333 46451
94.8537 49451
94.8626 46451
94.8859 49451
94.8937 46451
94.9182 49451
94.9284 46451
94.9463 49451
94.9552 46451
94.9744 49451
94.9821 46451
95.0001 49451
95.0066 46451
95.0228 49451
95.0299 46451
95.0521 49451
95.0556 46451
95.0807 49451
95.0861 46451
95.1124 49451
95.1202 46451
95.1429 49451
95.1513 46451
95.174 49451
95.1811 46451
95.2021 49451
95.2074 46451
95.229 49451
95.2313 46451
95.2499 49451
95.2558 46451
95.278 49451
95.2827 46451
95.3072 49451
95.3144 46451
95.3383 49451
95.3461 46451
95.3694 49451
95.3754 46451
95.4011 49451
95.4076 46451
95.4291 49451
95.4363 46451
95.4566 49451
95.4614 46451
95.4746 49451
95.4805 46451
95.5032 49451
95.5116 46451
95.5349 49451
95.5403 46451
95.5648 49451
95.5702 46451
95.5971 49451
95.6036 46451
95.6287 49451
95.6347 46451
95.6544 49451
95.6616 46451
95.6849 49451
95.6909 46451
95.7022 49451
95.7088 46451
95.7297 49451
95.7357 46451
95.7638 49451
95.768 46451
95.7919 49451
95.7973 46451
95.8242 49451
95.8301 46451
95.8546 49451
95.8612 46451
95.8797 49451
95.8851 46451
95.9114 49451
95.9174 46451
95.9299 49451
95.9377 46451
95.9586 49451
95.964 46451
95.9909 49451
95.9975 46451
96.0172 49451
96.022 46451
96.0471 49451
96.0548 46451
96.0805 49451
96.0889 46451
96.1062 49451
96.114 46451
96.1397 49451
96.1439 46451
96.154 49451
96.1636 46451
96.1845 49451
96.1911 46451
96.2162 49451
96.2216 46451
96.2425 49451
96.2491 46451
96.2718 49451
96.2789 46451
96.3052 49451
96.3124 46451
96.3327 49451
96.3393 46451
96.3638 40249
96.3704 43249
96.3811 40249
96.3865 43249
96.411 40249
96.4164 43249
96.4421 40249
96.4486 43249
96.4696 40249
96.4749 43249
96.4977 40249
96.503 43249
96.5305 40249
96.5377 43249
96.5562 31114
96.564 34114
96.5945 31114
96.6088 34114
96.6184 31114
96.6411 34114
96.6459 31114
96.6656 34114
96.6733 31114
96.6895 34114
96.6978 31114
96.7128 34114
96.7176 31114
96.7301 34114
96.7331 31114
96.8018 26726
96.8114 29726
96.8257 26726
96.8329 29726
96.8449 26726
96.8544 29726
96.8658 26726
96.8747 29726
96.8831 25763
96.8891 28763
96.9494 25763
96.9602 28763
96.9727 25763
96.9829 28763
96.9937 25763
97.0026 28763
97.014 25763
97.0271 24946
97.0391 27946
97.1 24946
97.1102 27946
97.1263 24946
97.1395 27946
97.1556 24946
97.17 27946
97.1831 24946
97.1945 27946
97.2046 24946
97.2518 27946
97.2644 24946
97.2823 27946
97.2949 24946
97.3176 27946
97.3301 24946
97.3433 27946
97.3564 24946
97.4018 27946
97.4144 24946
97.4281 27946
97.4407 24946
97.4705 27946
97.4825 24946
97.5004 27946
97.51 24946
97.559 27946
97.5691 24946
97.5805 27946
97.5907 24946
97.6229 27946
97.6331 24946
97.6546 27946
97.666 24946
97.7096 27946
97.7215 24946
97.7317 27946
97.7448 24946
97.7777 27946
97.7891 24946
97.81 27946
97.8243 24946
97.8703 27946
97.8793 24946
97.8913 27946
97.9002 24946
97.9355 27946
97.9504 24946
97.9695 27946
97.9797 24946
98.0269 27946
98.0383 24946
98.0484 27946
98.0622 24946
98.0962 27946
98.1076 24946
98.1321 27946
98.1434 24946
98.1847 27946
98.1948 24946
98.2062 27946
98.2163 24946
98.2522 27946
98.2624 24946
98.2881 27946
98.3042 24946
98.3466 27946
98.358 24946
98.3699 27946
98.3819 24946
98.4142 19275
98.4237 22275
98.4506 19275
98.4596 22275
98.508 19275
98.5199 22275
98.5325 19275
98.545 19156
98.5875 22156
98.6191 19156
98.6305 22156
98.6771 19156
98.6926 18135
98.7106 21135
98.7375 18135
98.7494 21135
98.7709 18135
98.7835 21135
98.8343 18135
98.857 21135
98.8719 18135
98.8976 16255
98.9114 19255
98.9251 16255
98.9442 19255
99.0004 16318
99.0135 19318
99.0458 16318
99.0655 19318
99.0841 16318
99.1026 19318
99.151 16318
99.1689 19318
99.1958 16318
99.2131 19318
99.2364 16318
99.258 19318
99.3159 16318
99.3339 19318
99.3566 16318
99.3685 19318
99.3972 16318
99.4181 19318
99.4701 16318
99.4874 19318
99.5042 16318
99.5239 19318
99.5556 16318
99.5735 19318
99.6225 16318
99.6392 19318
99.6631 16318
99.6817 19318
99.7127 16318
99.7319 19318
99.7791 16318
99.8012 19318
99.8251 16318
99.8478 19318
99.8789 16318
99.8998 19318
99.9464 16318
99.9631 19318
99.9894 16318
100.007 19318
100.047 16318
100.064 19318
