0.0 0
0.220094 1440
0.220094 1440
0.441376 2880
0.663822 4320
0.886268 5760
1.08746 7200
1.10871 8640
1.30871 10080
1.32996 11520
1.33236 12960
1.53116 14400
1.55122 15840
1.55361 17280
1.556 18720
1.75241 20160
1.7548 21600
1.77366 23040
1.77605 24480
1.77844 25920
1.78083 27360
1.97366 28800
1.97605 30240
1.97844 31680
1.99491 33120
1.9973 34560
1.99969 36000
2.00208 37440
2.00447 38880
2.00686 40320
2.19491 41760
2.1973 43200
2.19969 44640
2.20208 46080
2.20447 47520
2.21736 48960
2.21975 50400
2.22214 51840
2.22453 53280
2.22692 54720
2.22931 56160
2.2317 57600
2.23409 59040
2.23648 60480
2.41736 61920
2.41975 63360
2.42214 64800
2.42453 66240
2.42692 67680
2.42931 69120
2.4317 70560
2.43861 72000
2.441 73440
2.44339 74880
2.44578 76320
2.44817 77760
2.45056 79200
2.45295 80640
2.45534 82080
2.45773 83520
2.46012 84960
2.46251 86400
2.4649 87840
2.46729 89280
2.46968 90720
2.6398 92160
2.64219 93600
2.64459 95040
2.64698 96480
2.64937 97920
2.65176 99360
2.65415 100800
2.65654 102240
2.65893 103680
2.66132 105120
2.66371 106560
2.6661 108000
2.66849 109440
2.67088 110880
2.67327 112320
2.67566 113760
2.67805 115200
2.68044 116640
2.68283 118080
2.68522 119520
2.68761 120960
2.69 122400
2.69239 123840
2.69478 125280
2.69717 126720
2.69956 128160
2.70195 129600
2.70435 131040
2.70674 132480
2.70913 133920
2.71152 135360
2.86106 136800
2.86345 138240
2.86584 139680
2.86823 141120
2.87062 142560
2.87301 144000
2.8754 145440
2.87779 146880
2.88018 148320
2.88257 149760
2.88496 151200
2.88735 152640
2.88974 154080
2.89213 155520
2.89452 156960
2.89691 158400
2.8993 159840
2.90169 161280
2.90408 162720
2.90647 164160
2.90886 165600
2.91125 167040
2.91364 168480
2.91603 169920
2.91842 171360
2.92082 172800
2.92321 174240
2.9256 175680
2.92799 177120
2.93038 178560
2.93277 180000
2.93516 181440
2.93755 182880
2.93994 184320
2.94233 185760
2.94472 187200
2.94711 188640
2.9495 190080
2.95189 191520
2.95428 192960
2.95667 194400
2.95906 195840
2.96145 197280
2.96384 198720
2.96623 200160
2.96862 201600
2.97101 203040
3.0835 204480
3.08589 205920
3.08828 207360
3.09067 208800
3.09306 210240
3.09545 211680
3.09784 213120
3.10023 214560
3.10262 216000
3.10501 217440
3.10741 218880
3.1098 220320
3.11219 221760
3.11458 223200
3.11697 224640
3.11936 226080
3.12175 227520
3.12414 228960
3.12653 230400
3.12892 231840
3.13131 233280
3.1337 234720
3.13609 236160
3.13848 237600
3.14087 239040
3.14326 240480
3.14565 241920
3.14804 243360
3.15043 244800
3.15282 246240
3.15521 247680
3.1576 249120
3.15999 250560
3.16238 252000
3.16477 253440
3.16717 254880
3.16956 256320
3.17195 257760
3.17434 259200
3.17673 260640
3.17912 262080
3.18151 263520
3.1839 264960
3.18629 266400
3.18868 267840
3.19107 269280
3.19346 270720
3.19585 272160
3.19824 273600
3.20063 275040
3.20302 276480
3.20541 277920
3.2078 279360
3.21019 280800
3.21258 282240
3.21497 283680
3.21736 285120
3.21975 286560
3.22214 288000
3.22453 289440
3.22693 290880
3.22932 292320
3.23171 293760
3.2341 295200
3.23649 296640
3.23888 298080
3.24127 299520
3.24366 300960
3.24605 302400
3.24844 303840
3.30475 305280
3.30714 306720
3.30953 308160
3.31192 309600
3.31431 311040
3.3167 312480
3.31909 313920
3.32148 315360
3.32388 316800
3.32627 318240
3.32866 319680
3.33105 321120
3.33344 322560
3.33583 324000
3.33822 325440
3.34061 326880
3.343 328320
3.34539 329760
3.34778 331200
3.35017 332640
3.35256 334080
3.35495 335520
3.35734 336960
3.35973 338400
3.36212 339840
3.36451 341280
3.3669 342720
3.36929 344160
3.37168 345600
3.37407 347040
3.37646 348480
3.37885 349920
3.38124 351360
3.38364 352800
3.38603 354240
3.38842 355680
3.39081 357120
3.3932 358560
3.39559 360000
3.39798 361440
3.40037 362880
3.40276 364320
3.40515 365760
3.40754 367200
3.40993 368640
3.41232 370080
3.41471 371520
3.4171 372960
3.41949 374400
3.42188 375840
3.42427 377280
3.42666 378720
3.42905 380160
3.43144 381600
3.43383 383040
3.43622 384480
3.43861 385920
3.441 387360
3.4434 388800
3.44579 390240
3.44818 391680
3.45057 393120
3.45296 394560
3.45535 396000
3.45774 397440
3.46013 398880
3.46252 400320
3.46491 401760
3.4673 403200
3.46969 404640
3.47208 406080
3.47447 407520
3.47686 408960
3.47925 410400
3.48164 411840
3.48403 413280
3.48642 414720
3.48881 416160
3.4912 417600
3.49359 419040
3.49598 420480
3.49837 421920
3.50076 423360
3.50316 424800
3.50555 426240
3.50794 427680
3.51033 429120
3.51272 430560
3.51511 432000
3.5175 433440
3.51989 434880
3.52228 436320
3.52467 437760
3.52706 439200
3.52945 440640
3.53184 442080
3.53423 443520
3.53662 444960
3.53901 446400
3.5414 447840
3.54379 449280
3.54618 450720
3.54857 452160
3.55096 453600
3.55335 455040
3.55574 456480
3.55813 457920
3.56052 459360
3.56291 460800
3.56531 462240
3.5677 463680
3.57009 465120
3.57248 466560
3.57487 468000
3.57726 469440
3.57965 470880
3.58204 472320
3.58443 473760
3.58682 475200
3.58921 476640
3.5916 478080
3.59399 479520
3.59638 480960
3.59877 482400
3.60116 483840
3.60355 485280
3.60594 486720
3.60833 488160
3.61072 489600
3.61311 491040
3.6155 492480
3.61789 493920
3.62028 495360
3.62267 496800
3.62507 498240
3.62746 499680
3.62985 501120
3.63224 502560
3.63463 504000
3.63702 505440
3.63941 506880
3.6418 508320
3.64419 509760
3.64658 511200
3.64897 512640
3.65136 514080
3.65375 515520
3.65614 516960
3.65853 518400
3.66092 519840
3.66331 521280
3.6657 522720
3.66809 524160
3.67048 525600
3.67287 527040
3.67526 528480
3.67765 529920
3.68004 531360
3.68243 532800
3.68483 534240
3.68722 535680
3.68961 537120
3.692 538560
3.69439 540000
3.69678 541440
3.69917 542880
3.70156 544320
3.70395 545760
3.70634 547200
3.70873 548640
3.71112 550080
3.71351 551520
3.7159 552960
3.71829 554400
3.72068 555840
3.72307 557280
3.72546 558720
3.72785 560160
3.73024 561600
3.73263 563040
3.73502 564480
3.73741 565920
3.7398 567360
3.74219 568800
3.74459 570240
3.74698 571680
3.74937 573120
3.75176 574560
3.75415 576000
3.75654 577440
3.75893 578880
3.76132 580320
3.76371 581760
3.7661 583200
3.76849 584640
3.77088 586080
3.77327 587520
3.77566 588960
3.77805 590400
3.78044 591840
3.78283 593280
3.78522 594720
3.78761 596160
3.79 597600
3.79239 599040
3.79478 600480
3.79717 601920
3.79956 603360
3.80195 604800
3.80435 606240
3.80674 607680
3.80913 609120
3.81152 610560
3.81391 612000
3.8163 613440
3.81869 614880
3.82108 616320
3.82347 617760
3.82586 619200
3.82825 620640
3.83064 622080
3.83303 623520
3.83542 624960
3.83781 626400
3.8402 627840
3.84259 629280
3.84498 630720
3.84737 632160
3.84976 633600
3.85215 635040
3.85454 636480
3.85693 637920
3.85933 639360
3.86292 639360
3.86292 401760
4.67207 404640
4.67566 404640
4.67566 181440
5.313 182880
5.4134 184320
5.50184 185760
5.55921 187200
5.63704 188640
5.72549 190080
5.78286 191520
5.86307 192960
5.95152 194400
6.00769 195840
6.0903 197280
6.17635 198720
6.23372 200160
6.31633 201600
6.39999 203040
6.45856 204480
6.53997 205920
6.62483 207360
6.6822 208800
6.76481 210240
6.85086 211680
6.90823 213120
6.99204 214560
7.0757 216000
7.13546 217440
7.21807 218880
7.29934 220320
7.36149 221760
7.44171 223200
7.52418 224640
7.58633 226080
7.66654 227520
7.75021 228960
7.81236 230400
7.89377 231840
7.97504 233280
8.03959 234720
8.1198 236160
8.19869 237600
8.26562 239040
8.34344 240480
8.42352 241920
8.49045 243360
8.56828 244800
8.64955 246240
8.71648 247680
8.79551 249120
8.87439 250560
8.94371 252000
9.02154 253440
9.09803 254880
9.16974 256320
9.24518 257760
9.32287 259200
9.39458 260640
9.47002 262080
9.5489 263520
9.62061 264960
9.69724 266400
9.77374 267840
9.84784 269280
9.92327 270720
9.99738 272160
10.0739 273600
10.148 275040
10.2245 276480
10.301 277920
10.3775 279360
10.4563 280800
10.5328 282240
10.6117 283680
10.6906 285120
10.7695 286560
10.8484 288000
10.9272 289440
11.0085 290880
11.0874 292320
11.1687 293760
11.2499 295200
11.3312 296640
11.4149 298080
11.4962 299520
11.5798 300960
11.6635 302400
11.7471 303840
11.8308 305280
11.9145 306720
12.0005 308160
12.0842 309600
12.1702 311040
12.2563 312480
12.3424 313920
12.4308 315360
12.5169 316800
12.6053 318240
12.6937 319680
12.7607 321120
12.8252 322560
12.8921 324000
12.9615 325440
13.0284 326880
13.0953 328320
13.1647 329760
13.2316 331200
13.3009 332640
13.3702 334080
13.4395 335520
13.5089 336960
13.5782 338400
13.6499 339840
13.7192 341280
13.7909 342720
13.8627 344160
13.932 345600
14.0037 347040
14.0778 348480
14.1495 349920
14.2212 351360
14.2953 352800
14.367 354240
14.4411 355680
14.5152 357120
14.5893 358560
14.6634 360000
14.7375 361440
14.814 362880
14.8881 364320
14.9646 365760
15.0411 367200
15.1152 368640
15.1917 370080
15.2706 371520
15.3471 372960
15.4236 374400
15.5025 375840
15.579 377280
15.6578 378720
15.7367 380160
15.8156 381600
15.8945 383040
15.9734 384480
16.0546 385920
16.1335 387360
16.2148 388800
16.2961 390240
16.375 391680
16.4562 393120
16.5399 394560
16.6212 396000
16.7024 397440
16.7861 398880
16.8674 400320
16.951 401760
17.0347 403200
17.1184 404640
17.202 406080
17.2857 407520
17.3718 408960
17.4554 410400
17.5415 411840
17.6275 413280
17.7112 414720
17.7972 416160
17.8857 417600
17.9717 419040
18.0578 420480
18.1462 421920
18.2323 423360
18.3207 424800
18.4092 426240
18.4976 427680
18.5861 429120
18.6745 430560
18.7666 430560
18.7666 264960
19.3501 270720
19.386 272160
19.4637 273600
19.5401 275040
19.6166 276480
19.6931 277920
19.7696 279360
19.8461 280800
19.925 282240
20.0015 283680
20.0804 285120
20.1593 286560
20.2381 288000
20.3194 289440
20.3983 290880
20.4796 292320
20.5608 293760
20.6421 295200
20.7234 296640
20.8047 298080
20.8883 299520
20.9696 300960
21.0533 302400
21.1369 303840
21.2206 305280
21.3067 306720
21.3903 308160
21.4764 309600
21.5624 311040
21.6485 312480
21.7345 313920
21.8206 315360
21.909 316800
21.9951 318240
22.0835 319680
22.1505 321120
22.2174 322560
22.2843 324000
22.3513 325440
22.4182 326880
22.4875 328320
22.5544 329760
22.6238 331200
22.6907 332640
22.76 334080
22.8293 335520
22.8987 336960
22.9704 338400
23.0397 339840
23.1114 341280
23.1807 342720
23.2524 344160
23.3241 345600
23.3959 347040
23.4676 348480
23.5393 349920
23.6134 351360
23.6851 352800
23.7592 354240
23.8309 355680
23.905 357120
23.9791 358560
24.0532 360000
24.1297 361440
24.2038 362880
24.2803 364320
24.3544 365760
24.4309 367200
24.5074 368640
24.5839 370080
24.6604 371520
24.7369 372960
24.8158 374400
24.8923 375840
24.9711 377280
25.0476 378720
25.1265 380160
25.2054 381600
25.2843 383040
25.3655 384480
25.4444 385920
25.5257 387360
25.6046 388800
25.6859 390240
25.7671 391680
25.8484 393120
25.9297 394560
26.011 396000
26.0946 397440
26.1759 398880
26.2596 400320
26.3408 401760
26.4245 403200
26.5082 404640
26.5918 406080
26.6779 407520
26.7615 408960
26.8476 410400
26.9313 411840
27.0173 413280
27.1034 414720
27.1894 416160
27.2755 417600
27.3615 419040
27.45 420480
27.536 421920
27.6245 423360
27.7105 424800
27.799 426240
27.8874 427680
27.9759 429120
28.0667 430560
28.1563 264960
28.7399 270720
28.7793 272160
28.8534 273600
28.9299 275040
29.0064 276480
29.0829 277920
29.1594 279360
29.2383 280800
29.3148 282240
29.3937 283680
29.4726 285120
29.5514 286560
29.6303 288000
29.7092 289440
29.7905 290880
29.8694 292320
29.9506 293760
30.0319 295200
30.1132 296640
30.1968 298080
30.2781 299520
30.3618 300960
30.4454 302400
30.5291 303840
30.6128 305280
30.6964 306720
30.7825 308160
30.8662 309600
30.9522 311040
31.0383 312480
31.1243 313920
31.2128 315360
31.2988 316800
31.3873 318240
31.4757 319680
31.5426 321120
31.6072 322560
31.6741 324000
31.7434 325440
31.8104 326880
31.8773 328320
31.9466 329760
32.0136 331200
32.0829 332640
32.1522 334080
32.2215 335520
32.2908 336960
32.3602 338400
32.4319 339840
32.5012 341280
32.5729 342720
32.6446 344160
32.7139 345600
32.7856 347040
32.8598 348480
32.9315 349920
33.0032 351360
33.0773 352800
33.149 354240
33.2231 355680
33.2972 357120
33.3713 358560
33.4454 360000
33.5195 361440
33.596 362880
33.6701 364320
33.7466 365760
33.8231 367200
33.8972 368640
33.9737 370080
34.0526 371520
34.1291 372960
34.2055 374400
34.2844 375840
34.3609 377280
34.4398 378720
34.5187 380160
34.5976 381600
34.6765 383040
34.7553 384480
34.8366 385920
34.9155 387360
34.9968 388800
35.078 390240
35.1569 391680
35.2382 393120
35.3219 394560
35.4031 396000
35.4844 397440
35.5681 398880
35.6493 400320
35.733 401760
35.8167 403200
35.9003 404640
35.984 406080
36.0677 407520
36.1537 408960
36.2374 410400
36.3234 411840
36.4095 413280
36.4932 414720
36.5792 416160
36.6677 417600
36.7537 419040
36.8398 420480
36.9282 421920
37.0143 423360
37.1027 424800
37.1912 426240
37.2796 427680
37.368 429120
37.4565 430560
37.5485 264960
38.1321 270720
38.1679 272160
38.2456 273600
38.3221 275040
38.3986 276480
38.4751 277920
38.5516 279360
38.6281 280800
38.707 282240
38.7835 283680
38.8623 285120
38.9412 286560
39.0201 288000
39.1014 289440
39.1803 290880
39.2615 292320
39.3428 293760
39.4241 295200
39.5054 296640
39.5866 298080
39.6703 299520
39.7516 300960
39.8352 302400
39.9189 303840
40.0026 305280
40.0886 306720
40.1723 308160
40.2583 309600
40.3444 311040
40.4304 312480
40.5165 313920
40.6026 315360
40.691 316800
40.7771 318240
40.8655 319680
40.9324 321120
40.9994 322560
41.0663 324000
41.1332 325440
41.2002 326880
41.2695 328320
41.3364 329760
41.4057 331200
41.4727 332640
41.542 334080
41.6113 335520
41.6806 336960
41.7523 338400
41.8217 339840
41.8934 341280
41.9627 342720
42.0344 344160
42.1061 345600
42.1778 347040
42.2495 348480
42.3212 349920
42.3954 351360
42.4671 352800
42.5412 354240
42.6129 355680
42.687 357120
42.7611 358560
42.8352 360000
42.9117 361440
42.9858 362880
43.0623 364320
43.1364 365760
43.2129 367200
43.2894 368640
43.3659 370080
43.4423 371520
43.5188 372960
43.5977 374400
43.6742 375840
43.7531 377280
43.8296 378720
43.9085 380160
43.9874 381600
44.0662 383040
44.1475 384480
44.2264 385920
44.3077 387360
44.3866 388800
44.4678 390240
44.5491 391680
44.6304 393120
44.7116 394560
44.7929 396000
44.8766 397440
44.9579 398880
45.0415 400320
45.1228 401760
45.2065 403200
45.2901 404640
45.3738 406080
45.4598 407520
45.5435 408960
45.6296 410400
45.7132 411840
45.7993 413280
45.8853 414720
45.9714 416160
46.0574 417600
46.1435 419040
46.2319 420480
46.318 421920
46.4064 423360
46.4925 424800
46.5809 426240
46.6694 427680
46.7578 429120
46.8487 430560
46.9383 264960
47.5219 270720
47.5613 272160
47.6354 273600
47.7119 275040
47.7884 276480
47.8649 277920
47.9414 279360
48.0203 280800
48.0968 282240
48.1756 283680
48.2545 285120
48.3334 286560
48.4123 288000
48.4912 289440
48.5724 290880
48.6513 292320
48.7326 293760
48.8139 295200
48.8951 296640
48.9788 298080
49.0601 299520
49.1437 300960
49.2274 302400
49.3111 303840
49.3947 305280
49.4784 306720
49.5645 308160
49.6481 309600
49.7342 311040
49.8202 312480
49.9063 313920
49.9947 315360
50.0808 316800
50.1692 318240
50.2577 319680
50.3246 321120
50.3891 322560
50.4561 324000
50.5254 325440
50.5923 326880
50.6593 328320
50.7286 329760
50.7955 331200
50.8648 332640
50.9342 334080
51.0035 335520
51.0728 336960
51.1421 338400
51.2138 339840
51.2832 341280
51.3549 342720
51.4266 344160
51.4959 345600
51.5676 347040
51.6417 348480
51.7134 349920
51.7851 351360
51.8592 352800
51.931 354240
52.0051 355680
52.0792 357120
52.1533 358560
52.2274 360000
52.3015 361440
52.378 362880
52.4521 364320
52.5286 365760
52.605 367200
52.6791 368640
52.7556 370080
52.8345 371520
52.911 372960
52.9875 374400
53.0664 375840
53.1429 377280
53.2218 378720
53.3007 380160
53.3795 381600
53.4584 383040
53.5373 384480
53.6186 385920
53.6975 387360
53.7787 388800
53.86 390240
53.9389 391680
54.0202 393120
54.1038 394560
54.1851 396000
54.2664 397440
54.35 398880
54.4313 400320
54.515 401760
54.5986 403200
54.6823 404640
54.766 406080
54.8496 407520
54.9357 408960
55.0193 410400
55.1054 411840
55.1915 413280
55.2751 414720
55.3612 416160
55.4496 417600
55.5357 419040
55.6217 420480
55.7102 421920
55.7962 423360
55.8847 424800
55.9731 426240
56.0616 427680
56.15 429120
56.2385 430560
56.3305 264960
56.914 270720
56.9499 272160
57.0276 273600
57.1041 275040
57.1806 276480
57.2571 277920
57.3336 279360
57.41 280800
57.4889 282240
57.5654 283680
57.6443 285120
57.7232 286560
57.8021 288000
57.8833 289440
57.9622 290880
58.0435 292320
58.1248 293760
58.2061 295200
58.2873 296640
58.3686 298080
58.4523 299520
58.5335 300960
58.6172 302400
58.7009 303840
58.7845 305280
58.8706 306720
58.9542 308160
59.0403 309600
59.1264 311040
59.2124 312480
59.2985 313920
59.3845 315360
59.473 316800
59.559 318240
59.6475 319680
59.7144 321120
59.7813 322560
59.8483 324000
59.9152 325440
59.9821 326880
60.0514 328320
60.1184 329760
60.1877 331200
60.2546 332640
60.3239 334080
60.3933 335520
60.4626 336960
60.5343 338400
60.6036 339840
60.6753 341280
60.7447 342720
60.8164 344160
60.8881 345600
60.9598 347040
61.0315 348480
61.1032 349920
61.1773 351360
61.249 352800
61.3231 354240
61.3948 355680
61.4689 357120
61.543 358560
61.6172 360000
61.6936 361440
61.7677 362880
61.8442 364320
61.9183 365760
61.9948 367200
62.0713 368640
62.1478 370080
62.2243 371520
62.3008 372960
62.3797 374400
62.4562 375840
62.5351 377280
62.6116 378720
62.6904 380160
62.7693 381600
62.8482 383040
62.9295 384480
63.0084 385920
63.0896 387360
63.1685 388800
63.2498 390240
63.3311 391680
63.4123 393120
63.4936 394560
63.5749 396000
63.6586 397440
63.7398 398880
63.8235 400320
63.9048 401760
63.9884 403200
64.0721 404640
64.1558 406080
64.2418 407520
64.3255 408960
64.4115 410400
64.4952 411840
64.5812 413280
64.6673 414720
64.7534 416160
64.8394 417600
64.9255 419040
65.0139 420480
65.1 421920
65.1884 423360
65.2745 424800
65.3629 426240
65.4513 427680
65.5398 429120
65.6306 430560
65.7203 264960
66.3038 270720
66.3433 272160
66.4174 273600
66.4939 275040
66.5704 276480
66.6469 277920
66.7233 279360
66.8022 280800
66.8787 282240
66.9576 283680
67.0365 285120
67.1154 286560
67.1943 288000
67.2731 289440
67.3544 290880
67.4333 292320
67.5146 293760
67.5958 295200
67.6771 296640
67.7608 298080
67.8421 299520
67.9257 300960
68.0094 302400
68.093 303840
68.1767 305280
68.2604 306720
68.3464 308160
68.4301 309600
68.5161 311040
68.6022 312480
68.6883 313920
68.7767 315360
68.8628 316800
68.9512 318240
69.0396 319680
69.1066 321120
69.1711 322560
69.238 324000
69.3074 325440
69.3743 326880
69.4412 328320
69.5105 329760
69.5775 331200
69.6468 332640
69.7161 334080
69.7854 335520
69.8548 336960
69.9241 338400
69.9958 339840
70.0651 341280
70.1368 342720
70.2085 344160
70.2779 345600
70.3496 347040
70.4237 348480
70.4954 349920
70.5671 351360
70.6412 352800
70.7129 354240
70.787 355680
70.8611 357120
70.9352 358560
71.0093 360000
71.0834 361440
71.1599 362880
71.234 364320
71.3105 365760
71.387 367200
71.4611 368640
71.5376 370080
71.6165 371520
71.693 372960
71.7695 374400
71.8484 375840
71.9249 377280
72.0037 378720
72.0826 380160
72.1615 381600
72.2404 383040
72.3193 384480
72.4005 385920
72.4794 387360
72.5607 388800
72.642 390240
72.7209 391680
72.8021 393120
72.8858 394560
72.9671 396000
73.0483 397440
73.132 398880
73.2133 400320
73.2969 401760
73.3806 403200
73.4643 404640
73.5479 406080
73.6316 407520
73.7176 408960
73.8013 410400
73.8874 411840
73.9734 413280
74.0571 414720
74.1431 416160
74.2316 417600
74.3176 419040
74.4037 420480
74.4921 421920
74.5782 423360
74.6666 424800
74.7551 426240
74.8435 427680
74.932 429120
75.0204 430560
75.1125 264960
75.696 270720
75.7319 272160
75.8096 273600
75.886 275040
75.9625 276480
76.039 277920
76.1155 279360
76.192 280800
76.2709 282240
76.3474 283680
76.4263 285120
76.5052 286560
76.584 288000
76.6653 289440
76.7442 290880
76.8255 292320
76.9067 293760
76.988 295200
77.0693 296640
77.1506 298080
77.2342 299520
77.3155 300960
77.3992 302400
77.4828 303840
77.5665 305280
77.6525 306720
77.7362 308160
77.8223 309600
77.9083 311040
77.9944 312480
78.0804 313920
78.1665 315360
78.2549 316800
78.341 318240
78.4294 319680
78.4964 321120
78.5633 322560
78.6302 324000
78.6972 325440
78.7641 326880
78.8334 328320
78.9003 329760
78.9697 331200
79.0366 332640
79.1059 334080
79.1752 335520
79.2446 336960
79.3163 338400
79.3856 339840
79.4573 341280
79.5266 342720
79.5983 344160
79.67 345600
79.7418 347040
79.8135 348480
79.8852 349920
79.9593 351360
80.031 352800
80.1051 354240
80.1768 355680
80.2509 357120
80.325 358560
80.3991 360000
80.4756 361440
80.5497 362880
80.6262 364320
80.7003 365760
80.7768 367200
80.8533 368640
80.9298 370080
81.0063 371520
81.0828 372960
81.1617 374400
81.2381 375840
81.317 377280
81.3935 378720
81.4724 380160
81.5513 381600
81.6302 383040
81.7114 384480
81.7903 385920
81.8716 387360
81.9505 388800
82.0318 390240
82.113 391680
82.1943 393120
82.2756 394560
82.3569 396000
82.4405 397440
82.5218 398880
82.6055 400320
82.6867 401760
82.7704 403200
82.8541 404640
82.9377 406080
83.0238 407520
83.1074 408960
83.1935 410400
83.2772 411840
83.3632 413280
83.4493 414720
83.5353 416160
83.6214 417600
83.7074 419040
83.7959 420480
83.8819 421920
83.9704 423360
84.0564 424800
84.1449 426240
84.2333 427680
84.3218 429120
84.4126 430560
84.5022 264960
85.0858 270720
85.1252 272160
85.1993 273600
85.2758 275040
85.3523 276480
85.4288 277920
85.5053 279360
85.5842 280800
85.6607 282240
85.7396 283680
85.8185 285120
85.8973 286560
85.9762 288000
86.0551 289440
86.1364 290880
86.2153 292320
86.2965 293760
86.3778 295200
86.4591 296640
86.5427 298080
86.624 299520
86.7077 300960
86.7913 302400
86.875 303840
86.9587 305280
87.0423 306720
87.1284 308160
87.2121 309600
87.2981 311040
87.3842 312480
87.4702 313920
87.5587 315360
87.6447 316800
87.7332 318240
87.8216 319680
87.8885 321120
87.9531 322560
88.02 324000
88.0893 325440
88.1563 326880
88.2232 328320
88.2925 329760
88.3594 331200
88.4288 332640
88.4981 334080
88.5674 335520
88.6367 336960
88.7061 338400
88.7778 339840
88.8471 341280
88.9188 342720
88.9905 344160
89.0598 345600
89.1315 347040
89.2056 348480
89.2774 349920
89.3491 351360
89.4232 352800
89.4949 354240
89.569 355680
89.6431 357120
89.7172 358560
89.7913 360000
89.8654 361440
89.9419 362880
90.016 364320
90.0925 365760
90.169 367200
90.2431 368640
90.3196 370080
90.3985 371520
90.4749 372960
90.5514 374400
90.6303 375840
90.7068 377280
90.7857 378720
90.8646 380160
90.9435 381600
91.0223 383040
91.1012 384480
91.1825 385920
91.2614 387360
91.3427 388800
91.4239 390240
91.5028 391680
91.5841 393120
91.6678 394560
91.749 396000
91.8303 397440
91.914 398880
91.9952 400320
92.0789 401760
92.1626 403200
92.2462 404640
92.3299 406080
92.4136 407520
92.4996 408960
92.5833 410400
92.6693 411840
92.7554 413280
92.839 414720
92.9251 416160
93.0135 417600
93.0996 419040
93.1857 420480
93.2741 421920
93.3602 423360
93.4486 424800
93.537 426240
93.6255 427680
93.7139 429120
93.8024 430560
93.8944 264960
94.478 270720
94.5138 272160
94.5915 273600
94.668 275040
94.7445 276480
94.821 277920
94.8975 279360
94.974 280800
95.0529 282240
95.1294 283680
95.2082 285120
95.2871 286560
95.366 288000
95.4473 289440
95.5262 290880
95.6074 292320
95.6887 293760
95.77 295200
95.8513 296640
95.9325 298080
96.0162 299520
96.0975 300960
96.1811 302400
96.2648 303840
96.3485 305280
96.4345 306720
96.5182 308160
96.6042 309600
96.6903 311040
96.7763 312480
96.8624 313920
96.9484 315360
97.0369 316800
97.1229 318240
97.2114 319680
97.2783 321120
97.3453 322560
97.4122 324000
97.4791 325440
97.546 326880
97.6154 328320
97.6823 329760
97.7516 331200
97.8186 332640
97.8879 334080
97.9572 335520
98.0265 336960
98.0982 338400
98.1676 339840
98.2393 341280
98.3086 342720
98.3803 344160
98.452 345600
98.5237 347040
98.5954 348480
98.6671 349920
98.7412 351360
98.813 352800
98.8871 354240
98.9588 355680
99.0329 357120
99.107 358560
99.1811 360000
99.2576 361440
99.3317 362880
99.4082 364320
99.4823 365760
99.5588 367200
99.6353 368640
99.7117 370080
99.7882 371520
99.8647 372960
99.9436 374400
100.02 375840
100.099 377280
