0.0 0
0.0301987 0.03
0.0628553 0.03025
0.0967027 0.0307187
0.13055 0.0311289
0.163453 0.0356128
0.165843 0.0355362
0.197898 0.0353442
0.200288 0.0355511
0.202679 0.0357323
0.232343 0.0356407
0.234733 0.0358106
0.237124 0.0359593
0.239514 0.0360894
0.265614 0.0394532
0.268005 0.0390216
0.270395 0.0386439
0.272786 0.0381884
0.299462 0.0409148
0.301852 0.0403005
0.304243 0.0397629
0.306633 0.0392926
0.333907 0.042006
0.336918 0.0413802
0.339308 0.0409577
0.341699 0.040463
0.368949 0.0431551
0.372557 0.0426357
0.375545 0.0421813
0.377935 0.0416586
0.405187 0.0444513
0.40937 0.0440199
0.412358 0.0435174
0.415346 0.0430777
0.442024 0.045818
0.448598 0.0454657
0.451586 0.0450325
0.454574 0.0446535
0.48071 0.0471968
0.489077 0.0471722
0.492065 0.0467757
0.495053 0.0464287
0.52792 0.0497501
0.538677 0.0507813
0.54286 0.0510587
0.545848 0.0513013
0.590094 0.0567637
0.602046 0.0590432
0.60862 0.0604128
0.611608 0.0614862
0.674377 0.0699254
0.689938 0.0735598
0.697109 0.0762398
0.701292 0.0783348
0.79153 0.091043
0.81426 0.0971626
0.823224 0.100767
0.826833 0.103796
0.958902 0.111697
1.00014 0.120985
1.00554 0.128612
1.19856 0.159035
1.25772 0.171281
1.26489 0.182246
1.63481 0.213965
1.64317 0.235469
1.84437 0.278536
2.19356 0.313594
2.20193 0.344145
2.70192 0.408251
3.02482 0.461095
3.03379 0.507458
3.98676 0.604651
4.25289 0.68257
4.26245 0.750873
5.41502 0.835639
5.469 0.883309
5.47617 0.925896
5.67737 0.987034
6.67137 1.02065
6.67974 1.04432
6.88093 1.08928
7.15483 1.0135
7.15842 0.946685
7.23551 0.838474
7.23849 0.743665
7.30244 0.659082
7.30662 0.585197
7.38491 0.522297
7.39327 0.467885
7.54148 0.438774
7.55701 0.405553
7.64546 0.386358
7.65323 0.352064
7.78888 0.336931
7.80442 0.314689
7.98071 0.316228
7.99984 0.303075
8.20103 0.314815
8.30521 0.316088
8.33031 0.320327
8.50959 0.344036
8.62313 0.340782
8.68767 0.342809
8.9046 0.349333
8.95898 0.347541
9.16018 0.363224
9.28408 0.365321
9.32949 0.366031
9.78905 0.398902
9.82968 0.417164
10.0309 0.452644
10.4327 0.476438
10.4691 0.496883
10.9111 0.544898
11.1928 0.571786
11.2257 0.594812
11.4269 0.640086
11.8619 0.678825
11.932 0.686472
11.9559 0.691913
12.3358 0.719049
12.6444 0.718168
12.6635 0.716897
13.3645 0.717285
13.3806 0.717249
14.1133 0.721218
14.1282 0.724566
14.8884 0.73087
14.9021 0.736261
15.1033 0.766104
15.7639 0.779716
15.7794 0.791876
16.1915 0.828892
16.7122 0.843905
16.729 0.857042
17.3652 0.896662
17.8166 0.922579
17.8339 0.945382
18.5301 0.972834
19.0453 1.00485
19.062 1.03275
19.7588 1.05715
20.2357 1.07376
20.2626 1.08967
22.9165 0.980082
23.0958 0.879947
23.2769 0.792578
23.4657 0.739756
23.6669 0.696037
23.6725 0.634907
23.9169 0.586794
23.9229 0.544694
24.1583 0.506858
24.1637 0.473625
24.4201 0.447172
24.4254 0.424026
24.6266 0.428897
24.7021 0.410535
24.7081 0.394593
25.0057 0.392644
25.0117 0.382189
25.2129 0.397415
25.3344 0.388863
25.3404 0.38138
25.6714 0.391083
25.6738 0.384572
25.6804 0.379001
26.0288 0.376251
26.0312 0.373969
26.0384 0.371973
26.4011 0.372102
26.4035 0.372089
26.4107 0.372078
26.7818 0.373068
26.7842 0.37406
26.7901 0.374802
27.1995 0.380202
27.2025 0.384927
27.2073 0.389686
27.4085 0.418225
27.6196 0.418447
27.6232 0.418766
27.628 0.41892
28.063 0.422055
28.0684 0.424923
28.2744 0.452683
28.672 0.472223
28.6803 0.489695
29.0985 0.531483
29.1112 0.519923
29.1226 0.510182
29.6885 0.520159
29.701 0.52889
29.9022 0.560278
30.4857 0.589869
30.5 0.61601
30.9385 0.668509
31.3456 0.692445
31.3713 0.716639
31.5725 0.76106
32.0638 0.806552
32.4177 0.839733
32.4506 0.869641
33.3474 0.921436
33.644 0.959632
33.8775 1.01805
34.7727 1.06892
34.8685 1.08831
35.1964 1.11714
37.6091 1.03675
37.9615 0.982156
37.973 0.904887
38.4493 0.852776
38.582 0.822179
38.5844 0.736281
38.7188 0.661371
38.7272 0.596575
38.9471 0.550628
38.9561 0.510425
39.1264 0.496496
39.1312 0.457434
39.2829 0.441005
39.2913 0.406504
39.4742 0.398566
39.4855 0.374121
39.6867 0.376731
39.8429 0.375639
39.859 0.375434
40.0837 0.37813
40.1023 0.363364
40.1046 0.348568
40.4076 0.345497
40.4273 0.342935
40.4304 0.340818
40.7979 0.346966
40.8152 0.352095
40.8182 0.356583
41.2359 0.36676
41.2514 0.375415
41.255 0.383113
41.7445 0.398849
41.7582 0.412368
41.7618 0.424072
41.963 0.459438
42.2966 0.471008
42.311 0.481132
42.3152 0.490241
42.7088 0.522211
42.8823 0.530184
42.8859 0.535786
43.0871 0.565313
43.4775 0.569024
43.4799 0.572146
44.093 0.577628
44.096 0.582549
44.7348 0.589856
44.7372 0.596249
45.391 0.603843
45.3934 0.610362
45.5946 0.641192
46.0866 0.647918
46.089 0.653928
46.4976 0.685062
46.8103 0.689929
46.8127 0.694063
48.7172 0.69218
48.9184 0.715283
49.42 0.713747
49.8358 0.739154
50.1168 0.73376
50.5495 0.73129
50.8441 0.730879
51.2989 0.733144
51.6066 0.736751
52.0775 0.742032
52.2787 0.771778
52.3931 0.773681
52.8766 0.776846
53.1951 0.794365
53.3962 0.820444
53.6845 0.818889
54.0054 0.817778
54.408 0.84193
54.4972 0.838314
54.8182 0.83515
55.3117 0.843756
55.3141 0.840412
55.6362 0.83761
56.1376 0.836159
56.14 0.834889
56.4657 0.834153
56.9779 0.834884
56.9802 0.835523
57.3167 0.837458
57.8503 0.841901
57.8527 0.845663
58.2077 0.85133
58.7718 0.860039
58.7742 0.867784
58.9754 0.899686
59.1573 0.905975
59.7627 0.916603
59.7651 0.925903
60.1828 0.96104
60.8377 0.975285
60.8413 0.987874
61.5021 1.02939
62.0174 1.04822
62.0216 1.06469
62.9291 1.10998
63.2461 1.12486
63.2491 1.13775
64.1411 1.14703
64.2913 1.13428
64.2943 1.12312
65.4608 1.1476
65.4632 1.15065
65.6644 1.17807
66.6482 1.17931
66.6506 1.18065
66.7916 1.19907
67.3665 1.13893
67.3695 1.08644
67.7046 1.06476
68.3251 1.05154
68.3281 1.03997
68.7456 1.0401
69.0816 1.00459
69.0858 0.973641
69.7221 0.97406
69.8782 0.951928
69.883 0.932687
70.7053 0.938976
70.7101 0.925604
70.9113 0.938404
71.5569 0.927478
71.5611 0.918543
71.7623 0.935225
71.9648 0.949947
72.4228 0.939454
72.4264 0.930147
73.0339 0.947504
73.2977 0.938441
73.5001 0.955386
74.1156 0.971212
74.1809 0.960186
74.5841 0.975663
75.0815 0.974455
75.2827 0.990398
75.7034 1.00647
76.0126 0.997039
76.4164 1.01416
76.8711 1.03339
76.9891 1.02634
77.1902 1.0453
77.6187 1.06489
78.0331 1.07703
78.2343 1.09802
78.4434 1.11739
79.1637 1.11897
79.5789 1.1471
79.8089 1.17434
80.3912 1.18104
81.0059 1.21179
81.236 1.23869
81.541 1.22748
82.2202 1.22592
82.4927 1.2298
82.622 1.21133
83.5242 1.22291
83.6403 1.21355
83.6427 1.18935
84.517 1.16481
84.5212 1.12933
84.7224 1.12317
85.4564 1.10015
85.4642 1.0805
85.8943 1.09194
86.4616 1.08107
86.4718 1.07181
87.1337 1.09271
87.517 1.088
87.5295 1.0855
87.7307 1.10719
88.409 1.12816
88.598 1.12239
88.6106 1.11722
89.6904 1.13782
89.7054 1.13396
90.7966 1.13047
90.8139 1.12766
91.9278 1.12808
91.9464 1.12869
93.0997 1.13411
93.1194 1.13897
93.3206 1.16835
94.3284 1.17593
97.6809 1.18144
98.5367 1.14076
99.194 1.08041
99.9112 1.03499
