0.0 0
0.0301987 0.03
0.0628553 0.03025
0.1068 0.0319687
0.147266 0.0328477
0.158564 0.0334917
0.1885 0.0339302
0.19445 0.033939
0.197898 0.0339466
0.200288 0.0340783
0.222535 0.0340685
0.225091 0.0340599
0.228535 0.0340524
0.232343 0.0341709
0.234733 0.0342745
0.237124 0.0344902
0.239514 0.0346789
0.241905 0.0349691
0.256405 0.0348479
0.258796 0.0348669
0.261186 0.0350086
0.263576 0.0352575
0.265967 0.0354753
0.268357 0.0357909
0.270748 0.036067
0.273138 0.0365587
0.275528 0.0369888
0.277919 0.0374902
0.280309 0.0381789
0.2827 0.0387816
0.28509 0.0395589
0.28748 0.040364
0.289871 0.0411935
0.292261 0.0421693
0.294652 0.0431482
0.297042 0.0427546
0.299432 0.0425353
0.301823 0.0424684
0.304213 0.0426598
0.306604 0.0429524
0.308994 0.0433333
0.311384 0.0437917
0.313775 0.0443177
0.316165 0.045028
0.318556 0.0457745
0.320946 0.0465527
0.323336 0.0474836
0.325727 0.0482981
0.328117 0.0492609
0.330508 0.0502283
0.332898 0.0511997
0.335288 0.0521748
0.337679 0.0532779
0.340069 0.0544932
0.34246 0.0556815
0.34485 0.0567213
0.34724 0.0578812
0.349631 0.059021
0.352021 0.0602684
0.354412 0.0613598
0.356802 0.0624399
0.359192 0.0636349
0.361583 0.0648055
0.363973 0.0658298
0.366364 0.0669761
0.368754 0.0681041
0.371144 0.0690911
0.373535 0.0700797
0.375925 0.0710697
0.378316 0.072186
0.380706 0.0732878
0.383096 0.0745018
0.385487 0.0755641
0.387877 0.0766186
0.390268 0.0777912
0.392658 0.0789423
0.395048 0.0800745
0.397439 0.0813152
0.399829 0.0824008
0.40222 0.0836007
0.40461 0.0845256
0.407 0.0855849
0.409391 0.0862618
0.411781 0.0869791
0.414172 0.0874817
0.416562 0.0880465
0.418952 0.0882907
0.421343 0.0887543
0.423733 0.089035
0.426124 0.0895307
0.428514 0.0894643
0.430904 0.0887813
0.433295 0.0876836
0.435685 0.0862232
0.438076 0.0844453
0.440466 0.0822646
0.442856 0.0798565
0.445247 0.0772495
0.447637 0.0743433
0.450027 0.0714254
0.452418 0.0682472
0.454808 0.0649663
0.460741 0.0619705
0.463131 0.0588492
0.468781 0.0559931
0.477258 0.0537439
0.485624 0.0519009
0.496381 0.0509133
0.502954 0.0499241
0.510126 0.0493086
0.520285 0.0491451
0.528651 0.0491269
0.537018 0.0494861
0.547177 0.0501753
0.553774 0.0507784
0.556762 0.0513061
0.55975 0.0518928
0.56453 0.0526562
0.567518 0.0534492
0.570506 0.054268
0.574092 0.0551095
0.578275 0.0560958
0.583056 0.0572089
0.587837 0.0584328
0.591444 0.0597537
0.596203 0.0611595
0.600984 0.0626395
0.605167 0.0641846
0.608753 0.0656615
0.612936 0.0670788
0.617717 0.068694
0.622497 0.0704822
0.626105 0.0721719
0.630864 0.0739004
0.635645 0.0756629
0.638035 0.07733
0.642816 0.0791638
0.645228 0.0808933
0.648216 0.0825316
0.651204 0.0840902
0.653594 0.0854539
0.655985 0.0866472
0.660168 0.0881913
0.663156 0.0896674
0.665546 0.0909589
0.668534 0.0922141
0.673315 0.0936873
0.676901 0.0946014
0.686462 0.0964012
0.691841 0.0976011
0.699609 0.0992759
0.706183 0.100991
0.71278 0.102868
0.718756 0.104509
0.725927 0.106445
0.728915 0.10789
0.737281 0.110029
0.74266 0.11165
0.752221 0.114069
0.757002 0.11606
0.765368 0.118428
0.768954 0.119999
0.77732 0.122249
0.780906 0.123968
0.783894 0.125472
0.786882 0.126913
0.78987 0.128299
0.793456 0.129512
0.801224 0.131323
0.80481 0.132782
0.807798 0.13406
0.810786 0.135177
0.815567 0.13653
0.819152 0.137589
0.833495 0.13989
0.838275 0.141279
0.853215 0.143994
0.856227 0.145495
0.871188 0.148308
0.874176 0.149769
0.889116 0.152673
0.892104 0.154214
0.904654 0.156812
0.910032 0.158711
0.926765 0.161997
0.931546 0.163997
0.945291 0.167123
0.948876 0.168982
0.962621 0.171985
0.967402 0.173986
0.971585 0.175988
0.974573 0.177615
0.977561 0.179038
0.981146 0.180533
0.992501 0.182966
0.997282 0.184471
1.00206 0.186162
1.00505 0.187392
1.00983 0.188843
1.01282 0.189737
1.03553 0.193145
1.04031 0.194627
1.06184 0.198174
1.06483 0.199527
1.08694 0.203211
1.09053 0.20506
1.11085 0.208927
1.11384 0.210686
1.13296 0.214226
1.13654 0.216197
1.16403 0.221173
1.16881 0.223526
1.18973 0.227835
1.19332 0.230231
1.21363 0.234452
1.21841 0.236896
1.2232 0.239409
1.22678 0.241108
1.23096 0.242844
1.23395 0.244364
1.24949 0.247318
1.25427 0.248903
1.26084 0.25079
1.26443 0.252067
1.26921 0.253558
1.2722 0.254489
1.30507 0.259052
1.30985 0.260671
1.34272 0.266087
1.3463 0.268201
1.37917 0.273801
1.38216 0.276326
1.41024 0.28166
1.41323 0.284078
1.44192 0.289443
1.4461 0.292263
1.48494 0.299105
1.49092 0.302342
1.52259 0.308924
1.52737 0.312308
1.55666 0.318645
1.56144 0.322064
1.56801 0.325681
1.571 0.328096
1.57578 0.330584
1.57877 0.332511
1.59968 0.336572
1.60446 0.338626
1.61462 0.341422
1.61761 0.34312
1.62239 0.344855
1.62538 0.345998
1.67319 0.352748
1.67677 0.35478
1.72757 0.362557
1.73056 0.365488
1.77657 0.373552
1.78016 0.376733
1.8184 0.384016
1.82139 0.387264
1.86502 0.395231
1.8704 0.399202
1.92657 0.409427
1.93135 0.413874
1.98095 0.423514
1.98513 0.428325
2.02816 0.437659
2.03294 0.442202
2.04131 0.446927
2.0443 0.450436
2.05027 0.453881
2.05386 0.456646
2.08135 0.46219
2.08434 0.464917
2.10167 0.469052
2.10465 0.471421
2.10943 0.473868
2.11242 0.475759
2.18174 0.485665
2.18473 0.488706
2.25943 0.500368
2.26242 0.504447
2.32756 0.515891
2.33055 0.52053
2.38553 0.531214
2.38851 0.535812
2.45425 0.547835
2.45903 0.553481
2.54508 0.568796
2.54807 0.575196
2.62397 0.589922
2.62875 0.596932
2.6897 0.61044
2.69269 0.61701
2.70584 0.624134
2.70883 0.629367
2.71719 0.634571
2.72018 0.63875
2.75903 0.646906
2.76201 0.650918
2.78472 0.656928
2.78831 0.660437
2.79428 0.664007
2.79727 0.666757
2.87257 0.678287
2.87496 0.679876
2.94906 0.690392
6.22928 0.636968
6.23167 0.590097
6.23406 0.549085
6.23825 0.513324
6.24303 0.482284
6.24542 0.454998
6.24781 0.430873
6.2508 0.409764
6.25319 0.391294
6.25617 0.375132
6.25856 0.360865
6.26096 0.348257
6.26335 0.337225
6.26574 0.327447
6.26992 0.318891
6.28366 0.31278
6.28725 0.307557
6.28964 0.302863
6.29203 0.298755
6.29442 0.295035
6.29681 0.291656
6.2992 0.288574
6.30159 0.285752
6.30458 0.283283
6.30757 0.281123
6.31056 0.279232
6.31414 0.277703
6.31653 0.27624
6.31892 0.274835
6.48864 0.268856
6.50119 0.264374
6.51195 0.261202
6.51553 0.257302
6.51792 0.253639
6.52151 0.250434
6.52569 0.24763
6.53047 0.245301
6.53525 0.243514
6.53884 0.241824
6.54242 0.240346
6.54541 0.238928
6.55079 0.237812
6.55557 0.237086
6.56035 0.236575
6.56573 0.236253
6.71453 0.254221
6.71752 0.250694
6.7235 0.247982
6.72708 0.244984
6.73963 0.243486
6.74322 0.2413
6.74561 0.239138
6.75039 0.237496
6.75577 0.236184
6.75935 0.234911
6.76413 0.234047
6.76772 0.233041
6.7713 0.232161
6.77609 0.231641
6.78206 0.231436
6.78684 0.231006
6.79342 0.231005
6.797 0.230755
6.92967 0.24666
6.93206 0.242453
6.93684 0.238771
6.94102 0.235425
6.95656 0.233997
6.95895 0.231247
6.96373 0.229091
6.96732 0.227205
6.9727 0.225804
6.97748 0.224579
6.98106 0.223506
6.98525 0.222443
6.99003 0.221763
6.99481 0.221042
7.00317 0.221037
7.00676 0.220532
7.01154 0.220216
7.01513 0.219689
7.1448 0.234978
7.14839 0.232356
7.15556 0.230561
7.16094 0.228866
7.17827 0.229133
7.18186 0.227991
7.18664 0.227242
7.19082 0.226462
7.19799 0.226154
7.20158 0.22551
7.20636 0.225196
7.20994 0.224797
7.21592 0.224697
7.2195 0.22436
7.22907 0.22494
7.23146 0.224572
7.23624 0.224501
7.24102 0.224438
7.37906 0.241134
7.38265 0.239992
7.39639 0.240368
7.40177 0.240072
7.42388 0.242063
7.42747 0.24218
7.43225 0.242408
7.43583 0.242482
7.4436 0.243046
7.44838 0.243291
7.45317 0.243629
7.45556 0.243551
7.46273 0.243982
7.46631 0.244109
7.47528 0.244845
7.47829 0.244865
7.48484 0.245132
7.48902 0.24524
7.64738 0.264585
7.65456 0.265012
7.67428 0.267261
7.67966 0.268228
7.70714 0.272074
7.71133 0.27319
7.71551 0.274291
7.72029 0.275255
7.72746 0.276473
7.73284 0.277164
7.73585 0.277643
7.74001 0.278313
7.74718 0.279274
7.75137 0.27974
7.75914 0.280647
7.76392 0.280941
7.76989 0.281449
7.77348 0.281518
7.97427 0.306203
7.97845 0.308178
8.00833 0.313155
8.01371 0.315386
8.05076 0.321463
8.05555 0.32403
8.06033 0.326526
8.06511 0.32846
8.07228 0.330653
8.07706 0.332071
8.08005 0.333312
8.08542 0.334523
8.0914 0.335958
8.09558 0.336713
8.10515 0.338249
8.10873 0.338718
8.11471 0.339378
8.11949 0.339831
8.32248 0.365227
8.35136 0.366074
8.35972 0.367439
8.39618 0.369259
8.40096 0.370852
8.44458 0.373121
8.44817 0.37523
8.45534 0.377077
8.45833 0.378692
8.46669 0.379981
8.47088 0.381233
8.47566 0.382204
8.48163 0.383178
8.48522 0.384031
8.49 0.384652
8.49896 0.385196
8.50374 0.385671
8.50972 0.386087
8.5157 0.386701
8.7637 0.389739
8.81031 0.397771
8.81452 0.40005
8.8629 0.407544
8.86768 0.409226
8.87545 0.411198
8.87784 0.412298
8.88621 0.413886
8.88979 0.41465
8.89457 0.415444
8.89935 0.416138
8.90414 0.416996
8.90892 0.417496
8.91728 0.418559
8.92206 0.418864
8.92864 0.419506
8.93461 0.419943
9.13641 0.445075
9.20294 0.444191
9.20652 0.443417
9.25552 0.443115
9.2615 0.442975
9.3105 0.442854
9.31469 0.442872
9.32186 0.442888
9.32664 0.443027
9.33261 0.443024
9.3368 0.443021
9.34337 0.443143
9.34696 0.443125
9.35293 0.443109
9.35652 0.443221
9.36668 0.443318
9.37026 0.443403
9.37863 0.443478
9.38221 0.443543
9.6601 0.4451
9.71328 0.452713
9.71687 0.453374
9.76767 0.459952
9.77245 0.459958
9.78081 0.460338
9.78619 0.460546
9.79336 0.461103
9.79635 0.46109
9.80292 0.461329
9.80771 0.461288
9.81249 0.461502
9.81547 0.461439
9.82563 0.462134
9.83041 0.461992
9.83878 0.462493
9.84356 0.462432
10.0448 0.487003
10.1298 0.484752
10.1334 0.482908
10.1866 0.48117
10.1902 0.479774
10.2422 0.478552
10.2457 0.477483
10.5049 0.500047
10.6611 0.496667
10.7119 0.492583
10.7214 0.48901
10.7316 0.485884
10.7412 0.483149
10.9826 0.482005
11.1392 0.481504
11.1511 0.481316
11.1917 0.480902
11.2019 0.480539
11.2115 0.480222
11.2234 0.480194
11.2348 0.480295
11.2467 0.480633
11.2587 0.481179
11.2694 0.481656
11.4726 0.482574
11.4822 0.483753
11.6346 0.485158
11.6489 0.486514
11.6638 0.487949
11.6764 0.489331
11.6931 0.490414
11.7057 0.491363
11.7212 0.492567
11.7332 0.493496
11.7445 0.494309
11.7541 0.494896
11.7648 0.495409
11.7774 0.496233
11.7893 0.497204
11.8019 0.498303
11.8121 0.49939
11.8252 0.500716
11.836 0.501877
11.8467 0.503017
11.8575 0.50414
11.8688 0.505248
11.9836 0.519217
11.9931 0.518815
12.0051 0.518713
12.017 0.518874
12.1533 0.534764
12.164 0.533419
12.1754 0.532367
12.1867 0.531571
12.1969 0.530874
12.2065 0.530265
12.2166 0.529607
12.228 0.529156
12.2399 0.529012
12.2513 0.529135
12.262 0.529368
12.2722 0.529572
12.283 0.529751
12.2919 0.529782
12.3051 0.530309
12.3158 0.53077
12.3278 0.531424
12.3397 0.532246
12.3505 0.532965
12.3612 0.53372
12.372 0.534505
12.381 0.534942
12.3911 0.535449
12.4019 0.535893
12.4114 0.536281
12.4222 0.536746
12.433 0.537153
12.4449 0.537759
12.4557 0.538414
12.467 0.539112
12.4796 0.539973
12.4921 0.541101
12.5029 0.542089
12.5136 0.543078
12.5244 0.544068
12.5363 0.545184
12.5477 0.546286
12.5561 0.547126
12.5668 0.54786
12.5776 0.548627
12.5907 0.549674
12.6009 0.550465
12.6128 0.551407
12.6236 0.552356
12.6367 0.553561
12.7126 0.562866
12.7246 0.562883
12.7359 0.563023
12.7467 0.56327
12.761 0.564111
12.7706 0.564347
12.782 0.564679
12.7939 0.565094
12.8047 0.565582
12.816 0.566259
12.8298 0.567227
12.8393 0.567699
12.8507 0.568111
12.8602 0.568472
12.8752 0.569413
12.8877 0.570112
12.8991 0.570973
12.9104 0.571851
12.9242 0.572995
12.9349 0.57362
12.9487 0.574668
12.9594 0.575209
12.9696 0.575683
12.9786 0.575973
12.9893 0.576351
12.9989 0.576557
13.0096 0.576863
13.0192 0.57713
13.03 0.577364
13.0413 0.577818
13.0551 0.578591
13.0652 0.578892
13.0796 0.579655
13.0915 0.580074
13.1053 0.580939
13.1148 0.581072
13.128 0.581563
13.1387 0.581743
13.1459 0.58165
13.1531 0.581569
13.1698 0.582622
13.1788 0.58267
13.1943 0.583711
13.2027 0.583747
13.217 0.584654
13.2254 0.584447
13.3049 0.593266
13.3126 0.591983
13.3288 0.59186
13.3401 0.591377
13.3551 0.59183
13.3694 0.591727
13.3819 0.591511
13.3975 0.591697
13.4118 0.59211
13.425 0.592471
13.4375 0.592787
13.4501 0.593064
13.4662 0.593681
13.4805 0.594471
13.4925 0.595037
13.508 0.595907
13.5218 0.596669
13.5349 0.59746
13.5469 0.598028
13.5588 0.598399
13.572 0.598724
13.5845 0.599009
13.5947 0.599133
13.6043 0.599241
13.6156 0.599461
13.6252 0.599653
13.6377 0.600072
13.6479 0.600438
13.6574 0.600758
13.6694 0.601163
13.6801 0.601643
13.6915 0.602187
13.7005 0.602539
13.7112 0.602972
13.7232 0.6036
13.7345 0.604275
13.7441 0.604866
13.7537 0.605258
13.7632 0.6056
13.7752 0.60615
13.7853 0.606507
13.7973 0.607068
13.8092 0.60781
13.82 0.608083
13.8337 0.608823
13.8445 0.609095
13.9228 0.617833
13.9341 0.617354
13.9556 0.61831
13.9658 0.618271
13.9843 0.619362
13.9951 0.619567
14.0184 0.621371
14.0297 0.6217
14.0465 0.622862
14.0584 0.623254
14.0746 0.624348
14.0865 0.625054
14.1104 0.627422
14.1218 0.62837
14.1397 0.630198
14.1528 0.631299
14.1696 0.633011
14.1791 0.633635
14.1923 0.634556
14.2042 0.635236
14.2186 0.636332
14.2293 0.63654
14.2401 0.636723
14.2503 0.636882
14.261 0.637147
14.2724 0.637504
14.3148 0.641816
14.3375 0.642839
14.3495 0.642484
14.362 0.642423
14.374 0.64237
14.3847 0.642324
14.3955 0.642284
14.4074 0.642373
14.4194 0.642577
14.4301 0.642754
14.4421 0.643035
14.4528 0.643156
14.4642 0.643386
14.475 0.643463
14.4875 0.643655
14.5652 0.652198
14.5777 0.651673
14.6046 0.653214
14.6166 0.653312
14.6375 0.654648
14.65 0.655067
14.6763 0.657309
14.6883 0.657895
14.708 0.659533
14.7188 0.659967
14.7385 0.661471
14.7498 0.662287
14.7785 0.665251
14.7923 0.66622
14.8156 0.668567
14.8281 0.669996
14.8473 0.672247
14.858 0.673216
14.8688 0.673939
14.8801 0.674697
14.8951 0.67586
14.9058 0.676252
14.9166 0.676596
14.9291 0.677146
14.9393 0.677503
14.9524 0.678065
14.9979 0.682807
15.0068 0.682956
15.0349 0.685587
15.0439 0.685763
15.0576 0.686668
15.0672 0.686959
15.0803 0.687714
15.0899 0.68775
15.1054 0.688781
15.1144 0.688934
15.1293 0.689942
15.1389 0.690199
15.1508 0.690799
15.1598 0.690699
15.1759 0.691612
15.1843 0.691785
15.2698 0.701437
15.2907 0.701633
19.7196 0.677679
19.7327 0.656719
19.747 0.638629
19.7608 0.6228
19.7739 0.60895
19.7883 0.597081
19.8026 0.586821
19.8176 0.578094
19.8319 0.570707
19.8462 0.564494
19.8594 0.559057
19.8731 0.554425
19.8875 0.550497
19.9018 0.547185
19.9162 0.544537
19.9305 0.542344
19.9443 0.540551
19.9598 0.539232
19.9729 0.538203
19.9861 0.537428
19.998 0.536624
20.0124 0.536046
20.0249 0.535416
20.0381 0.534989
20.0512 0.534615
20.0632 0.534163
20.0769 0.533768
20.0895 0.533422
20.1044 0.533494
20.1176 0.533557
20.1313 0.533738
20.1427 0.533645
20.157 0.53369
20.1678 0.533479
20.1809 0.533294
20.1952 0.533382
20.209 0.533459
20.2221 0.533652
20.2347 0.533695
20.2484 0.533983
20.2616 0.534236
20.2735 0.534331
20.2879 0.53454
20.3004 0.534722
20.3142 0.535007
20.3261 0.535131
20.3417 0.53549
20.3554 0.535928
20.3674 0.536187
20.3805 0.536539
20.393 0.536847
20.4068 0.537116
20.4193 0.537351
20.4325 0.537557
20.4456 0.537738
20.4582 0.537896
20.4719 0.538034
20.4851 0.538279
20.497 0.538369
20.5114 0.538698
20.5233 0.538861
20.5353 0.538878
20.5484 0.538894
20.5616 0.538907
20.5747 0.538919
20.5879 0.538929
20.601 0.539063
20.6142 0.53918
20.6261 0.539157
20.6405 0.539388
20.6536 0.539589
20.6679 0.539891
20.6811 0.540279
20.6942 0.540619
20.7062 0.540792
20.7199 0.540943
20.7319 0.54095
20.7456 0.541081
20.7582 0.541196
20.7713 0.541297
20.7845 0.54151
20.7976 0.541696
20.8102 0.541859
20.8239 0.542002
20.8371 0.542251
20.849 0.542345
21.014 0.561302
21.3337 0.574639
21.3462 0.565559
21.36 0.557614
21.3749 0.550912
21.3892 0.545298
21.4036 0.540636
21.4173 0.536682
21.4323 0.533471
21.4454 0.530662
21.461 0.528455
21.4753 0.526773
21.4896 0.525426
21.5052 0.524623
21.5183 0.52392
21.5315 0.523305
21.547 0.523142
21.5602 0.523124
21.5733 0.523109
21.5876 0.52322
21.602 0.523443
21.6163 0.523887
21.6295 0.524276
21.645 0.524992
21.6588 0.525618
21.6749 0.526541
21.6904 0.527723
21.7048 0.529008
21.7191 0.530382
21.7335 0.531709
21.7478 0.532995
21.761 0.534121
21.7741 0.535231
21.7884 0.536327
21.8016 0.537286
21.8171 0.5385
21.8291 0.539438
21.8434 0.540508
21.8596 0.54182
21.8727 0.542967
21.887 0.544221
21.8996 0.545194
21.9163 0.546544
21.9295 0.547726
21.9426 0.548761
21.9558 0.549665
21.9689 0.550457
21.9821 0.551275
21.9952 0.552116
22.009 0.552851
22.0233 0.553745
22.0353 0.554402
22.0484 0.554977
22.0621 0.555604
22.0765 0.556279
22.0896 0.556869
22.1016 0.55726
22.1147 0.557603
22.1279 0.558028
22.141 0.558524
22.1542 0.558959
22.1661 0.559214
22.1805 0.559562
22.193 0.559867
22.2062 0.560133
22.2205 0.560492
22.2348 0.56093
22.2522 0.561939
22.2641 0.562822
22.2809 0.563969
22.294 0.565098
22.3072 0.566086
22.3203 0.56695
22.3329 0.567581
22.346 0.568258
22.3591 0.568851
22.3711 0.569245
22.3842 0.569589
22.3974 0.570016
22.4117 0.570514
22.4249 0.570949
22.4386 0.571456
22.4512 0.571899
22.4643 0.572286
22.4781 0.572751
22.4924 0.573282
22.505 0.573622
22.5181 0.574044
22.5313 0.574413
22.5444 0.574862
22.557 0.575129
22.5701 0.575488
22.5868 0.576177
22.6 0.57678
22.6119 0.577182
22.6239 0.57741
22.6388 0.577858
22.6526 0.578376
22.6657 0.578829
22.6789 0.57935
22.692 0.579932
22.7052 0.58044
22.7177 0.58076
22.7309 0.58104
22.744 0.58141
22.7571 0.581734
22.7709 0.582017
22.7828 0.58214
22.7954 0.582247
22.8121 0.582967
22.8283 0.583971
22.8432 0.585099
22.8575 0.586212
22.8749 0.587685
22.888 0.588975
22.9 0.589853
22.9143 0.590871
22.9275 0.591762
22.9406 0.592542
22.9544 0.593349
22.9675 0.594056
22.9807 0.594674
22.9932 0.595089
23.0063 0.595453
23.0201 0.595897
23.0332 0.596285
23.0458 0.596499
23.0601 0.596937
23.0751 0.59757
23.0906 0.598373
23.1026 0.598827
23.1157 0.599223
23.1289 0.59957
23.1432 0.600124
23.1563 0.600609
23.1707 0.601158
23.1856 0.601888
23.2018 0.602902
23.2161 0.604039
23.2281 0.604784
23.243 0.605561
23.2561 0.606366
23.2687 0.606945
23.2824 0.607577
23.2956 0.60813
23.3087 0.608614
23.3225 0.609162
23.335 0.609517
23.35 0.609952
23.3631 0.610458
23.3751 0.610776
23.3906 0.611304
23.4032 0.611641
23.4193 0.612311
23.436 0.613272
23.4534 0.614613
23.4713 0.616286
23.4868 0.618001
23.5053 0.620125
23.5209 0.622235
23.5352 0.624205
23.5484 0.62593
23.5615 0.627314
23.5747 0.628524
23.5884 0.629584
23.6045 0.630886
23.6177 0.6319
23.6314 0.632913
23.6446 0.633674
23.6577 0.634339
23.6715 0.634922
23.684 0.635432
23.6972 0.635878
23.7115 0.636268
23.7312 0.637484
23.7456 0.638549
23.7593 0.639605
23.7725 0.640405
23.7844 0.640979
23.8006 0.641732
23.8143 0.642515
23.8304 0.643451
23.849 0.644894
23.8627 0.646158
23.8771 0.647513
23.892 0.648699
23.9051 0.649861
23.9183 0.650754
23.9338 0.651785
23.947 0.652561
23.9601 0.653366
23.9757 0.654196
23.9894 0.655046
24.0037 0.65579
24.0169 0.656442
24.03 0.657011
24.0474 0.65801
24.0587 0.658509
24.0755 0.659445
24.091 0.660389
24.1059 0.661466
24.1239 0.662908
24.1424 0.664919
24.1597 0.667054
24.1758 0.669297
24.1938 0.67176
24.2141 0.674915
24.2272 0.677551
24.2416 0.679982
24.2547 0.681984
24.2673 0.683736
24.281 0.685269
29.5683 0.670236
29.579 0.656831
29.5946 0.645227
29.6089 0.635199
29.6221 0.626424
29.634 0.618621
29.6477 0.611668
29.6633 0.60596
29.68 0.60134
29.6956 0.597547
29.7111 0.594479
29.726 0.592044
29.741 0.590039
29.7559 0.588409
29.7691 0.587108
29.7828 0.585844
29.796 0.584739
29.8067 0.583396
29.8193 0.582222
29.8324 0.581069
29.8473 0.58031
29.8629 0.579772
29.8808 0.579925
29.8993 0.580685
29.9161 0.581849
29.9346 0.583368
29.9501 0.585072
29.9633 0.586438
29.9794 0.588008
29.9944 0.589507
30.0069 0.590694
30.0218 0.591857
30.0368 0.593125
30.0505 0.594234
30.0667 0.59558
30.0822 0.597007
30.0971 0.598507
30.1115 0.599818
30.1258 0.601091
30.1432 0.602705
30.1581 0.604367
30.173 0.605946
30.188 0.607452
30.2017 0.608771
30.2149 0.609925
30.2292 0.611059
30.2418 0.611927
30.2561 0.612811
30.271 0.613834
30.2854 0.61473
30.3009 0.615764
30.3141 0.616668
30.329 0.61771
30.3428 0.618496
30.3565 0.619309
30.3702 0.62002
30.3852 0.620893
30.3995 0.621656
30.4133 0.622449
30.4276 0.623143
30.4408 0.62375
30.4521 0.624031
30.4683 0.624653
30.4844 0.625446
30.5005 0.626515
30.5167 0.627701
30.5298 0.628738
30.5453 0.629896
30.5585 0.630909
30.5728 0.631795
30.5878 0.632821
30.6021 0.633843
30.6165 0.634863
30.6308 0.635755
30.6445 0.636661
30.6583 0.637453
30.675 0.638646
30.6882 0.639566
30.7007 0.640245
30.7145 0.640839
30.7294 0.641609
30.7449 0.642408
30.7587 0.643232
30.773 0.644078
30.7874 0.644943
30.8017 0.6457
30.8149 0.646363
30.8286 0.646943
30.8435 0.6477
30.8579 0.648362
30.8716 0.649067
30.8836 0.649434
30.8991 0.650129
30.9129 0.650613
30.9266 0.651162
30.9415 0.651766
30.9565 0.652546
30.9708 0.653227
30.9858 0.654074
30.9989 0.65469
31.0139 0.655478
31.0276 0.656169
31.0396 0.656648
31.0545 0.657317
31.0688 0.657902
31.0832 0.658664
31.0969 0.659206
31.1107 0.659805
31.125 0.660455
31.14 0.661148
31.1555 0.662004
31.1722 0.663254
31.1848 0.664097
31.1985 0.66496
31.2117 0.66559
31.2266 0.666391
31.2403 0.667092
31.2553 0.667956
31.2678 0.668461
31.284 0.669279
31.4716 0.691744
31.8314 0.709276
32.2079 0.724616
32.5939 0.739164
32.6083 0.729394
32.622 0.720845
32.6375 0.713614
32.6525 0.707537
32.6674 0.702345
32.6806 0.697802
32.6961 0.694077
32.7122 0.691192
32.7278 0.688793
32.7421 0.686944
32.7577 0.685451
32.772 0.68427
32.7869 0.683361
32.8001 0.682691
32.8156 0.682229
32.8318 0.682201
32.8455 0.682176
32.8598 0.682279
32.8742 0.682494
32.8885 0.682807
32.9029 0.683081
32.9172 0.683571
32.9345 0.684375
32.9489 0.685203
32.9632 0.686053
32.9794 0.687171
32.9925 0.688025
33.0152 0.690021
37.8737 0.679769
37.8863 0.670673
37.8994 0.662589
37.9084 0.655015
37.9179 0.647763
37.9281 0.641043
37.9359 0.634287
37.946 0.628001
37.9622 0.622876
37.9771 0.618517
37.992 0.614827
38.0058 0.611474
38.0165 0.60829
38.0285 0.605253
38.041 0.602472
38.053 0.599663
38.0691 0.59758
38.0829 0.595757
38.0972 0.594288
38.1133 0.593252
38.1247 0.59197
38.1337 0.590349
38.1456 0.58868
38.16 0.58722
38.1743 0.586068
38.1898 0.585184
38.2018 0.584286
38.2126 0.583125
38.2239 0.581735
38.2424 0.581143
38.2574 0.580875
38.2729 0.580766
38.2867 0.58067
38.3016 0.580711
38.3159 0.580747
38.3315 0.581154
38.3452 0.58151
38.3608 0.581946
38.3769 0.582578
38.3912 0.583381
38.4086 0.584458
38.4187 0.584901
38.4295 0.584913
38.4522 0.586049
38.4689 0.587418
38.4839 0.588741
38.4934 0.589398
38.509 0.590098
38.5203 0.590586
38.5311 0.590638
38.5472 0.590933
38.5675 0.591941
38.5819 0.592824
38.5956 0.593721
38.6094 0.594506
38.6213 0.594942
38.6362 0.59545
38.6512 0.596143
38.6661 0.596876
38.6793 0.597391
38.6936 0.597842
38.708 0.598237
38.7205 0.598582
38.7313 0.59851
38.7462 0.598571
38.7605 0.598624
38.7749 0.598796
38.7904 0.599197
38.803 0.599297
38.8143 0.599135
38.8299 0.599118
38.8496 0.599978
38.8639 0.600731
38.8777 0.60139
38.892 0.602091
38.9058 0.602705
38.9195 0.603242
38.9333 0.603711
38.9476 0.604122
38.9619 0.604607
38.9763 0.605156
38.99 0.605637
39.0026 0.605807
39.0163 0.605956
39.0271 0.605837
39.045 0.606232
39.0593 0.606578
39.0749 0.607006
39.0922 0.607755
39.106 0.607786
39.1209 0.607563
39.14 0.607617
39.1585 0.60779
39.1729 0.607941
39.1896 0.608449
39.2016 0.608768
39.2153 0.609047
39.2285 0.609166
39.2434 0.609395
39.2566 0.609471
39.2715 0.609787
39.2858 0.610063
39.299 0.610181
39.3121 0.610283
39.3253 0.610373
39.3384 0.610326
39.3528 0.610285
39.3671 0.610375
39.3826 0.610578
39.397 0.610881
39.4095 0.61102
39.4221 0.611018
39.4388 0.611266
39.4556 0.611982
39.4729 0.612985
39.4872 0.613987
39.5016 0.614863
39.5171 0.61588
39.5309 0.61677
39.5464 0.617799
39.5607 0.618699
39.5763 0.619737
39.59 0.62077
39.6062 0.621923
39.6199 0.622808
39.633 0.623582
39.6432 0.623759
39.6599 0.624289
39.6755 0.625003
39.6916 0.625878
39.7054 0.626643
39.7209 0.627563
39.7346 0.628367
39.7478 0.628946
39.7621 0.629578
39.7783 0.630381
39.7938 0.631208
39.8099 0.632182
39.8237 0.633034
39.838 0.633905
39.8512 0.634542
39.8649 0.634974
39.8793 0.635602
39.8954 0.636402
39.9109 0.637227
39.9241 0.637949
39.939 0.638705
39.9528 0.639242
39.9653 0.639587
39.9785 0.639763
39.9952 0.640293
40.0095 0.640756
40.0239 0.641162
40.0376 0.641517
40.0508 0.641702
40.0663 0.642114
40.0812 0.6426
40.0974 0.643275
40.1135 0.644116
40.1273 0.644851
40.1422 0.64562
40.1589 0.646542
40.1739 0.647474
40.1876 0.64829
40.2026 0.649254
40.2151 0.649972
40.2324 0.650976
40.2456 0.651729
40.2617 0.652638
40.2761 0.653558
40.2886 0.654113
40.3041 0.654849
40.3191 0.655618
40.3322 0.656166
40.349 0.656895
40.3621 0.657533
40.3777 0.658216
40.3914 0.658814
40.4051 0.659338
40.4195 0.659795
40.4362 0.660571
40.4494 0.661125
40.4637 0.661609
40.4792 0.662283
40.493 0.662748
40.5079 0.663279
40.5211 0.663744
40.5342 0.664151
40.5504 0.664757
40.5647 0.665288
40.5802 0.666002
40.5952 0.666751
40.6089 0.667283
40.6227 0.667747
40.6358 0.668029
40.6496 0.668275
40.6657 0.668741
40.6806 0.669273
40.6956 0.669864
40.7099 0.670381
40.7231 0.670833
40.7362 0.671104
40.7517 0.671466
40.7661 0.671908
40.7822 0.672544
40.7984 0.673351
40.8139 0.674182
40.8282 0.675035
40.8432 0.675905
40.8563 0.676667
40.8707 0.677334
40.8856 0.678042
40.9 0.678662
40.9137 0.679204
40.928 0.679804
40.9424 0.680328
40.9567 0.680787
40.9693 0.681064
40.986 0.681681
40.9998 0.682096
41.0153 0.682709
41.0296 0.683245
41.044 0.683714
41.0583 0.68425
41.0733 0.684844
41.0882 0.685488
41.1019 0.685927
41.1169 0.686436
41.1312 0.687007
41.145 0.687381
41.1599 0.687833
41.1743 0.688479
41.1862 0.688794
41.2011 0.689195
41.2155 0.689546
41.2286 0.689727
41.2448 0.690137
41.2603 0.690744
41.2735 0.691151
41.2884 0.691632
41.3033 0.692178
41.3165 0.692531
41.3302 0.69284
41.3452 0.693235
41.3595 0.69358
41.3733 0.693883
41.387 0.694022
41.4019 0.69427
41.4229 0.695361
44.4849 0.691691
44.5005 0.688729
44.5154 0.686263
44.531 0.68423
44.5483 0.682952
44.562 0.681833
44.5806 0.681354
44.5955 0.681059
44.611 0.681052
44.6272 0.681295
44.6421 0.681634
44.6577 0.682054
44.6726 0.682548
44.6881 0.683229
44.7043 0.684075
44.7204 0.685066
44.9134 0.686558
44.932 0.687738
44.9457 0.688771
44.96 0.689799
44.978 0.69045
49.3285 0.673143
49.3398 0.657625
49.3572 0.644547
49.3715 0.633104
49.3853 0.623091
49.3978 0.614079
49.4121 0.60632
49.4259 0.599405
49.4408 0.593479
49.4582 0.588794
49.4713 0.58457
49.4821 0.580499
49.4934 0.576561
49.5096 0.573366
49.5239 0.57057
49.5394 0.568374
49.5544 0.566577
49.5693 0.56513
49.5843 0.563989
49.5992 0.563115
49.6141 0.562476
49.6297 0.562166
49.644 0.562021
49.6601 0.562143
49.6763 0.5625
49.6918 0.562938
49.708 0.56357
49.7271 0.564874
49.7396 0.565765
49.7516 0.566294
49.7665 0.566882
49.7815 0.567522
49.7928 0.567707
49.8125 0.568619
49.8281 0.569666
49.8454 0.570958
49.8621 0.572463
49.8795 0.574155
49.895 0.575886
49.9165 0.578275
49.9321 0.580616
49.9494 0.583039
49.9631 0.585159
49.9763 0.587014
49.9894 0.588512
50.0044 0.589948
50.0187 0.591205
50.0348 0.592554
50.0504 0.593985
50.0635 0.595112
50.0761 0.595973
50.088 0.596476
50.1072 0.597542
50.1215 0.598474
50.1358 0.59929
50.1502 0.600128
50.1621 0.600612
50.1705 0.600286
50.1807 0.5995
50.192 0.598563
50.2034 0.597367
50.2177 0.596321
50.2321 0.595531
50.2458 0.594715
50.2613 0.59425
50.2763 0.594094
50.2894 0.593832
50.2996 0.593103
50.3091 0.591965
50.3181 0.590345
50.3271 0.588302
50.3342 0.585639
50.3432 0.582684
50.3492 0.579099
50.3569 0.575086
50.3647 0.570825
50.3725 0.566347
50.385 0.562304
50.4006 0.558891
50.4161 0.556155
50.4293 0.553635
50.4448 0.551556
50.4567 0.549486
50.4711 0.547801
50.4866 0.54645
50.5022 0.545519
50.5159 0.544579
50.5303 0.544007
50.5452 0.543631
50.5583 0.543177
50.5739 0.542905
50.5864 0.542542
50.5978 0.541849
50.6097 0.540993
50.6253 0.540494
50.6414 0.540307
50.6552 0.540144
50.6701 0.540126
50.685 0.540235
50.697 0.539956
50.7089 0.539461
50.7227 0.539029
50.7364 0.53865
50.7502 0.538319
50.7675 0.538404
50.7836 0.538728
50.7968 0.538887
50.8105 0.539026
50.8249 0.539148
50.8404 0.539505
50.8506 0.539442
50.8595 0.538761
50.8757 0.538416
50.8912 0.538364
50.902 0.537819
50.9169 0.537466
50.9318 0.537408
50.9468 0.537607
50.9611 0.538031
50.9767 0.538652
50.9934 0.539696
51.0071 0.540734
51.0203 0.541642
51.0346 0.542562
51.0478 0.543367
51.0609 0.544071
51.0729 0.544562
51.0884 0.545492
51.1004 0.54618
51.1147 0.546908
51.1284 0.547669
51.1404 0.548336
51.1535 0.548919
51.1667 0.549429
51.1798 0.549875
51.196 0.550641
51.2103 0.551686
51.2247 0.552725
51.2372 0.553634
51.2498 0.554305
51.2593 0.554642
51.2731 0.555062
51.2862 0.555429
51.2988 0.555625
51.3083 0.555922
51.3203 0.556432
51.3304 0.556878
51.3424 0.557518
51.3531 0.558328
51.3639 0.559037
51.3741 0.559783
51.386 0.56081
51.3956 0.561584
51.4087 0.562636
51.4177 0.563431
51.4255 0.564002
51.4362 0.564627
51.4458 0.565049
51.4577 0.565793
51.4697 0.566693
51.4792 0.567482
51.4894 0.568172
51.5002 0.569025
51.5121 0.570022
51.5223 0.570894
51.533 0.571907
51.5438 0.572794
51.5545 0.573695
51.5647 0.574483
51.5766 0.575548
51.5874 0.576604
51.597 0.577404
51.6065 0.578228
51.6179 0.579075
51.6274 0.579815
51.6376 0.580463
51.649 0.58128
51.6585 0.581995
51.6687 0.582621
51.68 0.583543
51.6902 0.58435
51.6998 0.584932
51.7123 0.58594
51.7219 0.586698
51.7338 0.58761
51.7434 0.588409
51.7535 0.589233
51.7649 0.590079
51.7745 0.590819
51.787 0.591967
51.7966 0.592846
51.8061 0.593615
51.8181 0.594538
51.8276 0.595346
51.8384 0.596178
51.848 0.59678
51.8563 0.597308
51.8677 0.597894
51.8796 0.598658
51.8958 0.599325
51.9137 0.60016
51.9298 0.60089
51.9454 0.601404
51.9615 0.601853
51.9782 0.602371
51.9938 0.6027
52.0123 0.603363
52.0237 0.603192
52.0404 0.603168
52.0571 0.603272
52.0762 0.603738
52.0918 0.604021
52.1079 0.604268
52.1235 0.60436
52.1396 0.60444
52.1563 0.604635
52.1707 0.604555
52.1868 0.604611
52.2011 0.604535
52.2161 0.604343
52.2322 0.6043
52.2484 0.604387
52.2639 0.604464
52.2788 0.604406
52.2932 0.604355
52.3081 0.604311
52.3225 0.604272
52.3374 0.604238
52.3529 0.604208
52.3679 0.604182
52.381 0.604159
52.3948 0.60389
52.4085 0.603653
52.4205 0.603572
52.4306 0.60325
52.4426 0.603094
52.4515 0.602707
52.4641 0.602619
52.4748 0.602416
52.4868 0.602364
52.4987 0.602444
52.5107 0.602638
52.5221 0.602934
52.534 0.603317
52.5454 0.603652
52.5579 0.604071
52.5687 0.604437
52.5806 0.604882
52.5926 0.605272
52.6051 0.605863
52.6183 0.60663
52.6278 0.607051
52.6398 0.607545
52.6493 0.607852
52.6619 0.608245
52.6762 0.60909
52.687 0.609703
52.6977 0.610241
52.7103 0.61096
52.724 0.611965
52.7336 0.612595
52.7456 0.61327
52.7575 0.613987
52.7695 0.614738
52.782 0.615646
52.7928 0.616315
52.8035 0.616901
52.8143 0.617288
52.828 0.618002
52.84 0.618627
52.8513 0.619299
52.8621 0.619886
52.8734 0.6204
52.8854 0.620975
52.8961 0.621478
52.9069 0.621794
52.9189 0.622194
52.9308 0.62267
52.9422 0.623211
52.9541 0.62381
52.9661 0.624459
52.9768 0.624901
52.9876 0.625289
53.0013 0.626003
53.0121 0.626627
53.0228 0.626924
53.0354 0.627433
53.0467 0.627879
53.0587 0.628394
53.0695 0.628845
53.079 0.629114
53.0922 0.6296
53.1041 0.63015
53.1149 0.630506
53.1268 0.630943
53.1376 0.631325
53.1471 0.631535
53.1597 0.631843
53.1693 0.631987
53.1824 0.632364
53.192 0.632443
53.2045 0.632763
53.2153 0.633043
53.226 0.633287
53.2386 0.633501
53.2499 0.633689
53.2595 0.633728
53.2714 0.633887
53.2828 0.634026
53.2936 0.634148
53.3067 0.634504
53.3175 0.634816
53.3294 0.635214
53.339 0.635312
53.3509 0.635523
53.3623 0.635833
53.3718 0.635854
53.3844 0.636122
53.3957 0.636357
53.4065 0.636562
53.4179 0.636742
53.4298 0.637024
53.4406 0.637271
53.4531 0.637612
53.4645 0.637911
53.4758 0.638172
53.4878 0.638525
53.4985 0.638835
53.5105 0.63923
53.5212 0.639577
53.5338 0.640005
53.5445 0.640379
53.5553 0.640707
53.5655 0.640868
53.5768 0.64101
53.5882 0.641259
53.5983 0.641351
53.6109 0.641557
53.6222 0.641863
53.6318 0.64188
53.6455 0.64227
53.6557 0.642486
53.6671 0.642675
53.6772 0.642716
53.6886 0.642751
53.6999 0.642782
53.7119 0.642935
53.7214 0.642943
53.7322 0.64295
53.7447 0.643081
53.7567 0.643321
53.7663 0.643406
53.777 0.64348
53.7884 0.643545
53.7985 0.643477
53.8105 0.643542
53.8212 0.6436
53.8332 0.643775
53.8445 0.643928
53.8547 0.643937
53.8672 0.64407
53.8774 0.644061
53.8894 0.644178
53.8995 0.644156
53.9109 0.644137
53.9222 0.644245
53.933 0.644214
53.9455 0.644437
53.9569 0.644633
53.9664 0.644678
53.9784 0.644844
53.9904 0.645113
54.0011 0.645349
54.0107 0.645305
54.0226 0.645392
54.0334 0.645468
54.0453 0.64566
54.0549 0.645577
54.068 0.64588
54.0782 0.645895
54.0919 0.646158
54.1033 0.646513
54.1141 0.646824
54.126 0.647221
54.1356 0.647319
54.1475 0.647529
54.1595 0.647838
54.169 0.647983
54.181 0.64811
54.1905 0.648096
54.2025 0.648209
54.2133 0.648308
54.2252 0.64852
54.2348 0.648455
54.2461 0.648523
54.2569 0.648457
54.2688 0.648525
54.2796 0.648585
54.2927 0.648762
54.3035 0.648916
54.3154 0.649177
54.325 0.64928
54.337 0.64937
54.3477 0.649449
54.3597 0.649642
54.3692 0.649687
54.38 0.649601
54.3931 0.649901
54.4039 0.650038
54.4146 0.650159
54.4254 0.650264
54.4374 0.650481
54.4481 0.650671
54.4589 0.650712
54.4708 0.650873
54.4804 0.650889
54.4929 0.651028
54.5037 0.651024
54.5156 0.651146
54.5258 0.651128
54.5366 0.651112
54.5473 0.651098
54.5605 0.651336
54.57 0.651419
54.582 0.651491
54.5927 0.651555
54.6035 0.651611
54.6142 0.651659
54.625 0.651702
54.6358 0.651614
54.6477 0.651662
54.6585 0.651705
54.6692 0.651741
54.68 0.651649
54.6919 0.651693
54.7015 0.651481
54.7134 0.651421
54.7254 0.651493
54.7385 0.651807
54.7487 0.651956
54.7619 0.652336
54.7726 0.652669
54.7846 0.653086
54.7953 0.65345
54.8067 0.653769
54.8168 0.653923
54.8276 0.654057
54.8383 0.654175
54.8503 0.654403
54.8611 0.654603
54.873 0.654902
54.885 0.655165
54.8945 0.655269
54.9059 0.65536
54.9172 0.65544
54.9286 0.65551
54.9399 0.655572
54.9501 0.655625
54.9632 0.655922
54.9734 0.656057
54.9836 0.65605
54.9949 0.656043
55.0063 0.656163
55.0176 0.656268
55.029 0.656359
55.0403 0.656564
55.0505 0.656619
55.0618 0.656666
55.0738 0.656833
55.084 0.656854
55.0953 0.656997
55.1055 0.656998
55.1174 0.657123
55.1294 0.657233
55.1389 0.657078
55.1515 0.657194
55.1622 0.657294
55.1742 0.657508
55.1844 0.657569
55.1963 0.657748
55.2071 0.657905
55.2178 0.657916
55.2292 0.658052
55.2393 0.658045
55.2507 0.65804
55.262 0.65816
55.2728 0.65814
55.2848 0.658247
55.2955 0.658341
55.3063 0.658424
55.317 0.658496
55.329 0.658559
55.3385 0.658364
55.3493 0.658193
55.3606 0.658044
55.372 0.658039
55.3846 0.658159
55.3971 0.658514
55.4096 0.65895
55.421 0.659456
55.4324 0.659899
55.4431 0.660287
55.4539 0.660501
55.4658 0.660813
55.4766 0.661087
55.4885 0.661451
55.4981 0.661644
55.51 0.661939
55.5208 0.662071
55.5316 0.662188
55.5435 0.662289
55.5543 0.662378
55.5638 0.662206
55.5758 0.66218
55.5877 0.662283
55.5985 0.662372
55.6122 0.662826
55.6236 0.663222
55.6332 0.663445
55.6439 0.663514
55.6547 0.663575
55.6666 0.663753
55.6774 0.663909
55.6893 0.66417
55.6977 0.664149
55.7061 0.664255
55.7156 0.664348
55.724 0.66443
55.7324 0.664501
55.7425 0.664813
55.7497 0.664962
55.7592 0.665217
55.7676 0.66544
55.7772 0.66576
55.7849 0.665915
55.7939 0.666175
55.8029 0.666403
55.8124 0.666853
55.8208 0.667121
55.8304 0.667606
55.8399 0.668155
55.8477 0.668511
55.8573 0.669072
55.8644 0.669313
55.874 0.669649
55.8824 0.670068
55.8919 0.670434
55.8991 0.670755
55.9086 0.671036
55.917 0.671406
55.9266 0.671855
55.9337 0.671999
55.9427 0.672249
55.9511 0.672468
55.96 0.672784
55.969 0.673186
55.9774 0.673413
55.9869 0.673736
55.9953 0.674019
56.0049 0.674392
56.012 0.674718
56.0216 0.675003
56.0312 0.675503
56.0395 0.675815
56.0485 0.676213
56.0592 0.676936
56.0706 0.677819
56.079 0.678592
56.0897 0.679518
56.1005 0.680703
56.1094 0.681865
56.1172 0.682757
56.1268 0.683662
56.1339 0.684205
56.1435 0.684929
56.1519 0.685563
56.1602 0.686118
56.1698 0.686728
56.1782 0.687262
56.1865 0.687729
56.1961 0.688388
56.2033 0.688715
56.2128 0.689125
56.2218 0.689485
56.2313 0.690049
56.2385 0.690418
56.2481 0.690866
56.2564 0.691257
56.2702 0.691975
56.2845 0.692603
56.2977 0.693028
56.312 0.693524
56.3252 0.693834
56.3401 0.69423
56.3545 0.694576
56.367 0.694754
56.3813 0.69491
56.3945 0.694921
56.4076 0.694806
56.422 0.694705
56.4351 0.694617
56.4483 0.694415
56.462 0.694238
56.4752 0.693958
56.4901 0.693838
56.5045 0.693734
56.5182 0.693642
56.5307 0.693312
56.5439 0.692898
56.5576 0.692536
56.5702 0.692094
56.5851 0.691832
56.5977 0.691353
56.6108 0.690934
56.624 0.690442
56.6365 0.690012
56.6503 0.689635
56.6628 0.689181
56.6754 0.688783
56.6891 0.68856
56.7011 0.68824
56.7136 0.687835
56.728 0.687481
56.7429 0.687546
56.7602 0.688228
56.7752 0.689074
56.7895 0.68994
56.8009 0.690447
56.8104 0.690891
56.8212 0.691405
56.8301 0.691729
56.8409 0.692013
56.8505 0.692262
56.86 0.692479
56.8684 0.692419
56.8791 0.692492
56.8899 0.692555
56.8989 0.692486
56.9096 0.692675
56.9192 0.692841
56.9228 0.692111
56.9287 0.691097
56.9347 0.68971
56.9395 0.687871
56.9461 0.686012
56.9544 0.684136
56.9664 0.682869
56.9783 0.68201
56.9873 0.681134
56.9969 0.680367
57.0082 0.679946
57.0184 0.679703
57.0297 0.679615
57.0381 0.679538
57.0483 0.679471
57.0578 0.679287
57.0686 0.679376
57.0781 0.679454
57.0883 0.679647
57.0979 0.679691
57.1092 0.67998
57.1188 0.680233
57.1295 0.680578
57.1391 0.681006
57.1499 0.68138
57.16 0.681958
57.1696 0.682338
57.1803 0.682796
57.1899 0.683196
57.2001 0.683672
57.2102 0.684213
57.2216 0.684811
57.2323 0.685585
57.2419 0.686137
57.2526 0.686745
57.2628 0.687402
57.273 0.687976
57.2831 0.688729
57.2933 0.689388
57.3034 0.689965
57.313 0.690594
57.3226 0.69102
60.4691 0.684267
60.4757 0.678109
60.4834 0.672845
60.4924 0.66849
60.5008 0.664678
60.5091 0.661594
60.5151 0.658769
60.5199 0.655923
60.5277 0.653433
60.5348 0.651254
60.5432 0.649597
60.551 0.648022
60.5605 0.64702
60.5677 0.646142
60.5761 0.645624
60.5832 0.645046
60.5898 0.644416
60.5982 0.644114
60.6042 0.643599
60.6125 0.643274
60.6197 0.64299
60.6257 0.642616
60.634 0.642414
60.6412 0.642238
60.649 0.642083
67.0326 0.642322
67.0415 0.642532
67.0511 0.642716
67.0619 0.643001
67.0714 0.643251
67.081 0.643345
67.0929 0.643802
67.1037 0.644326
67.1138 0.644911
67.124 0.645547
67.1348 0.646228
67.1455 0.64695
67.1563 0.647706
67.167 0.648618
67.1778 0.649416
67.1885 0.650364
67.2005 0.651443
67.2107 0.652388
67.2202 0.653339
67.2298 0.654047
67.2399 0.654791
67.2495 0.655442
67.2591 0.656137
67.2686 0.65662
67.2794 0.657167
67.2883 0.657646
67.2979 0.657941
67.3075 0.658323
67.3176 0.658658
67.3278 0.659075
67.3361 0.659316
67.3475 0.659652
67.3559 0.65982
67.3666 0.660093
67.3738 0.660081
67.3846 0.660196
67.3917 0.659921
67.3977 0.659306
67.4085 0.658893
67.418 0.658656
67.4282 0.658449
67.4389 0.658393
67.4515 0.658719
67.461 0.659004
67.4694 0.659129
67.4772 0.658988
67.4861 0.658864
67.4921 0.658256
67.5023 0.657724
67.5118 0.657259
67.5238 0.657101
67.5346 0.657214
67.5453 0.657437
67.5573 0.658007
67.565 0.658256
67.5746 0.658349
67.5842 0.658556
67.5937 0.658611
67.6045 0.65891
67.6164 0.659421
67.626 0.659868
67.6361 0.660385
67.6469 0.660837
67.6553 0.661232
67.6666 0.661703
67.6762 0.66224
67.6851 0.662585
67.6947 0.662762
67.7055 0.663167
67.715 0.663521
67.724 0.663706
67.7341 0.663993
67.7437 0.664244
67.7545 0.664588
67.7646 0.66489
67.7736 0.665153
67.7837 0.665384
67.7933 0.665711
67.8035 0.665997
67.813 0.666373
67.8226 0.666576
67.8328 0.666754
67.8429 0.667035
67.8525 0.66728
67.8632 0.667745
67.8728 0.668027
67.883 0.668274
67.8925 0.668615
67.9027 0.668913
67.911 0.669174
67.9218 0.669402
67.9314 0.669727
67.9415 0.670011
67.9517 0.67026
67.9612 0.670602
67.9708 0.670777
67.981 0.671055
67.9905 0.671298
68.0007 0.671511
68.0108 0.671822
68.0192 0.671969
68.03 0.672223
68.0389 0.67232
68.0491 0.672655
68.0586 0.672823
68.0646 0.67247
68.0742 0.672286
68.0855 0.672251
68.0951 0.672344
68.1047 0.672301
68.116 0.672639
68.1274 0.673059
68.1381 0.673551
68.1441 0.673608
68.1561 0.673907
68.162 0.673793
68.1722 0.673694
68.1829 0.673607
68.1931 0.673781
68.2033 0.673934
68.2134 0.674192
68.2248 0.674543
68.2367 0.675225
68.2469 0.675822
68.2565 0.676344
68.266 0.676926
68.2756 0.67731
68.2869 0.677897
68.2965 0.67841
68.3066 0.678858
68.3174 0.679501
68.3258 0.679813
68.3365 0.680337
68.3461 0.680795
68.3557 0.681195
68.364 0.681421
68.3748 0.681618
68.3849 0.681916
68.3945 0.682177
68.4041 0.682529
68.4148 0.682838
68.4244 0.683233
68.4339 0.683454
68.4447 0.683773
68.4549 0.684176
68.4638 0.684404
68.4746 0.684853
68.4829 0.684997
68.4937 0.685247
68.5021 0.685466
68.5128 0.685658
68.523 0.685951
68.5337 0.686332
68.5433 0.68679
68.5529 0.687067
68.5612 0.687183
68.5714 0.68741
68.5809 0.687484
68.5905 0.687674
68.6001 0.687839
68.6102 0.688109
68.6198 0.688221
68.6299 0.688318
68.6395 0.688528
68.6491 0.688712
68.6586 0.688873
68.6688 0.689014
68.6801 0.689387
68.6885 0.689589
68.6987 0.689765
68.7106 0.690295
68.7196 0.690633
68.7297 0.691054
68.7399 0.691422
68.7489 0.691619
68.7572 0.691792
68.7668 0.691818
68.7782 0.692216
108.35 0.711189
108.595 0.729415
108.852 0.746363
109.111 0.762443
109.366 0.777137
109.622 0.79087
109.873 0.803261
112.8 0.789729
118.219 0.767138
118.225 0.746995
118.234 0.729246
118.245 0.713965
118.253 0.70047
118.266 0.689036
118.277 0.679281
118.284 0.670496
118.295 0.663059
118.305 0.656677
118.318 0.651592
118.327 0.647018
118.338 0.643266
118.35 0.640233
118.362 0.638079
118.372 0.636319
118.382 0.634654
118.394 0.633572
118.404 0.632751
118.414 0.632282
118.424 0.631872
118.433 0.631513
118.443 0.631199
118.452 0.631049
118.463 0.630918
118.473 0.630928
118.482 0.630937
118.491 0.63107
118.501 0.631061
118.51 0.631178
118.52 0.631281
118.53 0.631621
118.538 0.631668
118.548 0.63171
118.558 0.631871
118.569 0.632262
118.578 0.632479
118.586 0.63267
118.598 0.633211
118.607 0.633559
118.618 0.63399
118.626 0.634366
118.636 0.63482
118.647 0.635343
118.656 0.6358
118.666 0.636325
118.675 0.636784
118.685 0.637186
118.694 0.637538
118.705 0.637971
118.716 0.638724
118.725 0.639384
118.735 0.639961
118.743 0.640341
118.754 0.640923
118.76 0.641058
118.772 0.641426
118.782 0.641747
118.792 0.642279
118.801 0.642744
118.813 0.643276
118.822 0.643742
118.831 0.644274
118.843 0.64499
118.852 0.645491
118.861 0.64593
119.065 0.670688
119.304 0.690352
119.321 0.681183
119.329 0.673035
119.338 0.665781
119.348 0.659558
119.358 0.654239
119.368 0.649584
119.376 0.645511
119.387 0.642072
119.397 0.639313
119.406 0.636774
119.417 0.634802
119.426 0.632952
119.436 0.631458
119.446 0.630151
119.456 0.629132
119.466 0.628365
119.476 0.627945
119.484 0.627327
119.492 0.626536
119.505 0.626344
119.513 0.626176
119.524 0.626029
119.535 0.62615
119.545 0.626381
119.555 0.626709
119.567 0.627245
119.579 0.62809
119.591 0.629203
119.602 0.630553
119.613 0.631734
119.624 0.633142
119.636 0.634749
119.646 0.636156
119.658 0.637636
119.667 0.639057
119.679 0.640675
119.69 0.642215
119.701 0.643688
119.711 0.645102
119.722 0.646715
119.732 0.648125
119.743 0.649485
119.752 0.650799
119.766 0.652449
119.775 0.654018
119.786 0.655391
119.797 0.656842
119.808 0.658362
119.817 0.659816
119.827 0.661089
119.838 0.662328
119.847 0.663537
119.858 0.664845
119.868 0.665989
119.88 0.667366
119.89 0.668695
119.902 0.670108
119.915 0.671845
119.927 0.673614
119.937 0.675287
119.947 0.676876
119.957 0.678267
119.968 0.679733
119.978 0.681267
119.991 0.682983
120.01 0.685611
124.481 0.686909
124.493 0.687921
124.507 0.68893
124.52 0.689689
124.533 0.690353
124.546 0.690934
124.559 0.691442
124.57 0.691637
124.585 0.691932
124.597 0.692066
124.61 0.692308
124.622 0.692394
124.636 0.69247
124.65 0.692786
124.664 0.692938
124.685 0.694071
128.562 0.685937
128.572 0.67882
128.583 0.672717
128.594 0.667378
128.607 0.662955
129.164 0.661336
129.173 0.659419
129.185 0.657867
129.196 0.656633
129.209 0.655429
129.217 0.6545
129.225 0.653688
129.234 0.652977
129.242 0.65248
129.249 0.65192
129.258 0.65143
129.267 0.651251
129.277 0.651345
129.286 0.651552
129.491 0.676483
129.83 0.675047
129.844 0.673916
129.857 0.672927
129.869 0.672061
129.883 0.671428
129.896 0.67075
129.91 0.670281
129.922 0.669746
129.934 0.669153
129.947 0.668509
129.96 0.667945
129.974 0.667577
129.989 0.66763
130.002 0.667676
130.018 0.667967
130.031 0.668221
130.047 0.668693
130.061 0.669232
130.076 0.669953
130.09 0.670708
130.104 0.671495
130.119 0.672558
130.133 0.673488
130.147 0.674302
130.161 0.675264
130.174 0.676106
130.185 0.676968
130.197 0.677847
130.21 0.678866
130.416 0.704258
130.524 0.702976
130.535 0.701979
130.551 0.701606
133.044 0.694031
133.09 0.691902
133.099 0.685789
133.112 0.68069
133.122 0.676354
133.135 0.672685
133.149 0.670099
133.162 0.668087
133.174 0.666576
133.56 0.690504
133.627 0.688691
133.641 0.687605
133.653 0.686279
133.663 0.685244
133.674 0.684339
133.684 0.683421
133.694 0.682619
133.705 0.682041
133.724 0.681661
133.735 0.681329
133.771 0.681162
133.782 0.681267
133.795 0.681484
133.805 0.681798
133.817 0.682198
133.83 0.682799
133.841 0.683574
133.851 0.684002
133.862 0.684627
133.873 0.685298
133.885 0.685886
133.898 0.6869
133.909 0.687913
133.926 0.689549
138.432 0.67723
138.446 0.666701
138.461 0.657739
138.474 0.650146
138.488 0.643628
138.503 0.638425
138.516 0.633871
138.53 0.630138
138.545 0.627245
138.558 0.624715
138.571 0.622625
138.585 0.621047
138.6 0.619916
138.613 0.619052
138.626 0.61842
138.638 0.617743
138.652 0.6174
138.665 0.617225
138.68 0.617322
138.692 0.617407
138.707 0.617856
138.72 0.618124
138.735 0.618733
138.748 0.619517
138.763 0.620327
138.776 0.621161
138.789 0.622141
138.802 0.622998
138.814 0.623749
138.828 0.624655
138.843 0.625698
138.857 0.626861
138.874 0.628378
138.888 0.630081
138.901 0.631571
138.913 0.632875
138.928 0.634265
138.942 0.635607
138.955 0.636906
138.968 0.638168
138.981 0.639272
138.994 0.640363
139.007 0.641568
139.024 0.643122
139.038 0.644606
139.051 0.646156
139.065 0.647636
139.078 0.649057
139.091 0.650425
139.103 0.651496
139.115 0.652434
139.128 0.65338
139.14 0.654083
139.152 0.654697
139.164 0.655235
139.177 0.655831
139.189 0.656227
139.203 0.656699
139.214 0.657111
139.228 0.657472
139.238 0.657663
139.253 0.65808
139.265 0.65832
139.277 0.65853
139.29 0.658839
139.301 0.658984
139.313 0.659111
139.327 0.659347
139.339 0.659429
139.352 0.659625
139.364 0.659797
139.377 0.660072
139.39 0.660438
139.403 0.660759
139.416 0.661039
139.428 0.661284
139.44 0.661498
139.454 0.661811
139.464 0.66196
139.477 0.662215
139.491 0.662688
139.502 0.662727
139.516 0.663136
139.529 0.663619
139.542 0.663917
139.555 0.664302
139.568 0.664764
139.58 0.665044
139.592 0.665413
139.605 0.665737
139.618 0.66602
139.629 0.666142
139.642 0.666374
139.654 0.666453
139.667 0.666771
139.681 0.667175
139.693 0.667528
139.705 0.667837
139.717 0.668107
139.731 0.668344
139.743 0.668551
139.756 0.668857
139.768 0.669
139.781 0.669375
139.793 0.669578
139.806 0.670006
139.818 0.670255
139.83 0.670473
139.843 0.670789
139.855 0.67094
139.868 0.671198
139.88 0.671423
139.893 0.67162
139.904 0.671668
139.917 0.671834
139.928 0.67173
139.941 0.671764
139.953 0.671793
139.965 0.671694
139.979 0.671732
139.99 0.671641
140.004 0.671686
140.015 0.671725
140.028 0.671759
140.04 0.671664
140.053 0.671706
140.065 0.671743
140.077 0.671775
140.09 0.671803
140.103 0.672078
140.114 0.672068
140.128 0.672185
140.14 0.672287
140.152 0.672376
140.163 0.672329
140.178 0.672663
140.19 0.672955
140.203 0.673085
140.217 0.673575
140.23 0.674128
140.241 0.674362
140.254 0.674692
140.266 0.67498
140.278 0.675108
140.291 0.675344
140.303 0.675551
140.316 0.675732
140.328 0.675766
140.34 0.67592
140.353 0.67593
140.365 0.675939
140.377 0.675946
140.388 0.675953
140.397 0.676084
140.407 0.676073
140.415 0.676064
140.426 0.676181
140.436 0.676284
140.447 0.676623
140.455 0.676795
140.466 0.677071
140.474 0.677312
140.484 0.677398
140.493 0.677598
140.504 0.678023
140.514 0.678271
140.522 0.678487
140.532 0.678551
140.542 0.678857
140.551 0.679
140.56 0.679125
140.571 0.679484
140.579 0.679674
140.59 0.679965
140.6 0.680219
140.609 0.680567
140.619 0.680746
140.628 0.681028
140.639 0.681274
140.648 0.681615
140.658 0.681913
140.668 0.682299
140.677 0.682512
140.688 0.682948
140.697 0.683204
140.707 0.683554
140.716 0.683984
140.726 0.684236
140.735 0.684582
140.745 0.684759
140.755 0.685039
140.765 0.685534
140.775 0.685843
140.784 0.686237
140.794 0.686583
140.804 0.686885
140.813 0.687274
140.824 0.68774
140.832 0.688022
140.842 0.68827
140.851 0.688486
140.863 0.688925
140.873 0.68956
140.884 0.690115
140.894 0.690725
140.903 0.69126
140.912 0.691602
140.92 0.691902
140.93 0.692164
140.944 0.692894
144.833 0.675907
144.841 0.660794
144.847 0.647069
144.858 0.634936
144.869 0.624569
144.881 0.615623
144.892 0.60767
144.904 0.600961
144.916 0.595216
144.928 0.590439
144.94 0.586384
144.952 0.583086
144.961 0.57995
144.972 0.577207
144.98 0.574556
144.992 0.572361
145.267 0.571316
145.279 0.570652
145.291 0.57032
145.304 0.57028
145.311 0.56987
145.319 0.569011
145.33 0.568385
145.34 0.567837
145.35 0.567482
145.36 0.567422
145.37 0.567619
145.38 0.568042
145.39 0.568787
145.396 0.569063
145.402 0.569055
145.408 0.568923
145.415 0.568558
145.426 0.568488
145.435 0.568552
145.445 0.568983
145.454 0.56936
145.462 0.56969
145.472 0.570354
145.482 0.571185
145.489 0.571787
145.501 0.572688
145.51 0.573727
145.52 0.574761
145.528 0.575666
145.536 0.576458
145.543 0.577026
145.55 0.577522
145.559 0.577957
145.568 0.578463
145.577 0.57903
145.587 0.579776
145.598 0.580804
145.606 0.581703
145.614 0.582491
145.625 0.583554
145.635 0.58461
145.645 0.585784
145.654 0.586936
145.663 0.588194
145.672 0.58942
145.683 0.590742
145.693 0.592274
145.87 0.61474
145.886 0.614273
145.901 0.614113
145.915 0.614099
145.926 0.613712
145.941 0.613623
145.955 0.61367
145.967 0.613461
145.983 0.613529
145.996 0.613588
146.004 0.613139
146.015 0.612247
146.029 0.611591
146.043 0.611017
146.057 0.61064
146.07 0.610435
146.085 0.610381
146.099 0.610458
146.112 0.610401
146.127 0.610476
146.14 0.610666
146.153 0.610708
146.166 0.610619
146.18 0.610542
146.193 0.610599
146.208 0.610649
146.22 0.610693
146.235 0.610982
146.248 0.610984
146.262 0.611236
146.275 0.611206
146.288 0.611181
146.303 0.611408
146.316 0.611482
146.33 0.611797
146.346 0.612322
146.363 0.613282
146.378 0.614122
146.394 0.615231
146.408 0.616328
146.422 0.617287
146.437 0.618376
146.454 0.619829
146.467 0.6211
146.486 0.622838
146.501 0.624483
146.511 0.625798
146.525 0.627323
146.536 0.628658
146.547 0.62995
146.556 0.630957
146.568 0.631962
146.58 0.633092
146.59 0.633955
146.602 0.634836
146.614 0.635856
146.626 0.636749
146.637 0.637781
146.646 0.638433
146.656 0.639004
146.667 0.639503
146.68 0.640066
146.69 0.640682
146.703 0.641347
146.713 0.642054
146.724 0.642672
146.736 0.643338
146.748 0.644171
146.761 0.645024
146.774 0.646146
146.783 0.647003
146.793 0.647628
146.805 0.648299
146.816 0.649012
146.829 0.649885
146.839 0.65065
146.852 0.651568
146.862 0.652372
146.874 0.653076
146.885 0.653816
146.897 0.654589
146.91 0.655641
146.921 0.656561
146.932 0.65749
146.943 0.658429
146.955 0.659251
146.968 0.660344
146.978 0.661176
146.99 0.662154
147.001 0.66301
147.013 0.663884
147.025 0.664898
147.037 0.666036
147.047 0.666906
147.059 0.667918
147.071 0.668928
147.082 0.669937
147.093 0.67082
147.103 0.671468
147.116 0.672284
147.126 0.672874
147.136 0.673389
147.15 0.674341
147.162 0.675423
147.172 0.676245
147.183 0.676965
147.195 0.677844
147.206 0.678489
147.216 0.679052
147.227 0.679671
147.237 0.680087
147.25 0.680826
147.261 0.681473
147.271 0.681914
147.283 0.68255
147.293 0.682981
147.306 0.683733
147.318 0.684392
147.328 0.684968
147.335 0.685097
147.348 0.685585
147.359 0.685887
147.369 0.686026
147.381 0.686522
147.392 0.686957
147.404 0.687463
147.415 0.687905
147.426 0.688292
147.436 0.688755
147.448 0.689286
147.46 0.69
147.471 0.690625
147.48 0.690922
147.493 0.691432
150.813 0.685253
150.825 0.679721
150.838 0.674881
150.853 0.670771
150.866 0.66705
150.88 0.663793
150.893 0.660944
150.908 0.658576
150.92 0.656504
150.934 0.654816
150.947 0.653089
150.96 0.651703
150.974 0.65049
150.987 0.649304
151 0.648391
151.012 0.647342
151.026 0.646424
151.037 0.645371
151.051 0.644575
151.064 0.643628
151.08 0.643174
151.092 0.642778
151.106 0.64243
151.12 0.642127
151.134 0.641861
151.147 0.641753
151.164 0.642034
151.177 0.642155
151.19 0.642385
151.207 0.642837
151.221 0.643358
151.237 0.644188
151.25 0.644789
151.27 0.646191
151.284 0.647542
151.298 0.648849
151.314 0.650118
151.33 0.651603
151.345 0.653153
151.361 0.654759
151.376 0.656414
151.391 0.657987
151.404 0.659364
151.418 0.660818
151.437 0.662591
151.451 0.664392
151.464 0.665843
151.481 0.667488
151.493 0.668802
151.503 0.669952
151.514 0.670958
151.526 0.671963
151.538 0.673093
151.549 0.674206
151.559 0.67493
151.57 0.675564
151.58 0.676243
151.593 0.677088
151.605 0.678077
151.618 0.679192
151.628 0.679918
151.639 0.680679
151.649 0.681219
151.661 0.682066
151.672 0.682808
151.682 0.683207
151.694 0.683931
151.704 0.68444
151.715 0.68501
151.725 0.685259
151.736 0.685601
151.747 0.685901
151.759 0.686413
151.769 0.686737
151.781 0.687145
151.792 0.687752
151.805 0.688533
151.817 0.689216
151.834 0.690689
155.034 0.686103
155.048 0.68234
155.063 0.679298
155.075 0.67651
155.089 0.674072
155.104 0.672063
155.118 0.67043
155.13 0.669001
155.144 0.667626
155.158 0.666548
155.17 0.665479
155.185 0.664669
155.2 0.664086
155.211 0.66345
155.225 0.663019
155.239 0.662516
155.252 0.662077
155.265 0.661692
155.277 0.661231
155.29 0.660702
155.304 0.660239
155.318 0.659959
155.33 0.659589
155.345 0.659391
155.356 0.658967
155.371 0.658846
155.383 0.65849
155.397 0.658304
155.41 0.658141
155.423 0.657873
155.436 0.657639
155.45 0.657434
155.463 0.657255
155.476 0.656973
155.489 0.656726
155.503 0.656636
155.517 0.656556
155.532 0.656612
155.547 0.65691
155.56 0.657171
155.575 0.65765
155.589 0.657944
155.604 0.658576
155.623 0.659754
155.639 0.66116
155.653 0.66239
155.667 0.663466
155.679 0.664408
155.694 0.665482
155.707 0.666297
155.721 0.667134
155.736 0.668368
155.748 0.669447
155.759 0.670391
155.771 0.671217
155.783 0.67194
155.795 0.672697
155.807 0.67336
155.82 0.674065
155.832 0.674807
155.844 0.675456
155.855 0.675899
155.868 0.676412
155.88 0.676985
155.892 0.677487
155.905 0.678051
155.917 0.678545
155.929 0.679102
155.943 0.679714
155.954 0.68025
155.966 0.680719
155.978 0.681254
155.991 0.681847
156.003 0.682491
156.015 0.683055
156.028 0.683673
156.039 0.684214
156.052 0.684687
156.064 0.685226
156.076 0.685823
156.087 0.686095
156.1 0.686583
156.112 0.68701
156.124 0.687509
156.137 0.687945
156.149 0.688327
156.16 0.688786
156.174 0.689313
156.375 0.713524
156.754 0.730583
156.766 0.72051
156.777 0.711697
156.788 0.70386
156.799 0.697002
156.813 0.691252
156.825 0.686345
156.838 0.682052
156.851 0.678421
156.861 0.675243
156.875 0.672588
156.887 0.670264
156.901 0.668481
156.913 0.667046
156.926 0.66604
156.94 0.66541
156.954 0.665234
156.968 0.665205
156.981 0.665304
156.992 0.665391
157.007 0.665842
157.019 0.666362
157.031 0.666817
157.043 0.66734
157.056 0.667922
157.068 0.668432
157.083 0.669128
157.097 0.670112
157.11 0.671223
157.123 0.67232
157.135 0.67328
157.149 0.67437
157.163 0.675574
157.177 0.676877
157.189 0.678142
157.201 0.67925
157.214 0.680468
157.228 0.681785
157.24 0.683062
157.253 0.684179
157.267 0.685407
157.28 0.686731
161.552 0.683889
161.564 0.681528
161.574 0.679337
161.587 0.67742
161.599 0.675743
161.612 0.674525
161.626 0.673834
161.639 0.673355
161.651 0.673061
161.666 0.673053
161.678 0.673171
161.691 0.6734
161.703 0.673725
161.718 0.674259
161.731 0.674977
161.745 0.675855
161.757 0.676748
161.772 0.677779
161.783 0.678682
161.797 0.679722
161.81 0.680757
161.822 0.681662
161.835 0.682704
161.848 0.683866
161.861 0.684883
161.874 0.685898
161.947 0.68691
161.963 0.687797
161.975 0.688572
161.987 0.68925
161.999 0.690094
162.015 0.690707
162.027 0.691244
162.037 0.691588
162.049 0.69189
162.061 0.692279
162.074 0.692619
162.086 0.693041
162.102 0.694036
166.305 0.689657
166.318 0.685825
166.331 0.682472
166.342 0.679663
166.353 0.677205
166.365 0.675429
166.377 0.674126
166.388 0.67311
166.399 0.672346
166.41 0.671803
166.421 0.671453
166.627 0.695521
166.836 0.694081
166.846 0.692446
166.855 0.69089
166.87 0.689654
166.887 0.689072
166.899 0.688188
166.917 0.687915
166.927 0.687425
166.945 0.687372
166.958 0.687326
166.972 0.687285
167.184 0.711124
167.221 0.706734
167.238 0.703392
167.253 0.700718
167.267 0.698503
167.282 0.69669
167.297 0.695229
167.311 0.6942
167.326 0.6933
167.341 0.692763
167.355 0.692542
167.369 0.69235
167.384 0.692306
167.399 0.692643
167.414 0.692937
167.441 0.69507
172.89 0.677311
172.904 0.661647
173.112 0.672317
173.434 0.659152
173.453 0.648508
173.467 0.638569
173.483 0.630123
173.496 0.622858
173.687 0.638626
173.896 0.655922
174.034 0.648807
174.049 0.642831
174.064 0.637852
174.079 0.633621
174.092 0.629918
174.104 0.626553
174.122 0.624109
174.136 0.622096
174.151 0.620459
174.166 0.619276
174.309 0.619242
174.324 0.619337
174.523 0.642794
174.664 0.657195
174.675 0.654296
174.686 0.651884
174.697 0.650023
174.707 0.64827
174.718 0.646987
174.731 0.645988
174.741 0.645115
174.753 0.6446
174.765 0.6444
174.773 0.643975
174.785 0.643853
174.795 0.643622
174.805 0.643419
174.817 0.643492
174.828 0.64368
174.841 0.644095
174.853 0.644833
174.865 0.645604
174.877 0.646654
174.961 0.656697
174.973 0.656735
174.984 0.657018
174.995 0.657266
175.006 0.657607
175.196 0.659157
175.22 0.660637
175.342 0.662307
175.364 0.663894
175.386 0.665282
175.408 0.666497
175.428 0.66731
175.448 0.667771
175.468 0.66805
175.49 0.668293
175.513 0.668757
175.533 0.668912
175.555 0.669173
175.579 0.669527
175.603 0.670086
175.625 0.6707
175.646 0.671112
175.667 0.671473
175.686 0.671414
175.705 0.671612
175.724 0.671911
175.743 0.672547
175.762 0.673229
175.778 0.6737
175.798 0.674488
175.819 0.675552
175.836 0.676608
175.856 0.677907
175.875 0.679293
175.893 0.680632
175.91 0.681678
175.93 0.682843
175.947 0.683863
175.964 0.68488
175.984 0.68602
176.002 0.687142
176.019 0.68825
176.037 0.689218
176.056 0.690191
176.072 0.691042
176.089 0.691787
176.107 0.692564
176.125 0.693243
176.141 0.693713
176.16 0.694249
176.177 0.694718
176.194 0.695128
176.212 0.695612
176.228 0.69591
176.244 0.696172
176.262 0.6964
176.279 0.696475
176.296 0.696666
176.313 0.696708
176.331 0.696869
176.348 0.69701
176.366 0.697134
176.383 0.697242
176.4 0.697337
176.418 0.697545
176.434 0.697352
176.452 0.697433
176.469 0.697379
176.487 0.697456
176.506 0.697524
176.522 0.697584
176.54 0.697761
176.558 0.697791
176.576 0.697942
176.592 0.697949
176.61 0.698081
176.637 0.699195
180.668 0.693671
180.686 0.688962
180.704 0.684967
181.286 0.682346
181.304 0.680053
181.334 0.677921
181.35 0.676056
181.367 0.674424
181.386 0.673121
181.405 0.672231
181.423 0.671452
181.96 0.671396
181.979 0.671346
181.997 0.671303
182.016 0.671515
182.033 0.671451
182.052 0.671519
182.07 0.671579
182.088 0.671632
182.106 0.671678
182.125 0.671843
182.146 0.672363
182.164 0.672942
182.183 0.673575
182.202 0.674253
182.221 0.675096
182.24 0.675959
182.449 0.700589
182.644 0.697766
182.663 0.695545
182.681 0.693602
182.699 0.691902
182.716 0.690414
182.734 0.689112
182.751 0.687848
182.77 0.686867
182.788 0.686009
182.806 0.685258
182.825 0.6846
182.843 0.684025
182.86 0.683522
182.879 0.683082
182.897 0.682822
182.915 0.682594
182.934 0.68252
182.953 0.682705
182.972 0.682992
182.99 0.683243
183.01 0.683712
183.028 0.684123
183.047 0.684608
183.065 0.685032
183.087 0.685778
183.105 0.686556
183.126 0.687611
183.146 0.688785
183.163 0.689812
183.201 0.69321
187.942 0.680684
187.961 0.669848
187.98 0.660367
188 0.652446
188.018 0.645516
188.038 0.639576
188.056 0.634379
188.075 0.629957
188.097 0.626712
188.304 0.647623
188.437 0.644045
188.456 0.64104
188.468 0.637535
188.477 0.633468
188.486 0.628784
188.497 0.623811
188.508 0.61846
188.526 0.614027
188.545 0.610149
188.564 0.60688
188.582 0.60402
188.6 0.601643
188.615 0.599062
188.629 0.596305
188.646 0.593892
188.663 0.591655
188.682 0.589698
188.696 0.587611
188.706 0.584785
188.722 0.582061
188.737 0.579304
188.752 0.576641
188.767 0.573936
188.785 0.571444
188.802 0.569138
188.852 0.571246
188.986 0.583715
189.004 0.579876
189.013 0.575391
189.025 0.570592
189.041 0.566143
189.059 0.562375
189.078 0.559204
189.103 0.557178
189.131 0.556656
189.151 0.556449
189.166 0.556143
189.187 0.556125
189.206 0.556234
189.223 0.556205
189.243 0.556554
189.259 0.556485
189.277 0.556549
189.295 0.556606
189.31 0.55628
189.329 0.55612
189.347 0.55598
189.365 0.555858
189.389 0.556625
189.412 0.557797
189.432 0.559073
189.451 0.560313
189.47 0.561524
189.49 0.562834
189.509 0.56423
189.53 0.565701
189.55 0.567363
189.565 0.568443
189.577 0.569137
189.585 0.56912
189.598 0.56898
189.615 0.569358
189.628 0.569563
189.644 0.569993
189.658 0.570494
189.674 0.571182
189.693 0.572409
189.71 0.573983
189.727 0.57561
189.742 0.577284
189.756 0.578873
189.773 0.580639
189.785 0.582059
189.8 0.583427
189.813 0.584624
189.829 0.585796
189.841 0.586571
189.856 0.587625
189.868 0.588297
189.883 0.589135
189.896 0.589618
189.91 0.590041
189.925 0.59066
189.94 0.591453
189.953 0.592146
189.968 0.592753
189.985 0.593659
190.002 0.595077
190.015 0.596192
190.03 0.597168
190.046 0.598522
190.065 0.600207
190.089 0.601806
190.113 0.603455
190.135 0.604773
190.155 0.605677
190.178 0.606467
190.196 0.606659
190.222 0.607076
190.242 0.607317
190.268 0.607902
190.292 0.608539
190.317 0.609472
190.34 0.610288
190.364 0.611127
190.388 0.611861
190.409 0.612378
190.431 0.612831
190.452 0.612977
190.473 0.61298
190.494 0.613108
190.514 0.612969
190.537 0.613098
190.557 0.612961
190.58 0.613091
190.602 0.613329
190.623 0.613663
190.639 0.613705
190.655 0.613742
190.67 0.613774
190.689 0.614053
190.705 0.614421
190.722 0.614743
190.737 0.615025
190.756 0.615522
190.771 0.615957
190.787 0.616337
190.802 0.61642
190.819 0.616743
190.835 0.617025
190.853 0.617522
190.869 0.618082
190.885 0.618571
190.902 0.619125
190.92 0.619859
190.938 0.620752
190.955 0.621658
190.972 0.622576
190.988 0.623379
191.007 0.624456
191.022 0.625274
191.038 0.625865
191.055 0.626507
191.071 0.627194
191.087 0.627794
191.103 0.628445
191.119 0.629014
191.134 0.629388
191.152 0.629964
191.169 0.630469
191.185 0.631035
191.203 0.631656
191.218 0.632199
191.238 0.633174
191.257 0.634277
191.273 0.635367
191.288 0.636197
191.304 0.636922
191.321 0.637807
191.337 0.638456
191.352 0.639024
191.368 0.639521
191.385 0.640081
191.402 0.640696
191.419 0.641359
191.432 0.641564
191.449 0.641868
191.465 0.642135
191.482 0.642368
191.499 0.642947
191.516 0.643454
191.532 0.644022
191.548 0.644394
191.565 0.644845
191.581 0.645239
191.597 0.645584
191.613 0.645886
191.628 0.646026
191.644 0.646272
191.661 0.646613
191.677 0.646912
191.694 0.647298
191.71 0.64776
191.727 0.648165
191.742 0.64852
191.757 0.64858
191.774 0.648757
191.79 0.649038
191.808 0.649408
191.824 0.649732
191.84 0.650015
191.858 0.650514
191.873 0.650949
191.89 0.651456
191.904 0.651649
191.922 0.652068
191.938 0.652434
191.953 0.652755
191.969 0.652911
191.986 0.653172
192 0.653275
192.018 0.653491
192.033 0.653679
192.049 0.653845
192.065 0.653864
192.08 0.653881
192.097 0.654021
192.113 0.654018
192.13 0.654141
192.146 0.654498
192.162 0.654686
192.179 0.6551
192.195 0.655338
192.212 0.655671
192.228 0.655962
192.244 0.656342
192.261 0.656674
192.277 0.65709
192.293 0.657328
192.308 0.657537
192.323 0.65747
192.34 0.657661
192.357 0.658079
192.372 0.658319
192.388 0.658404
192.405 0.658604
192.419 0.658528
192.436 0.658587
192.454 0.659014
192.47 0.659262
192.486 0.659604
192.504 0.660029
192.519 0.6604
192.536 0.66085
192.553 0.661244
192.568 0.661713
192.583 0.661999
192.602 0.662499
192.616 0.662812
192.633 0.663085
192.65 0.66345
192.666 0.663894
192.681 0.664157
192.697 0.664387
192.714 0.664714
192.729 0.664875
192.746 0.665015
192.762 0.665138
192.777 0.665371
192.793 0.665575
192.81 0.665878
192.827 0.666268
192.843 0.666485
192.859 0.666674
192.876 0.666965
192.893 0.667469
192.908 0.667786
192.924 0.667937
192.942 0.668445
192.957 0.668765
192.973 0.668919
192.99 0.669304
193.006 0.669641
193.022 0.669936
193.037 0.670194
193.054 0.670545
193.07 0.670727
193.085 0.670886
193.101 0.6709
193.12 0.671288
193.137 0.671877
193.153 0.672267
193.168 0.672609
193.185 0.673033
193.202 0.673528
193.217 0.673962
193.233 0.674217
193.249 0.674565
193.266 0.674994
193.282 0.67537
193.299 0.675824
193.315 0.676096
193.33 0.676334
193.348 0.676667
193.363 0.676959
193.379 0.677089
193.395 0.677328
193.41 0.677537
193.426 0.67772
193.442 0.67788
193.459 0.678145
193.475 0.678252
193.491 0.67847
193.508 0.678661
193.524 0.678829
193.539 0.678975
193.557 0.679228
193.573 0.679575
193.588 0.679628
193.605 0.679924
193.621 0.680184
193.637 0.680536
193.655 0.680969
193.67 0.681348
193.685 0.681554
193.701 0.681735
193.718 0.682018
193.733 0.682141
193.749 0.682248
193.766 0.682342
193.781 0.682299
193.802 0.682887
193.818 0.683401
193.834 0.683976
193.85 0.684479
193.867 0.685044
193.882 0.685539
193.899 0.686096
193.917 0.686709
193.933 0.687246
193.95 0.68784
193.966 0.68836
193.982 0.688815
193.998 0.689338
194.014 0.689671
194.031 0.690087
194.045 0.690326
194.058 0.69066
194.07 0.690953
194.082 0.691209
194.094 0.691433
194.107 0.691754
194.119 0.692034
194.131 0.69228
194.145 0.69262
194.157 0.692918
194.174 0.693803
198.722 0.681452
198.738 0.670646
198.755 0.66144
198.771 0.65351
198.789 0.646821
198.807 0.641219
198.823 0.636316
198.841 0.632277
198.855 0.628492
198.867 0.624556
198.883 0.621236
198.897 0.618332
198.911 0.615915
198.925 0.614176
198.935 0.612404
198.946 0.610603
198.956 0.608903
198.979 0.608165
198.998 0.607269
199.019 0.606736
199.033 0.605394
199.054 0.604345
199.077 0.603926
199.098 0.603561
199.118 0.603116
199.139 0.602976
199.167 0.603729
199.188 0.604513
199.209 0.605324
199.228 0.605908
199.249 0.60642
199.27 0.606992
199.29 0.607493
199.311 0.608057
199.331 0.60855
199.352 0.609106
199.371 0.609468
199.391 0.609659
199.404 0.609077
199.415 0.607442
199.426 0.604637
199.439 0.601432
199.452 0.597878
199.467 0.594143
199.473 0.589876
199.48 0.585016
199.486 0.579639
199.492 0.573934
199.501 0.568317
199.513 0.563028
199.53 0.558524
199.542 0.554334
199.556 0.550417
199.57 0.54699
199.583 0.543866
199.595 0.540758
199.611 0.538038
199.625 0.535658
199.641 0.533701
199.656 0.531863
199.668 0.530006
199.685 0.52863
199.701 0.527676
199.715 0.526592
199.73 0.525768
199.748 0.525422
199.763 0.525119
199.779 0.524854
199.794 0.524747
199.81 0.524904
199.825 0.524916
199.84 0.525051
199.856 0.525295
199.873 0.525633
199.887 0.525929
199.902 0.526313
199.917 0.526649
199.926 0.526068
199.937 0.525184
199.952 0.524411
199.974 0.52461
