0.0 0
0.0301987 0.03
0.0628553 0.03025
0.1068 0.0319687
0.147266 0.0328477
0.158564 0.0334917
0.1885 0.0339302
0.19445 0.033939
0.197898 0.0339466
0.200288 0.0340783
0.222535 0.0340685
0.225091 0.0340599
0.228535 0.0340524
0.232343 0.0341709
0.234733 0.0342745
0.237124 0.0344902
0.239514 0.0346789
0.241905 0.0349691
0.256405 0.0348479
0.258796 0.0348669
0.261186 0.0350086
0.263576 0.0352575
0.265967 0.0354753
0.268357 0.0357909
0.270748 0.036067
0.273138 0.0365587
0.275528 0.0369888
0.277919 0.0374902
0.280309 0.0381789
0.2827 0.0387816
0.28509 0.0395589
0.28748 0.040364
0.289871 0.0411935
0.292261 0.0421693
0.294652 0.0431482
0.297042 0.0427546
0.299432 0.0425353
0.301823 0.0424684
0.304213 0.0426598
0.306604 0.0429524
0.308994 0.0433333
0.311384 0.0437917
0.313775 0.0443177
0.316165 0.045028
0.318556 0.0457745
0.320946 0.0465527
0.323336 0.0474836
0.325727 0.0482981
0.328117 0.0492609
0.330508 0.0502283
0.332898 0.0511997
0.335288 0.0521748
0.337679 0.0532779
0.340069 0.0544932
0.34246 0.0556815
0.34485 0.0567213
0.34724 0.0578812
0.349631 0.059021
0.352021 0.0602684
0.354412 0.0613598
0.356802 0.0624399
0.359192 0.0636349
0.361583 0.0648055
0.363973 0.0658298
0.366364 0.0669761
0.368754 0.0681041
0.371144 0.0690911
0.373535 0.0700797
0.375925 0.0710697
0.378316 0.072186
0.380706 0.0732878
0.383096 0.0745018
0.385487 0.0755641
0.387877 0.0766186
0.390268 0.0777912
0.392658 0.0789423
0.395048 0.0800745
0.397439 0.0813152
0.399829 0.0824008
0.40222 0.0836007
0.40461 0.0845256
0.407 0.0855849
0.409391 0.0862618
0.411781 0.0869791
0.414172 0.0874817
0.416562 0.0880465
0.418952 0.0882907
0.421343 0.0887543
0.423733 0.089035
0.426124 0.0895307
0.428514 0.0894643
0.430904 0.0887813
0.433295 0.0876836
0.435685 0.0862232
0.438076 0.0844453
0.440466 0.0822646
0.442856 0.0798565
0.445247 0.0772495
0.447637 0.0743433
0.450027 0.0714254
0.452418 0.0682472
0.454808 0.0649663
0.460741 0.0619705
0.463131 0.0588492
0.468781 0.0559931
0.477258 0.0537439
0.485624 0.0519009
0.496381 0.0509133
0.502954 0.0499241
0.510126 0.0493086
0.520285 0.0491451
0.528651 0.0491269
0.537018 0.0494861
0.547177 0.0501753
0.553774 0.0507784
0.556762 0.0513061
0.55975 0.0518928
0.56453 0.0526562
0.567518 0.0534492
0.570506 0.054268
0.574092 0.0551095
0.578275 0.0560958
0.583056 0.0572089
0.587837 0.0584328
0.591444 0.0597537
0.596203 0.0611595
0.600984 0.0626395
0.605167 0.0641846
0.608753 0.0656615
0.612936 0.0670788
0.617717 0.068694
0.622497 0.0704822
0.626105 0.0721719
0.630864 0.0739004
0.635645 0.0756629
0.638035 0.07733
0.642816 0.0791638
0.645228 0.0808933
0.648216 0.0825316
0.651204 0.0840902
0.653594 0.0854539
0.655985 0.0866472
0.660168 0.0881913
0.663156 0.0896674
0.665546 0.0909589
0.668534 0.0922141
0.673315 0.0936873
0.676901 0.0946014
0.686462 0.0964012
0.691841 0.0976011
0.699609 0.0992759
0.706183 0.100991
0.71278 0.102868
0.718756 0.104509
0.725927 0.106445
0.728915 0.10789
0.737281 0.110029
0.74266 0.11165
0.752221 0.114069
0.757002 0.11606
0.765368 0.118428
0.768954 0.119999
0.77732 0.122249
0.780906 0.123968
0.783894 0.125472
0.786882 0.126913
0.78987 0.128299
0.793456 0.129512
0.801224 0.131323
0.80481 0.132782
0.807798 0.13406
0.810786 0.135177
0.815567 0.13653
0.819152 0.137589
0.833495 0.13989
0.838275 0.141279
0.853215 0.143994
0.856227 0.145495
0.871188 0.148308
0.874176 0.149769
0.889116 0.152673
0.892104 0.154214
0.904654 0.156812
0.910032 0.158711
0.926765 0.161997
0.931546 0.163997
0.945291 0.167123
0.948876 0.168982
0.962621 0.171985
0.967402 0.173986
0.971585 0.175988
0.974573 0.177615
0.977561 0.179038
0.981146 0.180533
0.992501 0.182966
0.997282 0.184471
1.00206 0.186162
1.00505 0.187392
1.00983 0.188843
1.01282 0.189737
1.03553 0.193145
1.04031 0.194627
1.06184 0.198174
1.06483 0.199527
1.08694 0.203211
1.09053 0.20506
1.11085 0.208927
1.11384 0.210686
1.13296 0.214226
1.13654 0.216197
1.16403 0.221173
1.16881 0.223526
1.18973 0.227835
1.19332 0.230231
1.21363 0.234452
1.21841 0.236896
1.2232 0.239409
1.22678 0.241108
1.23096 0.242844
1.23395 0.244364
1.24949 0.247318
1.25427 0.248903
1.26084 0.25079
1.26443 0.252067
1.26921 0.253558
1.2722 0.254489
1.30507 0.259052
1.30985 0.260671
1.34272 0.266087
1.3463 0.268201
1.37917 0.273801
1.38216 0.276326
1.41024 0.28166
1.41323 0.284078
1.44192 0.289443
1.4461 0.292263
1.48494 0.299105
1.49092 0.302342
1.52259 0.308924
1.52737 0.312308
1.55666 0.318645
1.56144 0.322064
1.56801 0.325681
1.571 0.328096
1.57578 0.330584
1.57877 0.332511
1.59968 0.336572
1.60446 0.338626
1.61462 0.341422
1.61761 0.34312
1.62239 0.344855
1.62538 0.345998
1.67319 0.352748
1.67677 0.35478
1.72757 0.362557
1.73056 0.365488
1.77657 0.373552
1.78016 0.376733
1.8184 0.384016
1.82139 0.387264
1.86502 0.395231
1.8704 0.399202
1.92657 0.409427
1.93135 0.413874
1.98095 0.423514
1.98513 0.428325
2.02816 0.437659
2.03294 0.442202
2.04131 0.446927
2.0443 0.450436
2.05027 0.453881
2.05386 0.456646
2.08135 0.46219
2.08434 0.464917
2.10167 0.469052
2.10465 0.471421
2.10943 0.473868
2.11242 0.475759
2.18174 0.485665
2.18473 0.488706
2.25943 0.500368
2.26242 0.504447
2.32756 0.515891
2.33055 0.52053
2.38553 0.531214
2.38851 0.535812
2.45425 0.547835
2.45903 0.553481
2.54508 0.568796
2.54807 0.575196
2.62397 0.589922
2.62875 0.596932
2.6897 0.61044
2.69269 0.61701
2.70584 0.624134
2.70883 0.629367
2.71719 0.634571
2.72018 0.63875
2.75903 0.646906
2.76201 0.650918
2.78472 0.656928
2.78831 0.660437
2.79428 0.664007
2.79727 0.666757
2.89827 0.681537
2.90125 0.686095
3.00822 0.703208
3.01181 0.709057
3.10743 0.72605
3.11041 0.732919
3.18691 0.748179
3.18989 0.754906
3.29208 0.773418
3.29507 0.781741
3.42654 0.805023
3.42953 0.81477
3.54188 0.837049
3.54666 0.847543
3.63391 0.867225
3.6375 0.877072
3.65423 0.887563
3.65722 0.895368
3.66738 0.903197
3.67036 0.909297
3.72534 0.921135
3.73012 0.927118
3.76 0.935728
3.76299 0.940762
3.76956 0.945667
3.77255 0.949459
3.92195 0.971151
3.92554 0.978007
4.08271 1.00338
4.08749 1.01271
4.22673 1.03787
4.22972 1.04826
4.33848 1.0706
4.34206 1.08103
4.49804 1.10927
4.50222 1.12174
4.65401 1.15127
4.657 1.16086
4.76935 1.18313
4.77293 1.18886
4.86496 1.20513
4.86795 1.20799
4.88349 1.21224
4.88648 1.21421
4.89783 1.21693
4.90142 1.21844
4.9564 1.22639
4.98988 1.23034
7.67726 1.09142
7.68085 0.969869
7.68384 0.863385
7.69101 0.770712
7.694 0.688373
7.69699 0.616202
7.69997 0.553051
7.70296 0.49767
7.70655 0.449211
7.70954 0.406685
7.71252 0.369349
7.71551 0.336556
7.7179 0.307736
7.72029 0.282394
7.72268 0.25997
7.73284 0.241099
7.73702 0.224711
7.76451 0.207497
7.7681 0.192435
7.77109 0.179006
7.78125 0.168005
7.78424 0.158004
7.78842 0.149254
7.79141 0.141472
7.79499 0.134538
7.79798 0.128346
7.80097 0.122928
7.80635 0.118437
7.8183 0.115507
7.82129 0.112819
7.82368 0.110216
7.82607 0.107814
7.82846 0.105588
7.83384 0.103764
7.85236 0.104044
7.85535 0.101663
7.87328 0.10133
7.87627 0.100289
7.87925 0.0992528
7.88284 0.0983462
7.88583 0.097428
7.88881 0.0964995
7.893 0.095687
7.89718 0.0951011
7.90435 0.0949635
7.90734 0.0939681
7.90975 0.0930971
7.91214 0.0923349
7.91451 0.0915431
7.91869 0.0909752
7.9414 0.0929783
7.94499 0.092481
7.96112 0.0935459
7.9665 0.0931026
7.97128 0.0928398
7.97487 0.0924848
7.97786 0.0920492
7.98264 0.0919181
7.98742 0.0919283
7.9916 0.0919373
7.99638 0.0920701
8.00116 0.0921863
8.00415 0.0921631
8.00714 0.0920177
8.00953 0.0916405
8.01491 0.0914354
8.01909 0.091381
8.02925 0.0904584
8.03164 0.0894011
8.04479 0.0878509
8.04957 0.0867446
8.05196 0.0852765
8.05435 0.0838669
8.05674 0.0823836
8.05913 0.0810856
8.06152 0.0796999
8.06391 0.0782374
8.0663 0.0764577
8.06929 0.0747755
8.07228 0.0731786
8.07825 0.0720313
8.08423 0.0712774
8.08841 0.0707427
8.10276 0.0710248
8.10515 0.0711467
8.1159 0.0710034
8.12009 0.071003
8.12606 0.0713776
8.12967 0.0717054
8.13503 0.0723672
8.1404 0.0731963
8.14279 0.0737968
8.14578 0.0743222
8.14937 0.0749069
8.15355 0.0755435
8.15833 0.0763506
8.16252 0.0771818
8.17031 0.0782841
8.17566 0.0792485
8.1918 0.0803425
8.19897 0.0815497
8.20674 0.082606
8.21391 0.0839052
8.22108 0.0851671
8.22706 0.0865212
8.23303 0.087831
8.24259 0.0896022
8.2647 0.0934019
8.2904 0.0994766
8.30713 0.106542
8.31132 0.112724
8.3161 0.118259
8.31849 0.122851
8.32745 0.12712
8.33223 0.13098
8.40634 0.141232
8.42845 0.152453
8.48462 0.168022
8.50793 0.184019
8.56171 0.203392
8.56649 0.220468
8.57546 0.235534
8.58143 0.248967
8.5892 0.258347
8.59219 0.266428
8.60056 0.269625
8.60414 0.272547
8.60832 0.274978
8.61071 0.276981
8.62207 0.279233
8.62745 0.281204
8.64717 0.275929
8.64958 0.271188
8.65255 0.258164
8.65494 0.246519
8.66271 0.228204
8.66512 0.212178
8.66751 0.197031
8.6699 0.183402
8.67406 0.171102
8.67765 0.160089
8.68243 0.150203
8.6878 0.141678
8.69139 0.134343
8.69617 0.12805
8.70693 0.122544
8.7129 0.117976
8.73262 0.113854
8.7386 0.110497
8.74637 0.10806
8.75055 0.105927
8.75593 0.104187
8.75832 0.102538
8.7631 0.101221
8.76669 0.0999433
8.77147 0.0989504
8.77446 0.0980816
8.77864 0.0973214
8.78462 0.0969062
8.7936 0.097168
8.80015 0.097772
8.82047 0.0996755
8.82525 0.101466
8.86708 0.105533
8.87067 0.108966
8.88621 0.112845
8.89457 0.11674
8.90294 0.120272
8.90712 0.123488
8.91489 0.126677
8.92027 0.129718
8.92625 0.132753
8.93342 0.135784
8.937 0.138436
8.94059 0.140756
8.95553 0.143287
8.95971 0.145626
8.9878 0.148173
8.99318 0.150526
9.09238 0.159835
9.09596 0.167856
9.1115 0.174874
9.11389 0.180765
9.13361 0.186919
9.13839 0.192429
9.14557 0.197126
9.15035 0.20136
9.15752 0.20494
9.1623 0.208322
9.16827 0.211157
9.17126 0.213512
9.18441 0.215323
9.1868 0.216658
9.20772 0.216951
9.2621 0.223582
9.26628 0.217009
9.28481 0.213008
9.29377 0.208882
9.32066 0.208147
9.32485 0.205753
9.33261 0.204034
9.33739 0.202155
9.34516 0.201011
9.34994 0.199509
9.35532 0.198446
9.35951 0.197265
9.37146 0.197232
9.37504 0.196078
9.39237 0.196693
9.39596 0.195231
9.47544 0.203453
9.47962 0.204396
9.5107 0.208721
9.52086 0.210631
9.55134 0.215552
9.55492 0.217108
9.56568 0.21922
9.57046 0.220567
9.57763 0.222121
9.58241 0.222981
9.58779 0.223859
9.59257 0.224626
9.60094 0.225798
9.60691 0.226073
9.62006 0.227564
9.62364 0.227244
9.77783 0.245713
9.78858 0.253249
9.84595 0.266468
9.84834 0.273784
9.8848 0.284311
9.89077 0.290397
9.90033 0.296348
9.90511 0.300804
9.91169 0.304954
9.91587 0.30821
9.92364 0.311558
9.92842 0.314239
9.93679 0.317084
9.94157 0.318948
9.95113 0.32133
9.95471 0.322289
10.0031 0.328627
10.0073 0.314549
10.0575 0.307855
10.0647 0.296123
10.1358 0.294233
10.1418 0.288454
10.1621 0.285522
10.1704 0.282582
10.1806 0.280759
10.1878 0.279164
10.1991 0.278769
10.2087 0.277798
10.2135 0.277073
10.2212 0.276189
10.2248 0.27529
10.2834 0.275754
10.2876 0.276285
10.5242 0.283499
10.5451 0.289312
10.5726 0.294773
10.6007 0.299926
10.6133 0.30306
10.6192 0.305928
10.6252 0.308687
10.6288 0.310851
10.6324 0.312745
10.8342 0.339027
10.8535 0.337648
10.8625 0.337067
10.8774 0.336434
10.8834 0.33613
10.9067 0.338113
10.9127 0.338099
10.9372 0.340587
10.9431 0.340513
10.9503 0.340824
10.9563 0.340596
10.9611 0.340522
10.9647 0.340206
10.97 0.340181
10.9736 0.339908
10.9802 0.340045
10.9862 0.340289
10.991 0.340378
10.9957 0.340581
11.1655 0.361383
11.187 0.359835
11.1935 0.356981
11.1995 0.354858
11.2043 0.353001
11.2162 0.352501
11.2198 0.350938
11.2246 0.349696
11.2294 0.348859
11.2491 0.350127
11.2551 0.349486
11.2611 0.348925
11.2682 0.348559
11.2754 0.348489
11.285 0.348303
11.2909 0.34814
11.2975 0.348123
11.3029 0.347982
11.3077 0.34786
11.3113 0.347752
11.316 0.347658
11.3202 0.347451
11.3268 0.34752
11.3316 0.34758
11.3364 0.347757
11.3417 0.347913
11.3459 0.348048
11.3507 0.348167
11.3567 0.348396
11.3621 0.348847
11.3692 0.349491
11.3728 0.34993
11.521 0.368313
11.527 0.367024
11.5521 0.368521
11.5569 0.367456
11.564 0.366899
11.5676 0.366037
11.5802 0.366282
11.585 0.365622
11.5891 0.365169
11.5933 0.364648
11.6148 0.366317
11.6208 0.365777
11.6292 0.365805
11.6346 0.365455
11.6453 0.366023
11.6501 0.36552
11.6585 0.36558
11.6627 0.365132
11.6692 0.364991
11.674 0.364742
11.7075 0.367899
11.7224 0.365787
11.7284 0.363938
11.882 0.363321
11.8891 0.362906
11.9142 0.362668
11.9214 0.362459
11.9298 0.362527
11.937 0.362711
11.9429 0.362497
11.9501 0.362435
11.9573 0.362506
11.9644 0.362692
11.9794 0.362731
11.9866 0.36289
11.9925 0.362903
12.0003 0.363165
12.0099 0.363145
12.017 0.363252
12.0236 0.363345
12.0302 0.363302
12.2716 0.365514
12.2991 0.369825
12.3087 0.371222
12.3182 0.372694
12.3266 0.373857
12.3338 0.374625
12.3421 0.375547
12.3481 0.376229
12.3559 0.37695
12.3672 0.378206
12.375 0.378806
12.381 0.379205
12.3881 0.379679
12.4037 0.381219
12.415 0.381442
12.6648 0.382637
12.6744 0.383807
12.6923 0.384706
12.7019 0.385493
12.7126 0.386306
12.7228 0.387143
12.7312 0.387875
12.7407 0.388516
12.7491 0.389076
12.7586 0.389567
12.7658 0.389746
12.7754 0.389903
12.7837 0.389915
12.7933 0.39005
12.8029 0.390169
12.8136 0.390523
13.0563 0.390583
13.0658 0.390635
13.0843 0.39068
13.0945 0.390845
13.1076 0.391115
13.1166 0.39135
13.1262 0.391557
13.1351 0.391737
13.1441 0.391895
13.1543 0.392158
13.1632 0.392388
13.171 0.39234
13.1817 0.392422
13.1907 0.392494
13.1997 0.392558
13.2092 0.392738
13.5158 0.401021
13.526 0.408268
13.5433 0.41461
13.5505 0.420158
13.5672 0.425014
13.5744 0.429262
13.5869 0.432979
13.5929 0.436107
13.6054 0.439093
13.6138 0.441832
13.627 0.444103
13.6389 0.446215
13.6509 0.448063
13.6604 0.449555
13.6748 0.451111
13.6861 0.452472
13.955 0.450663
13.9646 0.44908
13.9843 0.44782
13.9939 0.446718
14.0088 0.445628
14.0184 0.444799
14.0279 0.444074
14.0381 0.44369
14.0477 0.443354
14.0572 0.44306
14.0698 0.442802
14.0793 0.442702
14.0937 0.442364
14.1021 0.442319
14.1176 0.442154
14.1248 0.44201
14.4493 0.448383
14.4582 0.45396
14.4773 0.45884
14.4869 0.46311
14.5012 0.466722
14.5096 0.469756
14.5234 0.472662
14.5329 0.475204
14.5413 0.477429
14.5514 0.479375
14.5616 0.480828
14.5724 0.48235
14.5873 0.483556
14.5975 0.484736
14.6118 0.485644
14.6214 0.486439
15.002 0.494759
15.0176 0.502664
15.0481 0.511206
15.0576 0.51868
15.072 0.52497
15.0827 0.530724
15.0959 0.535883
15.1066 0.540523
15.1156 0.544583
15.1239 0.54801
15.1365 0.551134
15.1461 0.553992
15.1616 0.556368
15.1712 0.558572
15.1855 0.56025
15.1957 0.561844
15.6313 0.570114
15.6445 0.577849
15.6953 0.586243
15.712 0.594463
15.7329 0.602655
15.7496 0.610823
15.7807 0.61997
15.7933 0.628474
15.8058 0.63579
15.8148 0.642191
15.8249 0.647917
15.8351 0.653177
15.853 0.657655
15.8638 0.661698
15.8745 0.665111
15.8871 0.668472
16.3777 0.677913
16.3903 0.686674
16.4566 0.69584
16.4697 0.70436
16.5074 0.71294
16.5211 0.721072
16.5725 0.729938
16.5863 0.738196
16.6197 0.747297
16.6365 0.756259
16.6532 0.764977
16.6705 0.773605
16.7022 0.782779
16.7207 0.791932
16.7393 0.800815
16.7494 0.808713
17.2974 0.822499
17.3088 0.834812
17.39 0.847085
17.402 0.858075
17.4522 0.868565
17.4629 0.87812
17.5353 0.88873
17.552 0.898514
17.5998 0.908574
17.6118 0.917753
17.6464 0.927033
17.6602 0.935779
17.7139 0.944932
17.7271 0.953565
17.7647 0.962245
17.7821 0.970839
18.3928 0.986359
18.4018 0.999939
18.4813 1.01107
18.4884 1.02056
18.541 1.02874
18.5506 1.0359
18.6223 1.04204
18.6324 1.04753
18.6886 1.05259
18.697 1.05689
18.737 1.06091
18.7448 1.06442
18.8069 1.06774
18.8207 1.0709
18.8595 1.07354
18.8715 1.07622
19.4888 1.07857
19.499 1.08075
19.5097 1.0829
19.5199 1.08491
19.5814 1.08655
19.5898 1.08773
19.6018 1.08914
19.6119 1.0905
19.6448 1.09194
19.6561 1.09357
19.6657 1.09487
19.6765 1.09626
19.7308 1.10311
19.744 1.10397
19.7565 1.10522
19.8683 1.10719
19.94 1.11654
19.9537 1.11785
19.983 1.12149
19.9962 1.12281
20.0075 1.12396
20.6476 1.12821
20.6589 1.13206
20.6703 1.13568
20.6828 1.13897
20.693 1.14185
20.7061 1.14474
20.7181 1.14752
20.7288 1.14996
20.7468 1.15296
20.7593 1.15497
20.7713 1.15697
20.782 1.15885
20.7946 1.16062
20.8065 1.16242
20.8179 1.16399
20.8298 1.16562
20.8442 1.16766
20.8549 1.16933
20.8663 1.17104
20.8794 1.17278
20.8908 1.17444
20.9015 1.17601
20.9159 1.17776
20.926 1.17941
20.9392 1.18111
20.9523 1.18297
20.9625 1.1846
20.9786 1.18665
20.9894 1.18857
21.0019 1.19037
21.0766 1.20008
21.0892 1.20169
21.1011 1.20323
21.1597 1.2052
21.1716 1.20705
21.1842 1.20904
21.1961 1.21091
21.2117 1.21267
21.2236 1.21447
21.2368 1.21641
21.2487 1.21823
21.2613 1.2202
21.4661 1.24618
26.3585 1.10616
26.3728 0.983886
26.3908 0.877775
26.4045 0.785178
26.4236 0.705031
26.438 0.635152
26.4511 0.574258
26.4637 0.521101
26.4762 0.474713
26.4894 0.434249
26.5043 0.399218
26.5181 0.368816
26.5336 0.342714
26.5515 0.320624
26.5862 0.304171
26.6083 0.291025
26.6214 0.279647
26.6322 0.269691
26.6454 0.261105
26.6561 0.253467
26.6699 0.246908
26.6824 0.241295
26.6967 0.236758
26.7117 0.233163
26.7254 0.230268
26.7362 0.227609
26.7487 0.225283
26.7619 0.223498
26.7649 0.220811
26.7673 0.217334
26.7732 0.213542
26.7942 0.21135
26.8079 0.209681
26.8288 0.209346
26.8426 0.209303
26.8539 0.20914
26.8659 0.208997
26.8772 0.208998
26.8886 0.208873
26.8987 0.208514
26.9113 0.208325
26.925 0.208409
26.9382 0.208733
26.9495 0.208891
26.9669 0.209655
26.9788 0.210323
26.983 0.209908
26.9908 0.209544
27.0039 0.209726
27.0236 0.21126
27.035 0.212853
27.0457 0.214621
27.0589 0.216669
27.0702 0.218835
27.0792 0.220731
27.0888 0.222514
27.0971 0.224075
27.1061 0.225441
27.1157 0.226636
27.124 0.227806
27.1348 0.228955
27.142 0.229711
27.1521 0.230622
27.1653 0.232044
27.1742 0.233289
27.1826 0.234253
27.1934 0.235346
27.2053 0.236803
27.2155 0.238202
27.2274 0.239802
27.2364 0.241202
27.2495 0.242927
27.2722 0.245561
27.2949 0.248741
27.3129 0.252023
27.3308 0.25527
27.3499 0.258736
27.3637 0.261644
27.378 0.264189
27.3918 0.26629
27.4067 0.268129
27.4204 0.269738
27.4324 0.270771
27.4485 0.272049
27.4605 0.272918
27.4778 0.274053
27.491 0.275297
27.5029 0.27651
27.5178 0.278196
27.531 0.279921
27.5483 0.282431
27.5621 0.285127
27.5758 0.287736
27.589 0.290394
27.6045 0.293345
27.6165 0.296177
27.626 0.29853
27.6356 0.300464
27.6481 0.302406
27.6589 0.304105
27.6732 0.306092
27.6846 0.307955
27.6959 0.309586
27.7055 0.311013
27.7168 0.312261
27.7276 0.313478
27.7372 0.314419
27.7491 0.315491
27.7617 0.316555
27.7718 0.317486
27.7832 0.318425
27.7939 0.319247
27.8047 0.319966
27.8137 0.32047
27.8232 0.320786
27.8382 0.321688
27.8501 0.322727
27.8668 0.324261
27.8806 0.326104
27.8955 0.328216
27.9075 0.330314
27.9182 0.332149
27.932 0.334131
27.9469 0.336364
27.9613 0.338944
27.9738 0.341326
27.9858 0.34366
27.9947 0.345453
28.0055 0.347146
28.0186 0.348878
28.0282 0.350393
28.0396 0.351719
28.0503 0.353004
28.0617 0.354129
28.0706 0.354987
28.0826 0.355864
28.0921 0.356631
28.1029 0.357177
28.1202 0.358655
28.1316 0.359948
28.1429 0.361205
28.1543 0.362429
28.165 0.363625
28.1752 0.364672
28.1854 0.365463
28.1967 0.36628
28.2105 0.36737
28.2236 0.368699
28.2386 0.370362
28.2505 0.372066
28.2642 0.373933
28.2768 0.375816
28.2887 0.377589
28.3025 0.379641
28.3133 0.381436
28.324 0.383131
28.3395 0.385115
28.3509 0.386975
28.3652 0.389104
28.3808 0.391591
28.3963 0.394392
28.4065 0.396843
28.4172 0.398987
28.4292 0.401114
28.4387 0.402725
28.4483 0.404134
28.4609 0.405492
28.4722 0.406931
28.4812 0.408064
28.4931 0.409181
28.5021 0.410034
28.5134 0.41078
28.5194 0.410932
28.5314 0.411191
28.5457 0.411917
28.5589 0.412802
28.5696 0.413702
28.5792 0.414364
28.5905 0.415069
28.6013 0.415685
28.6121 0.416349
28.6246 0.417056
28.6348 0.417674
28.6449 0.41809
28.6557 0.418578
28.6652 0.418881
28.6754 0.419146
28.6856 0.419253
28.6957 0.419346
28.7053 0.419303
28.7142 0.41914
28.7238 0.418747
28.7322 0.418279
28.7411 0.417744
28.7537 0.417401
28.7638 0.417101
28.7728 0.416588
28.7842 0.41639
28.7955 0.416216
28.8087 0.416439
28.8242 0.417259
28.8397 0.418602
28.8553 0.420402
28.8672 0.422226
28.8768 0.423573
28.8852 0.424751
28.8935 0.425783
28.9025 0.42681
28.9109 0.427708
28.9186 0.428495
28.927 0.429183
28.9354 0.42991
28.9461 0.430921
28.9527 0.431306
28.9718 0.433018
28.982 0.434391
29.0017 0.437092
29.0101 0.438205
29.022 0.43968
29.0292 0.44047
29.0465 0.442286
29.0543 0.442875
29.0686 0.444141
29.0764 0.444498
29.0901 0.445561
29.0979 0.445741
29.1122 0.446773
29.1248 0.446927
29.1379 0.447061
29.1487 0.446928
29.1618 0.446687
29.1732 0.446351
29.1863 0.446057
29.1989 0.44555
29.212 0.445231
29.2264 0.445077
29.2407 0.445068
29.2551 0.445184
29.2712 0.445661
29.2867 0.446329
29.3023 0.447288
29.316 0.448127
29.3256 0.448486
29.3363 0.448925
29.3477 0.449309
29.359 0.449896
29.3692 0.450284
29.3788 0.450498
29.3895 0.450811
29.3979 0.45071
29.4027 0.449996
29.411 0.449121
29.4266 0.448981
29.4451 0.449859
29.4571 0.450876
29.4666 0.451517
29.4762 0.452077
29.4875 0.452568
29.4989 0.453122
29.5084 0.453481
29.5204 0.454046
29.5324 0.454665
29.5413 0.455082
29.5527 0.455447
29.5622 0.455766
29.5712 0.455795
29.5837 0.456071
29.5933 0.456187
29.6041 0.456414
29.6136 0.456362
29.6232 0.456317
29.6339 0.456152
29.6453 0.456258
29.6537 0.456101
29.6656 0.456088
29.6764 0.456202
29.6883 0.456427
29.6997 0.456749
29.7098 0.456905
29.7242 0.457667
29.7457 0.459584
29.7594 0.460386
29.7798 0.462212
29.7893 0.462936
29.7989 0.463319
29.8108 0.463904
29.8252 0.464916
29.8347 0.465176
29.8467 0.465529
29.8563 0.465838
29.8646 0.465733
29.8712 0.465267
29.8831 0.465108
29.8963 0.46522
29.9112 0.465942
29.922 0.46645
29.9315 0.466893
29.9441 0.467532
29.9525 0.46784
29.9644 0.468235
29.9752 0.468706
29.9865 0.469118
30.0003 0.469978
30.0098 0.470106
30.0212 0.470342
30.0308 0.470425
30.0415 0.470497
30.0523 0.470684
30.0624 0.470724
30.072 0.470633
30.0827 0.470554
30.0929 0.470485
30.1049 0.470549
30.1144 0.470606
30.1246 0.47053
30.1359 0.470589
30.1467 0.47064
30.158 0.470935
30.1688 0.471068
30.1802 0.471435
30.1933 0.472005
30.2064 0.47238
30.2321 0.474707
30.2429 0.474869
30.2596 0.47576
30.2698 0.475665
30.2841 0.476082
30.2949 0.475947
30.3056 0.475828
30.3176 0.475975
30.3296 0.476353
30.3373 0.475809
30.3499 0.475583
30.3594 0.47526
30.3786 0.476102
30.3857 0.47634
30.3953 0.476547
30.406 0.476854
30.4204 0.477497
30.4299 0.477435
30.4395 0.477256
30.4515 0.477349
30.4634 0.477555
30.4742 0.477861
30.4837 0.478003
30.4933 0.478003
30.5046 0.478127
30.5154 0.478236
30.5286 0.478707
30.5369 0.478244
30.5501 0.478338
30.5602 0.478421
30.5704 0.478368
30.5805 0.478322
30.5901 0.478157
30.5997 0.478012
30.6098 0.478136
30.6182 0.477994
30.6319 0.478495
30.6403 0.478433
30.654 0.479129
30.6636 0.479113
30.6827 0.480473
30.6923 0.480539
30.7228 0.483347
30.7317 0.483179
30.7491 0.484281
30.7604 0.484246
30.7748 0.484965
30.7849 0.484845
30.7975 0.485364
30.8052 0.485194
30.8232 0.486294
30.8351 0.486508
30.8477 0.486444
30.865 0.486889
30.8787 0.487403
30.8907 0.487727
30.9038 0.487886
30.917 0.488026
30.9307 0.488272
30.9427 0.488238
30.9576 0.488459
30.9708 0.488651
30.9833 0.48882
30.9965 0.488842
31.0084 0.488737
31.0192 0.488395
31.0323 0.488346
31.0407 0.488052
31.052 0.487921
31.0628 0.487806
31.0724 0.48758
31.0843 0.487632
31.0939 0.487428
31.104 0.487375
31.1148 0.487203
31.1273 0.487428
31.1369 0.487499
31.1477 0.487562
31.1584 0.487742
31.1704 0.488024
31.1817 0.488396
31.1913 0.488596
31.2044 0.489147
31.2158 0.489628
31.2259 0.49005
31.2355 0.490294
31.2522 0.491382
31.2642 0.492084
31.2773 0.492949
31.2881 0.49333
31.2989 0.493664
31.309 0.493956
31.3413 0.496961
31.3461 0.497966
31.3568 0.49872
31.3921 0.501255
31.4064 0.503848
31.416 0.505492
31.4297 0.507431
31.4405 0.508752
31.459 0.510908
31.4692 0.511794
31.4877 0.51357
31.4973 0.514124
31.5116 0.515108
31.523 0.515595
31.5331 0.516021
31.5451 0.516643
31.557 0.517313
31.5678 0.517399
31.5785 0.517599
31.5893 0.517774
31.5994 0.517927
31.6084 0.517811
31.6204 0.51796
31.6311 0.51809
31.6425 0.518329
31.6514 0.518288
31.6622 0.518377
31.6741 0.51858
31.6885 0.519257
31.6981 0.51935
31.7094 0.519431
31.7214 0.519752
31.7357 0.520408
31.7471 0.520732
31.7578 0.521016
31.7668 0.521014
31.7829 0.521762
31.7937 0.522042
31.808 0.522787
31.8176 0.522813
31.8259 0.522462
31.8295 0.521404
31.8618 0.523228
31.8899 0.5247
31.9186 0.528237
31.9317 0.528958
31.9502 0.530713
31.9598 0.531499
31.9759 0.532936
31.9855 0.533694
32.0022 0.535108
32.0142 0.535719
32.0309 0.536879
32.0429 0.537144
32.0602 0.538376
32.0698 0.538329
32.0817 0.538538
32.0913 0.538596
32.102 0.538771
32.1128 0.5388
32.1265 0.539325
32.1367 0.539284
32.148 0.539374
32.1588 0.539452
32.1696 0.539521
32.1791 0.53958
32.1887 0.539383
32.2006 0.53946
32.2102 0.539403
32.2221 0.539602
32.2365 0.540152
32.2478 0.540258
32.2586 0.540476
32.2688 0.540541
32.2867 0.541599
32.298 0.541774
32.3106 0.542052
32.3207 0.542296
32.3327 0.542759
32.3411 0.542914
32.3566 0.543925
32.365 0.543809
32.3721 0.543708
32.3805 0.543619
32.402 0.545292
32.405 0.54088
32.4343 0.539645
32.4439 0.535565
32.4803 0.535619
32.4941 0.534792
32.5311 0.537693
32.546 0.537231
32.5676 0.536577
32.5819 0.536005
32.5962 0.535629
32.6106 0.535301
32.6225 0.534888
32.6369 0.534527
32.6512 0.534336
32.665 0.534044
32.6793 0.533914
32.6919 0.533674
32.7074 0.533715
32.7217 0.533751
32.7337 0.533532
32.7444 0.53334
32.7546 0.533048
32.7666 0.533042
32.7773 0.533037
32.7905 0.533282
32.8018 0.533497
32.8132 0.53381
32.8239 0.533959
32.8377 0.534464
32.8478 0.534781
32.8586 0.535058
32.8693 0.535301
32.8807 0.535638
32.8915 0.535933
32.9022 0.536192
32.9136 0.536418
32.9249 0.536616
32.9423 0.537664
32.9554 0.538831
32.9685 0.540102
32.9823 0.541589
32.9942 0.54314
33.011 0.545123
33.0474 0.547733
33.0618 0.550391
33.1024 0.552717
33.1144 0.554877
33.1395 0.556643
33.1514 0.558312
33.1658 0.559648
33.1777 0.560942
33.1944 0.56195
33.2052 0.562831
33.2213 0.563727
33.2345 0.564761
33.2512 0.565541
33.2632 0.566348
33.2817 0.567055
33.2936 0.567798
33.308 0.568323
33.3187 0.568783
33.3295 0.569185
33.3414 0.569662
33.3528 0.570079
33.3648 0.570569
33.3797 0.571123
33.3916 0.571733
33.4203 0.574516
33.4371 0.577702
33.4478 0.580364
33.4592 0.582818
33.4717 0.585091
33.4819 0.58708
33.4932 0.588945
33.504 0.590452
33.5159 0.591895
33.5273 0.593283
33.5548 0.595498
33.5691 0.598061
33.5877 0.600678
33.6002 0.603218
33.6199 0.605441
33.6349 0.608011
33.6839 0.611135
33.6988 0.614493
33.7526 0.618556
33.7645 0.622237
33.7896 0.625332
33.801 0.628166
33.8165 0.630645
33.8273 0.632814
33.8452 0.634712
33.856 0.636248
33.8709 0.637592
33.8817 0.638768
33.9008 0.639922
33.9122 0.641057
33.9313 0.64205
33.9444 0.643169
33.9618 0.644023
33.9737 0.644895
33.9839 0.645533
33.9946 0.646091
34.0054 0.64658
34.0185 0.647382
34.0335 0.648085
34.046 0.648949
34.0514 0.64658
34.0574 0.643883
34.0843 0.642647
34.0956 0.641817
34.1124 0.641464
34.1219 0.641281
34.1369 0.641246
34.1452 0.64134
34.1596 0.641423
34.1703 0.64187
34.2098 0.643136
34.2187 0.644369
34.2468 0.646073
34.2546 0.647564
34.2845 0.649368
34.2934 0.651072
34.3586 0.653938
34.3753 0.656821
34.4673 0.663718
34.4817 0.669754
34.5044 0.675034
34.5199 0.67978
34.5343 0.684058
34.5468 0.687675
34.5617 0.690966
34.5767 0.69397
34.5886 0.696349
34.6 0.69843
34.6161 0.700627
34.6263 0.702423
34.6502 0.70412
34.6615 0.70573
34.6777 0.706764
34.6896 0.707793
34.701 0.708694
34.7135 0.709733
34.7249 0.710641
34.7368 0.711686
34.7566 0.712725
34.7685 0.713759
34.7805 0.71479
34.7954 0.716191
34.8169 0.717792
34.8271 0.719193
34.8444 0.720669
34.8576 0.72221
34.8737 0.723809
34.8862 0.725458
34.8958 0.726651
34.9095 0.728069
34.9591 0.730436
34.9723 0.732756
34.9998 0.734912
35.0105 0.736798
35.0392 0.738823
35.053 0.740845
35.0649 0.742739
35.1402 0.745397
35.1534 0.747972
35.2914 0.755226
35.3129 0.762823
35.3589 0.77197
35.3697 0.779974
35.3846 0.786977
35.3954 0.79323
35.4145 0.798701
35.4271 0.803738
35.4426 0.808146
35.4558 0.812253
35.4719 0.816096
35.4815 0.819334
35.5054 0.822292
35.5161 0.825006
35.5352 0.82738
35.5466 0.829458
35.5627 0.8314
35.5741 0.833225
35.5872 0.835197
35.598 0.836798
35.6243 0.838698
35.6356 0.840361
35.653 0.842191
35.6667 0.844167
35.687 0.846146
35.699 0.847878
35.7229 0.849643
35.736 0.851563
35.7504 0.853117
35.7641 0.854853
35.8346 0.857371
35.8789 0.859575
35.8914 0.861753
35.9225 0.864034
35.9344 0.866154
35.947 0.86801
35.9607 0.870009
36.0474 0.872633
36.0575 0.875054
36.2434 0.881922
36.2559 0.888307
36.3324 0.897393
36.3581 0.906844
36.3844 0.916489
36.4119 0.926428
36.4394 0.936874
36.4639 0.94714
36.48 0.956497
36.4962 0.96481
36.5105 0.972084
36.5267 0.978573
36.541 0.984127
36.5559 0.989111
36.5733 0.993597
36.587 0.997772
36.6025 1.00143
36.6151 1.00475
36.6288 1.0079
36.6414 1.01079
36.6725 1.01382
36.6862 1.01672
36.7095 1.01975
36.7215 1.02241
36.7418 1.02486
36.7567 1.02737
36.7932 1.03083
36.8075 1.0331
36.8858 1.04346
36.9007 1.04528
36.9444 1.05099
36.9587 1.05224
36.9946 1.05634
37.0065 1.05742
37.0245 1.05912
37.0382 1.06048
37.129 1.07154
37.144 1.07248
37.3328 1.09542
37.3448 1.09374
37.4446 1.1034
37.4595 1.1021
37.5061 1.10546
37.5199 1.10503
37.5677 1.10915
37.5832 1.10926
37.6149 1.11172
37.6334 1.11388
37.6645 1.11815
37.6818 1.1215
37.7093 1.12657
37.7278 1.13125
37.7589 1.13771
37.7768 1.14313
37.7977 1.14911
37.8121 1.15422
37.83 1.15944
37.845 1.16389
37.879 1.17065
37.8934 1.17432
37.9185 1.17928
37.9328 1.18237
37.9567 1.18657
37.9699 1.18888
38.0027 1.19364
38.0111 1.19419
38.0906 1.19329
38.0989 1.19238
38.139 1.19071
38.1473 1.18924
38.7342 1.18646
38.7491 1.1844
38.7641 1.18298
38.779 1.18211
38.7963 1.18209
38.8119 1.18246
38.8256 1.18302
38.8423 1.18415
38.8609 1.18538
38.8746 1.18671
38.8943 1.18899
38.9081 1.19124
38.9212 1.19334
38.9338 1.19555
38.9451 1.19785
38.9565 1.20012
38.984 1.20286
38.9947 1.2055
39.0085 1.20844
39.0204 1.21138
39.0294 1.21396
39.0479 1.21734
43.9017 1.08555
43.9214 0.971229
43.9322 0.87095
43.9369 0.782206
43.9483 0.70443
43.9644 0.636877
43.9716 0.577017
43.9812 0.52439
43.9841 0.477216
43.9895 0.434939
43.9973 0.397447
44.0098 0.364516
44.0236 0.335951
44.0415 0.311708
44.0582 0.290994
44.081 0.27412
44.0857 0.258355
44.0923 0.24481
44.0989 0.233084
44.1067 0.223199
44.1144 0.214924
44.1192 0.207558
44.1252 0.201239
44.13 0.195584
44.1359 0.190761
44.1407 0.186416
44.1449 0.182489
44.1485 0.178928
44.1521 0.175687
44.1592 0.173101
44.1682 0.171213
44.173 0.169437
44.1808 0.168257
44.1885 0.1676
44.1987 0.167525
44.2059 0.167709
44.2142 0.168371
44.222 0.169199
44.2304 0.170424
44.2381 0.171746
44.2429 0.172778
44.2495 0.173931
44.2584 0.175439
44.2835 0.17926
44.314 0.185727
44.3218 0.191636
44.329 0.197057
44.3349 0.201925
44.3409 0.206184
44.3463 0.210036
44.3529 0.213532
44.3576 0.21659
44.3624 0.219266
44.3684 0.221608
44.3732 0.223657
44.3768 0.2252
44.3803 0.226425
44.3857 0.227372
44.3929 0.22845
44.4007 0.229769
44.4078 0.231173
44.4305 0.234651
44.4377 0.23782
44.4449 0.240842
44.4527 0.243862
44.4622 0.247129
44.4825 0.251738
44.4903 0.256146
44.4963 0.260128
44.5035 0.263862
44.51 0.267379
44.5166 0.270457
44.5244 0.273525
44.5315 0.276459
44.5363 0.279027
44.5459 0.281773
44.5507 0.284052
44.5584 0.28642
44.5644 0.288618
44.5668 0.290165
44.5692 0.291145
44.5716 0.291627
44.574 0.291673
44.5764 0.291464
44.5788 0.290906
44.5811 0.290043
44.5836 0.288913
44.5859 0.287548
44.5883 0.286105
44.5907 0.284342
44.5973 0.283049
44.6027 0.281918
44.6086 0.281053
44.617 0.280672
44.6254 0.280713
44.6349 0.281249
44.6427 0.282092
44.6487 0.282956
44.6546 0.283836
44.6594 0.284482
44.663 0.284922
44.6666 0.285056
44.675 0.285549
44.6881 0.286981
44.7096 0.290233
44.7228 0.294079
44.7311 0.297944
44.7359 0.301201
44.7395 0.303801
44.7419 0.305701
44.7443 0.307113
44.7485 0.308224
44.7724 0.311446
44.8005 0.31714
44.8291 0.325123
44.8507 0.334107
44.8566 0.342094
44.8596 0.348707
44.862 0.354244
44.8644 0.358713
44.8668 0.362249
44.8722 0.365343
44.8793 0.3683
44.8841 0.370888
44.8931 0.373652
44.8991 0.376195
44.905 0.378421
44.911 0.380493
44.917 0.382307
44.9242 0.384268
44.9307 0.38611
44.9355 0.387596
44.9439 0.389271
44.9523 0.391238
44.9576 0.392958
44.9672 0.394963
44.972 0.396593
44.9768 0.398019
44.9827 0.399391
44.9887 0.400717
44.9959 0.402003
45.0007 0.403252
45.0054 0.404471
45.0096 0.405537
45.0138 0.40647
45.0186 0.407411
45.0228 0.408235
45.027 0.408955
45.0341 0.410086
45.0389 0.411075
45.0455 0.412316
45.0497 0.413401
45.0568 0.414726
45.061 0.41601
45.0658 0.417134
45.07 0.418117
45.0754 0.419228
45.0801 0.420324
45.0837 0.421159
45.0873 0.421889
45.0909 0.422403
45.0939 0.422727
45.0969 0.422886
45.0999 0.423026
45.1022 0.423022
45.1046 0.42277
45.107 0.422423
45.1094 0.421871
45.1118 0.421137
45.1142 0.42037
45.1166 0.419448
45.119 0.418392
45.1214 0.417343
45.1238 0.416175
45.1262 0.413278
45.1285 0.410494
45.1363 0.408432
45.1429 0.406878
45.1489 0.405768
45.1638 0.406172
45.1662 0.404151
45.1686 0.401757
45.171 0.393662
45.1793 0.386954
45.1835 0.37896
45.1907 0.37209
45.1967 0.365954
45.202 0.36046
45.208 0.355652
45.2176 0.351696
45.2295 0.348984
45.2397 0.346986
45.251 0.345863
45.2624 0.345505
45.2714 0.345442
45.2761 0.345386
45.2815 0.345338
45.2887 0.345546
45.2959 0.345853
45.3018 0.346246
45.3084 0.34684
45.3156 0.34761
45.3204 0.348159
45.324 0.348389
45.3281 0.34859
45.3335 0.348767
45.3389 0.348921
45.3437 0.348931
45.3485 0.348939
45.3532 0.348947
45.3622 0.349454
45.3682 0.349897
45.373 0.35016
45.3777 0.35039
45.3873 0.351216
45.3963 0.352439
45.4058 0.353884
45.4142 0.355649
45.4202 0.357318
45.4273 0.359028
45.4315 0.360399
45.4387 0.361724
45.4435 0.362884
45.4489 0.363898
45.4542 0.364911
45.4578 0.365422
45.4614 0.365744
45.4656 0.365901
45.4698 0.365914
45.4728 0.365675
45.4757 0.36509
45.4799 0.364454
45.4871 0.364272
45.4943 0.364363
45.5014 0.364568
45.5086 0.364997
45.5158 0.365622
45.5206 0.366169
45.5253 0.366648
45.5313 0.367067
45.5403 0.367934
45.5498 0.369192
45.5546 0.370293
45.5594 0.371256
45.5642 0.372099
45.5702 0.372837
45.5749 0.373357
45.5815 0.374063
45.5857 0.374555
45.5917 0.37511
45.6 0.376097
45.6084 0.377335
45.615 0.378543
45.621 0.379725
45.6287 0.381134
45.6353 0.382618
45.6425 0.384165
45.6496 0.385645
45.6568 0.387189
45.6628 0.388665
45.6712 0.390457
45.6753 0.3919
45.6819 0.393288
45.6897 0.394877
45.6969 0.396517
45.701 0.397952
45.7082 0.399458
45.7142 0.400901
45.7214 0.402288
45.7273 0.403627
45.7339 0.404924
45.7375 0.405933
45.7423 0.406817
45.7471 0.40759
45.7524 0.408266
45.7572 0.408858
45.762 0.409251
45.768 0.409719
45.7751 0.410504
45.7799 0.410941
45.7853 0.411449
45.7901 0.411893
45.7967 0.412406
45.8038 0.413105
45.8176 0.413967
45.8235 0.414846
45.8379 0.415865
45.8457 0.417132
45.8534 0.418116
45.8618 0.419351
45.8666 0.420432
45.8714 0.421378
45.8773 0.422331
45.8809 0.422915
45.8857 0.4233
45.8893 0.423513
45.8929 0.423449
45.8977 0.423393
45.9048 0.423594
45.912 0.424019
45.921 0.424892
45.9287 0.42603
45.9347 0.427152
45.9419 0.428383
45.9479 0.429585
45.9544 0.430762
45.9604 0.431792
45.967 0.432818
45.9729 0.433715
45.9801 0.434876
46.001 0.436766
46.0082 0.438671
46.013 0.440212
46.0184 0.441685
46.0231 0.442975
46.0279 0.443978
46.0327 0.444856
46.0375 0.445624
46.0447 0.446546
46.0536 0.447852
46.0656 0.448871
46.071 0.449762
46.0799 0.450792
46.0877 0.452068
46.1002 0.453559
46.1074 0.455114
46.1164 0.456475
46.1241 0.458041
46.1343 0.459661
46.1421 0.461328
46.148 0.462787
46.1546 0.464189
46.1678 0.465665
46.1731 0.467082
46.1779 0.468197
46.1845 0.469422
46.1929 0.470369
46.1976 0.471198
46.2084 0.472298
46.2138 0.473136
46.2186 0.473869
46.2239 0.47451
46.2287 0.475072
46.2335 0.475563
46.2389 0.475992
46.2443 0.476493
46.2502 0.477057
46.255 0.47755
46.2628 0.477981
46.2676 0.478358
46.2723 0.478688
46.2783 0.479102
46.2861 0.47934
46.2927 0.479672
46.3058 0.479838
46.3124 0.480233
46.3255 0.479954
46.3315 0.479835
46.3453 0.480231
46.35 0.480577
46.3548 0.480755
46.3608 0.481035
46.3644 0.481156
46.368 0.480886
46.3733 0.480776
46.3775 0.480554
46.3859 0.480734
46.3937 0.481268
46.402 0.482234
46.4062 0.482955
46.4176 0.483711
46.4217 0.484372
46.4301 0.484825
46.4337 0.485222
46.4415 0.485319
46.4445 0.485279
46.4522 0.485119
46.4558 0.484855
46.463 0.484373
46.4696 0.484326
46.4964 0.48466
46.5024 0.485203
46.5102 0.485927
46.515 0.486562
46.5198 0.487116
46.5233 0.487602
46.5299 0.488152
46.5359 0.488883
46.5496 0.489772
46.555 0.490801
46.5705 0.491701
46.5765 0.492863
46.5915 0.494255
46.5962 0.495598
46.6148 0.497024
46.6207 0.498146
46.6345 0.499502
46.6423 0.50094
46.656 0.502572
46.6686 0.504751
46.6787 0.507032
46.6853 0.509153
46.6972 0.510884
46.7044 0.512398
46.7122 0.513973
46.7199 0.515352
46.7259 0.516558
46.7343 0.517863
46.7403 0.518755
46.7462 0.519411
46.7522 0.519984
46.7594 0.520486
46.7648 0.520801
46.7719 0.521076
46.7791 0.521566
46.7839 0.52162
46.7887 0.521668
46.7964 0.522084
46.8024 0.522574
46.8084 0.523002
46.8138 0.523377
46.8186 0.523705
46.8245 0.524117
46.8311 0.524727
46.8407 0.525136
46.8466 0.525619
46.858 0.525667
46.8688 0.526458
46.8825 0.527151
46.8885 0.527882
46.8933 0.528397
46.8968 0.528597
46.9022 0.528898
46.9076 0.52916
46.9136 0.529515
46.9207 0.530076
46.9285 0.530441
46.9363 0.531136
46.9429 0.531619
46.9482 0.532167
46.959 0.532646
46.9638 0.533065
46.9697 0.533307
46.9745 0.533519
46.9787 0.533579
46.9835 0.533632
46.9895 0.533553
46.9954 0.533608
47.0062 0.533907
47.0122 0.534294
47.0409 0.534632
47.048 0.535303
47.054 0.535765
47.0588 0.536045
47.0642 0.536414
47.0713 0.536987
47.0791 0.537614
47.0881 0.538662
47.103 0.539704
47.109 0.540616
47.1263 0.541664
47.1317 0.542581
47.1478 0.543634
47.1538 0.544679
47.1747 0.545594
47.1819 0.546645
47.1968 0.54744
47.2028 0.54826
47.2255 0.549227
47.2309 0.550074
47.2476 0.55144
47.2548 0.552885
47.2763 0.555149
47.2823 0.557255
47.2924 0.558973
47.2972 0.560477
47.3068 0.561917
47.3122 0.563303
47.3175 0.564265
47.3241 0.565357
47.3313 0.566062
47.3361 0.566679
47.3432 0.567219
47.348 0.567692
47.3546 0.56798
47.3606 0.568358
47.3701 0.568813
47.3761 0.569337
47.3839 0.569919
47.3887 0.570305
47.394 0.570766
47.4 0.571296
47.4072 0.571759
47.4126 0.572164
47.4221 0.572518
47.4269 0.572704
47.4448 0.572866
47.4562 0.573882
47.4681 0.574522
47.4717 0.574832
47.4765 0.575103
47.4819 0.57534
47.4879 0.575673
47.4926 0.575963
47.4998 0.576218
47.5052 0.576566
47.516 0.57687
47.5207 0.577011
47.5285 0.577385
47.5333 0.577712
47.5434 0.577873
47.5488 0.578014
47.5536 0.578137
47.5584 0.578245
47.5632 0.578339
47.5679 0.578297
47.5757 0.578385
47.5817 0.578587
47.5936 0.578763
47.6002 0.579043
47.6313 0.579538
47.6361 0.57997
47.6408 0.580099
47.6474 0.580462
47.6552 0.580779
47.6606 0.581057
47.6713 0.5813
47.6773 0.581637
47.691 0.581807
47.6958 0.581707
47.7108 0.581118
47.7161 0.580728
47.7281 0.579887
47.7347 0.579276
47.752 0.578242
47.7568 0.577087
47.7729 0.575951
47.7795 0.575207
47.804 0.574681
47.8106 0.574471
47.8309 0.574662
47.8375 0.575079
47.8655 0.576069
47.8727 0.577311
47.8883 0.579022
47.8948 0.580769
47.9056 0.582173
47.9092 0.583526
47.9163 0.584586
47.9205 0.585512
47.9283 0.586323
47.9325 0.587033
47.9402 0.587654
47.9444 0.588197
47.954 0.588672
47.9588 0.589213
47.9707 0.589687
47.9743 0.590101
47.9839 0.590588
47.9875 0.59114
47.9946 0.591497
47.9994 0.591935
48.0078 0.592193
48.0126 0.592544
48.0215 0.592726
48.0263 0.593135
48.0556 0.593868
48.0622 0.59451
48.0699 0.594946
48.0759 0.595203
48.0825 0.595552
48.089 0.595858
48.0968 0.596251
48.1028 0.59647
48.11 0.596786
48.1159 0.597063
48.1243 0.597555
48.1303 0.597986
48.1363 0.598237
48.1422 0.598458
48.1488 0.598525
48.1536 0.59846
48.1596 0.598277
48.1667 0.598243
48.1733 0.598337
48.1811 0.598545
48.1882 0.598852
48.1954 0.599121
48.2014 0.599355
48.2074 0.599686
48.239 0.599975
48.245 0.600353
48.2504 0.600684
48.2564 0.601099
48.2653 0.601461
48.2713 0.601904
48.2821 0.602166
48.2875 0.602395
48.2982 0.602471
48.303 0.602412
48.3185 0.60236
48.3233 0.602315
48.3359 0.602026
48.3406 0.601773
48.3544 0.601051
48.361 0.600545
48.3789 0.600227
48.3849 0.600073
48.4118 0.599939
48.4177 0.599947
48.4404 0.600203
48.4476 0.600678
48.4793 0.601343
48.4882 0.602425
48.5068 0.603497
48.5116 0.604435
48.5205 0.605256
48.5253 0.605974
48.5325 0.606602
48.5372 0.607152
48.5444 0.607633
48.5492 0.608054
48.5564 0.608422
48.5617 0.608744
48.5707 0.609151
48.5767 0.609507
48.588 0.610069
48.5928 0.610435
48.6006 0.610631
48.6054 0.610802
48.6143 0.611202
48.6191 0.611552
48.6263 0.611733
48.6311 0.611891
48.6394 0.611905
48.6592 0.613792
48.6765 0.613818
48.6813 0.61384
48.6902 0.61386
48.6956 0.613878
48.7034 0.613893
48.71 0.614031
48.7207 0.614403
48.7249 0.614602
48.7321 0.614652
48.7386 0.61482
48.7464 0.614968
48.7512 0.614972
48.759 0.6151
48.7625 0.614963
48.7685 0.614842
48.7733 0.614737
48.7805 0.614645
48.787 0.614814
48.7978 0.614838
48.8032 0.614983
48.8115 0.614985
48.8175 0.615112
48.8259 0.615473
48.8295 0.615539
48.8647 0.615846
48.8695 0.616116
48.8749 0.616351
48.8815 0.616807
48.8916 0.617081
48.8982 0.617571
48.9066 0.61775
48.9125 0.618031
48.9209 0.617902
48.9275 0.618039
48.9418 0.618034
48.9478 0.618155
48.9586 0.618011
48.9639 0.617884
48.9789 0.617774
48.9837 0.617677
49.0034 0.617593
49.0093 0.617643
49.0386 0.617813
49.0434 0.617961
49.0691 0.618341
49.0763 0.618799
49.1115 0.619199
49.1181 0.619799
49.1378 0.620574
49.1438 0.621377
49.151 0.62183
49.1564 0.622351
49.1617 0.622557
49.1683 0.622988
49.1737 0.623114
49.1809 0.623475
49.1886 0.623666
49.1946 0.623957
49.203 0.624213
49.2107 0.624811
49.2215 0.625085
49.2269 0.625324
49.2329 0.625534
49.237 0.625842
49.2478 0.625987
49.252 0.626113
49.2597 0.626224
49.2639 0.626321
49.286 0.626281
49.2944 0.626871
49.3231 0.628637
49.3279 0.630182
49.3362 0.631535
49.341 0.632843
49.3518 0.633862
49.3554 0.63488
49.3649 0.635395
49.3703 0.636095
49.3799 0.636583
49.3846 0.63726
49.3918 0.637478
49.3966 0.637793
49.4026 0.638069
49.4062 0.63831
49.4151 0.638647
49.4211 0.638941
49.4289 0.639198
49.4348 0.639423
49.4456 0.63962
49.4528 0.639793
49.4599 0.639819
49.4671 0.639966
49.4755 0.640346
49.4826 0.640677
49.5137 0.640968
49.5209 0.641347
49.5287 0.641803
49.5352 0.642328
49.5454 0.642662
49.552 0.642954
49.5579 0.643085
49.5639 0.643199
49.5741 0.643549
49.5801 0.643856
49.592 0.643874
49.598 0.64389
49.6069 0.643653
49.6129 0.643572
49.6273 0.643375
49.6344 0.643453
49.653 0.643397
49.6589 0.643472
49.6888 0.643538
49.6948 0.643721
49.7223 0.643881
49.7283 0.644146
49.7659 0.644377
49.7719 0.644705
49.794 0.645367
49.7988 0.645946
49.8077 0.646453
49.8125 0.646896
49.8197 0.647284
49.8251 0.647749
49.831 0.64803
49.8358 0.648151
49.8454 0.648382
49.8502 0.648585
49.8621 0.648762
49.8681 0.649041
49.8777 0.649161
49.8836 0.649391
49.8884 0.649467
49.895 0.649659
49.9052 0.649951
49.9099 0.650082
49.9159 0.650072
49.9189 0.649813
49.944 0.649587
49.9506 0.649638
49.9834 0.650308
49.9882 0.650895
49.9972 0.651533
50.0032 0.652091
50.0103 0.652455
50.0175 0.653023
50.0271 0.653395
50.033 0.653846
50.039 0.65399
50.0456 0.654241
50.051 0.654211
50.0563 0.65431
50.0617 0.654271
50.0665 0.654237
50.0761 0.654208
50.0808 0.654057
50.0904 0.65405
50.0958 0.654043
50.1077 0.654038
50.1137 0.654158
50.1233 0.654388
50.1281 0.65459
50.14 0.654766
50.146 0.65492
50.1753 0.654805
50.1818 0.65483
50.192 0.654851
50.198 0.654995
50.2063 0.65487
50.2123 0.654886
50.2183 0.654776
50.2231 0.654679
50.2362 0.654719
50.2428 0.654879
50.2536 0.654894
50.2583 0.654907
50.2679 0.654794
50.2739 0.654695
50.29 0.654858
50.296 0.655001
50.3145 0.655001
50.3205 0.655125
50.3516 0.655235
50.3587 0.65558
50.3868 0.655883
50.3928 0.656148
50.4322 0.656629
50.4388 0.657175
50.4615 0.657654
50.4663 0.658072
50.4747 0.658313
50.48 0.658649
50.4884 0.659068
50.4938 0.659434
50.4986 0.659755
50.5045 0.660161
50.5141 0.660515
50.5207 0.660951
50.532 0.661207
50.538 0.661556
50.5476 0.661737
50.5524 0.661895
50.5601 0.662158
50.5667 0.662513
50.5751 0.662824
50.5786 0.662846
50.5864 0.66324
50.593 0.66371
50.6223 0.664621
50.6259 0.665294
50.6641 0.666507
50.6683 0.667694
50.6796 0.668732
50.6844 0.669765
50.694 0.670545
50.6982 0.671352
50.7089 0.671808
50.7131 0.672332
50.7227 0.67279
50.7257 0.673066
50.731 0.673183
50.7376 0.673535
50.7448 0.673968
50.7484 0.674347
50.7567 0.674554
50.7615 0.67486
50.7735 0.675127
50.7776 0.675361
50.7914 0.675691
50.7986 0.67598
50.8069 0.676232
50.8141 0.676578
50.8237 0.676631
50.8314 0.676927
50.8625 0.677186
50.8697 0.677413
50.8774 0.677611
50.884 0.677785
50.8924 0.677812
50.8984 0.677835
50.9055 0.677981
50.9121 0.678108
50.9241 0.678345
50.9288 0.678302
50.9372 0.678264
50.9456 0.678481
50.9527 0.678421
50.9617 0.678618
50.976 0.678666
50.982 0.678833
51 0.678729
51.0071 0.679013
51.0412 0.679261
51.0472 0.679603
51.0752 0.679903
51.0812 0.68029
51.1225 0.680504
51.1296 0.680941
51.1476 0.680948
51.1541 0.681205
51.1619 0.681179
51.1697 0.681532
51.1768 0.681715
51.1828 0.681876
51.1894 0.682141
51.196 0.682374
51.2073 0.682827
51.2127 0.683224
51.2217 0.683196
51.2276 0.683296
51.2366 0.683384
51.2438 0.683711
51.2539 0.683997
51.2599 0.684373
51.2665 0.684701
51.2725 0.685113
51.2832 0.685724
51.2916 0.686634
51.3239 0.687929
51.3292 0.689188
51.3782 0.69179
51.3854 0.694316
51.398 0.696527
51.4039 0.698461
51.4129 0.700278
51.4177 0.701868
51.426 0.70326
51.4308 0.704352
51.4392 0.705308
51.4446 0.706145
51.4517 0.706877
51.4565 0.707517
51.4613 0.708077
51.4673 0.708693
51.4756 0.709231
51.4816 0.709827
51.49 0.709974
51.4966 0.710352
51.5115 0.710558
51.5163 0.710738
51.5282 0.711146
51.5336 0.711503
51.545 0.71169
51.5515 0.712104
51.585 0.712466
51.5886 0.712533
51.5987 0.712716
51.6023 0.712751
51.6143 0.713033
51.6191 0.713278
51.6268 0.713244
51.6334 0.713463
51.6448 0.71353
51.6489 0.713464
51.6597 0.713531
51.6645 0.713465
51.6764 0.713407
51.6836 0.713606
51.6956 0.71353
51.7021 0.713714
51.723 0.713875
51.7278 0.71389
51.7637 0.714029
51.7691 0.714275
51.796 0.714241
51.8031 0.714586
51.885 0.714513
51.8904 0.714573
51.8987 0.714627
51.9047 0.714798
51.9149 0.715074
51.9209 0.715314
51.9298 0.715275
51.9364 0.715491
51.9442 0.715554
51.9507 0.71561
51.9615 0.715659
51.9687 0.715951
51.9776 0.715958
51.9812 0.715713
51.9842 0.715249
51.9985 0.715968
52.0093 0.716097
52.0123 0.716085
52.0613 0.718074
52.0643 0.71969
52.1133 0.720604
52.1193 0.721653
52.1336 0.722571
52.1384 0.7235
52.1473 0.724188
52.1515 0.724789
52.1617 0.725315
52.1653 0.725776
52.1742 0.726304
52.179 0.726891
52.1874 0.72728
52.194 0.72762
52.2005 0.727917
52.2077 0.728178
52.2149 0.728405
52.2208 0.72848
52.2292 0.728795
52.2364 0.729195
52.2495 0.729671
52.2555 0.729962
52.2675 0.730217
52.2746 0.730565
52.2854 0.730744
52.2938 0.731026
52.3236 0.731273
52.3308 0.731489
52.338 0.731678
52.344 0.731718
52.3523 0.731753
52.3595 0.731784
52.3667 0.731811
52.372 0.731835
52.3816 0.731855
52.3876 0.731998
52.3989 0.732124
52.4049 0.732233
52.4187 0.732454
52.4246 0.732772
52.4366 0.732926
52.4414 0.73306
52.4629 0.733178
52.4689 0.733405
52.5059 0.733605
52.5137 0.734029
52.6714 0.7339
52.6834 0.733663
52.6912 0.733705
52.7043 0.733742
52.7091 0.733649
52.7145 0.733443
52.7228 0.733388
52.7449 0.734839
52.7473 0.735734
52.7533 0.736142
52.7587 0.736375
52.8137 0.737703
52.828 0.73999
52.8776 0.742116
52.8848 0.744102
52.8973 0.745839
52.9045 0.747484
52.9093 0.748799
52.917 0.750199
52.9248 0.751174
52.932 0.752152
52.9404 0.753008
52.9469 0.753757
52.9553 0.754538
52.9625 0.75522
52.9684 0.755818
52.9744 0.756341
52.9816 0.756923
52.9876 0.757308
52.9971 0.757644
53.0055 0.758064
53.018 0.758556
53.0252 0.758986
53.039 0.759363
53.0449 0.759693
53.0575 0.759981
53.0653 0.760483
53.0945 0.760798
53.0999 0.760948
53.1077 0.761205
53.1131 0.761429
53.1232 0.7615
53.1304 0.761688
53.1364 0.761852
53.1429 0.761995
53.1525 0.762246
53.1591 0.76259
53.1692 0.762766
53.1764 0.763046
53.1913 0.76329
53.1985 0.763629
53.2081 0.7638
53.2164 0.7642
53.4776 0.7653
53.4836 0.766388
53.4901 0.767214
53.517 0.770687
53.5302 0.772101
53.5332 0.772964
53.5397 0.773843
53.5977 0.781238
53.6115 0.782583
53.8198 0.808635
53.8995 0.835056
53.9527 0.863674
54.0065 0.89434
54.0615 0.926922
54.114 0.960932
54.1696 0.99644
54.2246 1.03326
54.2515 1.06773
54.261 1.09801
54.2706 1.12451
54.2784 1.14757
54.2856 1.16775
54.2921 1.18541
54.2993 1.20086
54.3071 1.2145
54.3142 1.22644
54.3214 1.23688
54.3304 1.24627
54.3375 1.25436
54.3459 1.26157
54.3537 1.268
54.3626 1.27387
54.3752 1.27914
54.3836 1.28387
54.411 1.28789
54.4188 1.29128
54.4266 1.29437
54.4338 1.29707
54.4409 1.29944
54.4481 1.30163
54.4553 1.30355
54.463 1.30536
54.4702 1.30681
54.478 1.30809
54.4875 1.30933
54.4947 1.31041
58.0636 1.26773
58.0713 1.23027
58.0815 1.19773
58.0899 1.16914
58.1401 1.144
58.1508 1.12212
58.1646 1.10373
58.1801 1.08852
58.2751 1.08608
58.4986 1.09269
58.7084 1.09873
58.7215 1.09276
58.7299 1.08717
58.7401 1.08252
58.7466 1.07821
58.755 1.07431
58.7652 1.07127
58.7777 1.06861
58.807 1.06666
58.8195 1.06483
58.8285 1.06322
58.8811 1.06707
58.8924 1.06556
58.902 1.06412
58.911 1.06273
58.9193 1.06164
58.9283 1.06081
58.9701 1.05983
58.9815 1.05923
58.9904 1.05845
58.9988 1.05764
59.0066 1.05694
59.0693 1.06319
59.0795 1.0618
59.0932 1.06132
59.101 1.06041
59.1153 1.06036
59.1243 1.05956
59.1327 1.05887
59.1428 1.05851
59.1494 1.05807
59.1578 1.05794
59.1655 1.05794
59.1739 1.0582
59.1805 1.05843
59.2014 1.0585
59.2098 1.05881
59.2181 1.05933
59.2277 1.06017
59.2349 1.0609
59.2438 1.06191
59.2522 1.06317
59.2606 1.0644
59.3657 1.06747
59.3783 1.07042
59.5994 1.07399
59.612 1.07724
59.8175 1.08121
59.8289 1.08456
59.8408 1.08761
59.8522 1.09041
59.8629 1.09274
59.8743 1.09489
59.8851 1.09678
59.8976 1.09843
59.909 1.09988
59.9215 1.10139
59.9341 1.10297
59.9448 1.10422
59.9574 1.10557
59.9693 1.10675
59.9819 1.10791
59.9944 1.10917
60.0016 1.1099
60.0123 1.11078
60.0213 1.11156
60.0285 1.11212
60.0392 1.11285
60.0476 1.11337
60.0572 1.11395
60.0661 1.11446
60.0769 1.11502
60.0852 1.11565
60.0942 1.11619
60.1038 1.11667
60.1139 1.11721
60.1217 1.11756
60.1301 1.11799
60.1408 1.11849
60.1504 1.11905
60.1611 1.1198
60.1701 1.12045
60.1785 1.12089
60.188 1.12153
60.1982 1.12221
60.2078 1.12281
60.2179 1.12346
60.2269 1.12403
60.2364 1.12477
60.2436 1.12518
60.2538 1.12566
60.2651 1.12645
60.2723 1.12689
60.2819 1.12728
60.2908 1.12775
60.3004 1.12828
60.3088 1.12862
60.3201 1.12929
60.3285 1.12975
60.3368 1.13016
60.3476 1.13076
60.3584 1.13154
60.3661 1.1321
60.3769 1.13271
60.387 1.1335
60.3978 1.13444
60.4086 1.13551
60.4205 1.13682
60.4313 1.13822
60.4402 1.13944
60.4504 1.14076
60.4611 1.14216
60.4725 1.14364
60.4827 1.14506
60.4928 1.14643
60.5036 1.148
60.5131 1.1495
60.5203 1.15056
60.5305 1.15162
60.54 1.15267
60.5472 1.15333
60.5568 1.15404
60.5675 1.15491
60.5771 1.1558
60.5878 1.1567
60.5992 1.15786
60.6076 1.15888
60.6171 1.15989
60.6279 1.16091
60.6374 1.16192
60.6464 1.1628
60.6572 1.16383
60.6691 1.16522
60.6781 1.16645
60.69 1.16789
60.7002 1.16928
60.7097 1.17049
60.7193 1.17181
60.7313 1.17333
60.7868 1.17504
60.7952 1.17654
60.8066 1.17809
60.8167 1.17958
61.0145 1.18138
61.0235 1.18296
61.0318 1.18422
61.0426 1.18556
61.051 1.18674
61.0605 1.1879
61.0689 1.18879
61.0797 1.18981
61.0892 1.19084
61.0976 1.19161
61.1071 1.19241
61.1155 1.19298
61.1263 1.19373
61.1346 1.19439
61.1442 1.19509
61.1538 1.19571
61.1633 1.19637
61.1729 1.19695
61.1812 1.19745
61.1908 1.1979
61.1998 1.19828
61.2093 1.19875
61.2177 1.19916
61.2261 1.19951
61.2356 1.19982
61.244 1.19997
61.2536 1.20022
61.2625 1.20045
61.2721 1.20076
61.2799 1.20079
61.2894 1.20094
61.2978 1.20095
61.3073 1.20121
61.3157 1.20131
61.3247 1.20139
61.3354 1.20172
61.3426 1.20175
61.3546 1.20216
61.3617 1.20227
61.3719 1.20248
61.3802 1.20267
61.3898 1.20296
61.3982 1.20322
61.4095 1.20369
61.4185 1.2041
61.4257 1.20422
61.4352 1.20444
61.4454 1.20476
61.4538 1.20491
61.4645 1.2053
61.4729 1.20564
61.4812 1.20593
61.4908 1.20619
61.4992 1.20642
61.5093 1.20674
61.5177 1.2069
61.5273 1.20716
61.5356 1.20727
61.5452 1.20748
61.5541 1.20767
61.5649 1.20809
61.5733 1.20845
61.5828 1.20877
61.5912 1.20905
61.5996 1.20917
61.6103 1.20952
61.6193 1.20983
61.6288 1.2101
61.6372 1.21034
61.6456 1.21055
61.6539 1.2106
61.6647 1.2109
61.6731 1.21117
61.6814 1.21127
61.6922 1.21161
61.7018 1.21191
61.7101 1.21217
61.7185 1.21227
61.728 1.21262
61.7364 1.21279
61.746 1.21294
61.7543 1.21307
61.7657 1.21344
61.7729 1.21351
61.783 1.21382
61.792 1.21397
61.8004 1.2141
61.8099 1.21421
61.8183 1.21443
61.8296 1.21488
61.838 1.21527
61.8476 1.21561
61.8559 1.21578
61.8649 1.21594
61.8739 1.21607
61.8834 1.21631
61.8918 1.2164
61.902 1.21672
61.9103 1.21701
61.9199 1.21726
61.9282 1.21747
61.9366 1.21754
61.9468 1.21772
61.9557 1.21788
61.9665 1.21827
61.979 1.21911
61.9886 1.21997
61.9982 1.22085
62.0077 1.22162
62.0161 1.22229
62.0257 1.22288
62.034 1.2234
62.0448 1.22397
62.0543 1.22448
62.0651 1.22517
62.0747 1.22577
62.0842 1.22642
62.0944 1.22712
62.1039 1.22773
62.1123 1.22826
62.1219 1.22873
68.0764 1.21751
68.0859 1.2077
68.0961 1.19924
68.1044 1.19158
68.1158 1.18514
68.1242 1.17937
68.1331 1.17432
68.1421 1.16978
68.1516 1.16568
68.1606 1.1621
68.1708 1.15896
68.1797 1.15622
68.1905 1.15394
68.2024 1.1522
68.2132 1.15092
68.224 1.14981
68.2341 1.14908
68.2467 1.1487
68.2562 1.14836
68.2676 1.14831
68.2783 1.1484
68.2891 1.14872
68.2993 1.14901
68.3094 1.14926
68.3202 1.14973
68.3291 1.15001
68.3393 1.15038
68.3506 1.15084
68.3602 1.15123
68.3698 1.15158
68.3787 1.15176
68.3895 1.15216
68.4008 1.15264
68.4098 1.15294
68.4206 1.15344
68.4313 1.15401
68.4427 1.15476
68.4522 1.15542
68.463 1.15599
68.4744 1.15687
68.4851 1.15776
68.4947 1.15854
68.5048 1.15922
68.5156 1.15994
68.5251 1.1607
68.5371 1.16161
68.5461 1.16241
68.5568 1.16311
68.5664 1.16372
68.5759 1.16426
68.5861 1.16485
68.5969 1.16549
68.6052 1.16593
68.6166 1.16644
68.6261 1.16701
68.6357 1.16738
68.6453 1.16784
68.6572 1.16848
68.6662 1.16892
68.6757 1.16931
68.6859 1.16964
68.6955 1.17006
68.7062 1.17055
68.717 1.17099
68.7253 1.17136
68.7373 1.17194
68.7469 1.17245
68.7552 1.17277
68.7648 1.17292
68.7755 1.17331
68.7863 1.17377
68.7971 1.17442
68.8066 1.17487
68.8162 1.17526
68.8269 1.17573
68.8371 1.17626
68.8473 1.17685
68.8574 1.17737
68.8682 1.17795
68.8789 1.17858
68.8885 1.17913
68.8969 1.17949
68.907 1.17993
68.9178 1.18031
68.9261 1.18065
68.9369 1.18094
68.9471 1.18145
68.956 1.18177
68.9674 1.18217
68.9757 1.1824
68.9853 1.1826
68.9949 1.18278
69.0056 1.18305
69.0158 1.1833
69.0259 1.18364
69.0355 1.18393
69.0457 1.18431
69.0552 1.18465
69.0666 1.18507
69.0761 1.18556
69.0857 1.18587
69.0953 1.18626
69.1048 1.18647
69.1144 1.18667
69.1239 1.18683
69.1347 1.1871
69.1449 1.18747
69.1544 1.18778
69.1628 1.18781
69.1723 1.18796
69.1831 1.18821
69.1939 1.18856
69.2034 1.18887
69.213 1.18901
69.2237 1.18938
69.2345 1.18983
69.2441 1.19036
69.256 1.19106
69.2656 1.19155
69.2763 1.19223
69.2859 1.1927
69.2955 1.19312
69.3056 1.19348
69.3158 1.19379
69.3247 1.19394
69.3343 1.19408
69.3451 1.19432
69.3534 1.1944
69.3648 1.1946
69.3743 1.19478
69.3863 1.19518
69.3958 1.19541
69.4078 1.19586
69.4174 1.19625
69.4287 1.19672
69.4395 1.19725
69.449 1.19772
69.4586 1.19801
69.4682 1.19826
69.4795 1.19872
69.4891 1.19913
69.4992 1.19949
69.5118 1.20006
69.5213 1.20055
69.5303 1.20085
69.5417 1.20125
69.5518 1.20159
69.562 1.20189
69.5715 1.20216
69.5817 1.20239
69.5943 1.20296
69.6038 1.20334
69.6146 1.20393
69.6241 1.20443
69.6343 1.20488
69.645 1.2054
69.6534 1.2056
69.6642 1.2059
69.6755 1.20628
69.6857 1.20662
69.6952 1.20692
69.706 1.20731
69.7162 1.20764
69.7269 1.20794
69.7371 1.20844
69.7472 1.20889
69.758 1.20928
69.7676 1.20962
69.7771 1.20992
69.7867 1.21005
69.7962 1.21017
69.8058 1.21015
69.8166 1.21026
69.8267 1.21035
69.8381 1.21055
69.8488 1.21074
69.8596 1.21089
69.8709 1.21116
69.8817 1.21151
69.8913 1.2117
69.9008 1.21174
69.9116 1.21177
69.9241 1.21217
69.9337 1.2124
69.9433 1.21248
69.954 1.21267
69.9648 1.21271
69.9737 1.21262
69.9845 1.21254
69.9958 1.2126
70.006 1.21265
70.0156 1.21257
70.0269 1.21262
70.0383 1.21279
70.0478 1.21282
70.0574 1.21284
70.0693 1.21299
70.0795 1.21311
70.0903 1.21322
70.1022 1.21357
70.1118 1.21375
70.1219 1.21378
70.1321 1.21393
70.1417 1.21382
70.1524 1.21384
70.1632 1.21398
70.1745 1.21411
70.1853 1.21435
70.1948 1.2143
70.2044 1.21427
70.214 1.21411
70.2253 1.21409
70.2361 1.21421
70.2462 1.21418
70.257 1.21416
70.2677 1.21426
70.2785 1.21436
70.2869 1.21419
70.2982 1.21416
70.3096 1.21427
70.3191 1.21436
70.3287 1.21419
70.3383 1.21404
70.3502 1.21404
70.3604 1.21403
70.3711 1.21415
70.3813 1.21413
70.392 1.21424
70.4028 1.21421
70.413 1.21418
70.4237 1.21429
70.4345 1.21438
70.444 1.21445
70.4542 1.2144
70.465 1.21435
70.4757 1.21443
70.4865 1.2145
70.496 1.21456
70.5068 1.21449
70.5163 1.21443
70.5271 1.2145
70.5379 1.21444
70.5474 1.21438
70.5582 1.21434
70.5683 1.21429
70.5785 1.21413
70.5904 1.21424
70.6 1.21434
70.6108 1.21429
70.6227 1.21451
70.6323 1.21457
70.6418 1.2145
70.6526 1.21456
70.6634 1.21462
70.6741 1.21479
70.6855 1.21494
70.6974 1.21532
70.7058 1.21541
70.7183 1.21573
70.7279 1.21589
70.7387 1.21603
70.7506 1.2164
70.7614 1.21685
70.7709 1.21699
70.7805 1.21712
70.7924 1.21735
70.8026 1.21756
70.8134 1.21787
70.8241 1.21813
70.8337 1.21824
70.845 1.21846
70.8558 1.21865
70.8659 1.21882
70.8761 1.21897
70.8881 1.21935
70.8964 1.2193
70.909 1.21952
70.9179 1.21945
70.9281 1.21952
70.94 1.21971
70.9484 1.21962
70.9604 1.21966
70.9723 1.21983
70.9813 1.21985
70.992 1.21987
71.0028 1.21989
71.0135 1.2199
71.0243 1.22004
71.0339 1.21991
71.0458 1.22005
71.0566 1.22016
71.0673 1.22039
71.0787 1.22059
71.0871 1.22065
71.0996 1.22081
71.1104 1.22109
71.1205 1.2212
71.1313 1.22143
71.1426 1.22162
71.1528 1.22167
71.1624 1.22171
71.1731 1.22175
71.1839 1.22178
71.1934 1.22168
71.2042 1.22172
71.2137 1.22151
71.2251 1.22157
71.2359 1.2215
71.2466 1.22156
71.2574 1.22161
71.2669 1.22154
71.2777 1.22147
71.2873 1.22141
71.2992 1.22149
71.3088 1.22142
71.3195 1.22137
71.3303 1.22145
71.341 1.22152
71.3506 1.22133
71.3608 1.22116
71.3721 1.22114
71.3829 1.22112
71.3948 1.22123
71.4056 1.22145
71.4151 1.22152
71.4247 1.22146
71.4367 1.22153
71.4468 1.22158
71.4594 1.22189
71.4695 1.22215
71.4809 1.22238
71.4916 1.22271
71.5024 1.223
71.5125 1.22325
71.5233 1.22347
71.5341 1.22366
71.5436 1.2237
71.5556 1.22386
71.5651 1.224
71.5759 1.224
71.5866 1.22413
71.5974 1.22424
71.607 1.22421
71.6189 1.22431
71.6285 1.22439
71.6404 1.22459
71.65 1.22465
71.6607 1.22469
71.6703 1.22473
71.6823 1.22489
71.6924 1.22503
71.7032 1.22515
71.7139 1.22525
71.7235 1.22522
71.7354 1.22532
71.745 1.2254
71.7546 1.22523
71.7671 1.22545
71.7767 1.22539
71.7874 1.22547
71.797 1.22541
71.8066 1.22523
71.8173 1.22508
71.8281 1.22507
71.84 1.22519
71.8496 1.22516
71.8592 1.22502
71.8723 1.22527
71.8819 1.22523
71.8926 1.22533
71.9034 1.22541
71.9153 1.22561
71.9261 1.22591
71.9368 1.22605
71.9476 1.22629
71.959 1.2265
71.9673 1.22657
71.9769 1.22675
71.9852 1.22703
71.9924 1.22715
72.0008 1.22726
72.0109 1.2276
72.0181 1.2279
72.0259 1.22804
72.0348 1.22828
72.0438 1.22862
72.051 1.22879
72.0605 1.22919
72.0683 1.22955
72.0791 1.23023
161.719 1.23032
162.155 1.23328
162.636 1.24412
163.082 1.25786
163.505 1.271
163.854 1.27438
164.093 1.2557
164.105 1.23949
164.116 1.22543
164.13 1.2135
164.141 1.20319
164.155 1.19454
164.168 1.18722
164.181 1.18107
164.192 1.17569
164.205 1.17135
164.217 1.16781
164.422 1.18908
164.877 1.20907
165.345 1.22981
165.786 1.24771
166.224 1.26525
166.651 1.28159
167.073 1.29602
167.316 1.28639
167.327 1.27809
167.339 1.27095
167.352 1.26509
167.365 1.2602
167.374 1.25592
167.387 1.25243
167.399 1.2495
167.41 1.24694
167.423 1.24495
167.44 1.24408
172.76 1.23982
172.771 1.23622
172.785 1.23344
172.797 1.23114
172.809 1.22937
172.822 1.22807
172.834 1.22719
172.845 1.22629
172.859 1.226
172.871 1.22588
172.882 1.22589
172.896 1.22641
172.908 1.22698
172.92 1.22761
172.93 1.22828
180.905 1.22637
180.912 1.2247
180.919 1.22324
180.927 1.22208
180.934 1.22107
180.942 1.22019
180.949 1.21942
180.955 1.21874
180.962 1.21815
180.97 1.21775
180.978 1.21766
180.985 1.21758
180.992 1.2175
181.002 1.21769
181.009 1.21798
181.017 1.21836
181.027 1.21906
181.034 1.21968
181.042 1.22022
181.05 1.22082
181.058 1.22172
181.066 1.22263
181.075 1.22355
181.081 1.22435
181.089 1.22518
181.096 1.22591
185.912 1.21455
185.918 1.20473
185.923 1.19626
185.93 1.18898
185.935 1.18261
185.942 1.17716
185.948 1.17264
185.955 1.16881
185.963 1.16583
185.968 1.16323
185.975 1.16107
185.981 1.15931
185.986 1.15765
185.992 1.15632
185.997 1.15515
186.004 1.15426
186.01 1.1536
186.015 1.15303
186.022 1.15265
186.027 1.15244
186.034 1.15239
186.039 1.15234
186.043 1.15217
186.05 1.15228
186.058 1.15262
186.064 1.15304
186.069 1.15328
186.074 1.1535
186.079 1.15369
186.085 1.15398
186.091 1.15435
186.096 1.15468
186.102 1.1551
186.108 1.15559
186.114 1.15601
186.12 1.15639
186.126 1.15684
186.132 1.15748
186.137 1.15792
186.143 1.15843
186.148 1.15875
186.154 1.15928
186.161 1.15987
186.167 1.16051
186.172 1.16095
186.178 1.16146
186.184 1.16202
186.19 1.16252
186.196 1.16308
186.202 1.1637
186.208 1.16436
186.214 1.16494
186.218 1.16545
186.223 1.16589
186.231 1.1664
186.236 1.16698
186.241 1.16748
186.248 1.16805
186.254 1.16854
186.26 1.16922
186.266 1.16982
186.273 1.17059
186.278 1.17127
186.285 1.17198
186.291 1.17274
186.296 1.17352
186.303 1.1742
186.308 1.17493
186.315 1.17569
186.318 1.17623
186.325 1.17682
186.331 1.17747
186.337 1.17816
186.343 1.17889
186.348 1.17941
186.355 1.1801
186.361 1.18084
186.367 1.18149
186.374 1.18218
186.378 1.18265
186.384 1.1832
186.39 1.18367
186.396 1.18434
186.402 1.18505
186.407 1.18567
186.412 1.18608
186.419 1.1867
186.424 1.18711
186.429 1.18747
186.435 1.18791
186.441 1.18842
186.446 1.18887
186.454 1.18964
186.46 1.19031
186.466 1.19102
186.472 1.19164
186.478 1.19244
186.484 1.19313
186.49 1.19387
186.496 1.19463
186.502 1.19543
186.507 1.196
186.513 1.19662
186.519 1.19717
186.524 1.19778
186.53 1.1983
186.537 1.19889
186.543 1.19953
186.548 1.20021
186.554 1.20081
186.561 1.20146
186.566 1.20203
186.572 1.20277
186.578 1.20343
186.584 1.204
186.591 1.20475
186.595 1.20541
186.602 1.2061
186.606 1.20659
186.615 1.20739
186.62 1.20809
186.626 1.20871
186.631 1.20937
186.637 1.21007
186.643 1.21081
186.647 1.21121
186.655 1.21181
186.659 1.21233
186.665 1.21292
186.671 1.2133
186.679 1.21401
186.685 1.21489
186.691 1.21565
186.696 1.21632
186.703 1.21716
186.709 1.21801
186.715 1.21876
186.721 1.21941
186.727 1.22011
186.733 1.22085
186.738 1.22137
186.743 1.22195
186.75 1.2227
186.756 1.22337
186.76 1.22382
186.766 1.22434
186.773 1.22492
186.778 1.22543
186.783 1.22575
186.788 1.22604
186.794 1.22641
186.802 1.22723
193.03 1.20758
193.038 1.1905
193.045 1.17557
193.054 1.16262
193.06 1.15117
193.067 1.14115
193.075 1.1325
193.081 1.12494
193.09 1.11857
193.097 1.113
193.105 1.10838
193.112 1.10433
193.119 1.10079
193.128 1.09781
193.138 1.09571
193.147 1.094
193.157 1.09287
193.164 1.09189
193.17 1.09103
193.178 1.09052
193.186 1.09021
193.195 1.09018
193.203 1.09016
193.21 1.09027
193.217 1.09036
193.225 1.09056
193.234 1.09087
193.241 1.09126
193.248 1.09148
193.256 1.09192
193.265 1.09255
193.272 1.09311
193.28 1.09372
193.289 1.0945
193.296 1.09532
193.305 1.09628
193.314 1.09737
193.323 1.09857
193.332 1.09975
193.341 1.10116
193.352 1.10276
193.36 1.10442
193.369 1.10624
193.376 1.10771
193.384 1.10912
193.391 1.11036
193.399 1.11169
193.407 1.11285
193.415 1.11412
193.424 1.11548
193.432 1.11679
193.44 1.11795
193.447 1.11895
193.454 1.12008
193.463 1.1212
193.472 1.12255
193.48 1.12373
193.488 1.12501
193.497 1.12639
193.506 1.12771
193.513 1.12887
193.521 1.13014
193.527 1.13112
193.536 1.13223
193.544 1.13345
193.553 1.13477
193.561 1.13605
193.57 1.13742
193.577 1.13862
193.586 1.13979
193.594 1.14094
193.602 1.14207
193.611 1.14344
193.62 1.14488
193.629 1.1464
193.656 1.1501
193.665 1.15134
193.681 1.15292
193.695 1.15455
193.703 1.15599
193.711 1.15699
193.716 1.15749
193.724 1.15818
193.73 1.15878
193.737 1.15931
193.746 1.16002
193.755 1.16077
193.761 1.1613
193.768 1.16176
193.776 1.16229
193.783 1.16275
193.789 1.16303
193.796 1.16328
193.803 1.16362
193.81 1.16404
193.818 1.16454
193.825 1.16497
193.831 1.16522
193.838 1.16532
193.846 1.16553
193.853 1.16571
193.86 1.16587
193.867 1.16614
193.874 1.16637
193.883 1.16683
193.888 1.16685
193.895 1.16712
193.9 1.16698
193.906 1.16673
193.913 1.16664
193.919 1.16643
193.925 1.16613
193.93 1.16549
193.936 1.16493
193.953 1.16544
193.96 1.16526
193.973 1.16522
193.982 1.16545
193.989 1.16564
193.996 1.16594
194.008 1.16632
194.017 1.16703
194.024 1.1674
194.034 1.16773
194.044 1.16838
194.054 1.16909
194.061 1.1697
194.071 1.17061
194.077 1.17104
194.085 1.17153
194.091 1.17197
194.098 1.17234
194.106 1.17268
194.116 1.17309
194.122 1.17346
194.128 1.17365
194.137 1.17394
194.144 1.17432
194.15 1.17453
194.159 1.17484
194.165 1.17499
194.171 1.17499
194.179 1.17524
194.185 1.17534
194.192 1.17542
194.199 1.17562
194.207 1.17541
194.215 1.17549
194.221 1.17543
194.23 1.1755
194.236 1.17556
194.244 1.17587
194.25 1.17601
194.258 1.17613
194.265 1.17637
194.271 1.17644
194.279 1.17664
194.285 1.17668
194.293 1.17672
194.3 1.17688
194.307 1.1769
194.315 1.17729
194.322 1.17762
194.33 1.17805
194.336 1.17829
194.345 1.17863
194.351 1.1788
194.358 1.17895
194.364 1.17896
194.372 1.17921
194.38 1.17944
194.386 1.17963
194.393 1.17968
194.4 1.17997
194.407 1.18022
194.414 1.18044
194.422 1.18064
194.429 1.18081
194.435 1.18096
194.444 1.18121
194.45 1.18144
194.457 1.18151
194.464 1.18169
194.471 1.18186
194.478 1.18212
194.486 1.18236
194.494 1.18269
194.501 1.1831
194.507 1.18334
194.514 1.18355
194.523 1.18385
194.53 1.18412
194.537 1.18436
194.545 1.18469
194.551 1.18498
194.56 1.18535
194.567 1.18581
194.573 1.18608
194.58 1.18645
194.586 1.18652
194.595 1.18683
194.602 1.18722
194.608 1.18745
194.616 1.18777
194.622 1.18792
194.631 1.18818
194.637 1.18828
194.644 1.1885
194.651 1.18868
194.659 1.1891
194.665 1.18934
194.674 1.18967
194.68 1.18984
194.687 1.18998
194.694 1.19023
194.701 1.19045
194.708 1.19052
194.716 1.19083
194.723 1.1911
194.731 1.19147
194.737 1.19166
194.744 1.19195
194.753 1.19233
194.759 1.19254
194.766 1.19272
194.773 1.19301
194.78 1.19326
194.787 1.19347
194.795 1.19366
194.802 1.19383
194.808 1.19398
194.815 1.19423
194.823 1.19458
194.829 1.19475
194.838 1.19504
194.846 1.19541
194.854 1.19598
194.86 1.19636
194.87 1.19706
194.876 1.19756
194.885 1.19811
194.892 1.1986
194.898 1.19902
194.905 1.19952
194.911 1.19983
194.919 1.20023
194.927 1.20057
194.934 1.20088
194.941 1.20114
194.948 1.2015
194.955 1.20181
194.962 1.20209
194.969 1.20232
194.976 1.20253
194.983 1.20272
194.99 1.20288
194.997 1.20314
195.004 1.20325
195.011 1.20334
195.018 1.20355
195.025 1.20373
195.031 1.20377
195.038 1.20379
195.044 1.20382
195.052 1.20384
195.057 1.20386
195.066 1.204
195.072 1.20413
195.079 1.20436
195.087 1.20482
195.093 1.20497
195.098 1.20509
195.102 1.20483
195.109 1.20473
195.117 1.20464
195.12 1.20431
195.126 1.20402
195.133 1.20377
195.14 1.20355
195.148 1.20348
195.156 1.20379
195.163 1.20407
195.171 1.20456
195.177 1.20487
195.184 1.20526
195.19 1.20548
195.197 1.20579
195.206 1.20619
195.213 1.20667
195.219 1.20696
195.227 1.20759
195.233 1.20802
195.24 1.20851
195.248 1.20895
195.254 1.20933
195.262 1.20979
195.269 1.21044
195.275 1.21089
195.282 1.2114
195.289 1.21172
195.295 1.21201
195.302 1.21226
195.31 1.21273
195.316 1.21301
195.324 1.21363
195.33 1.21405
195.337 1.21442
195.344 1.21474
195.351 1.21515
195.357 1.21551
195.365 1.21607
195.371 1.21656
195.377 1.21687
195.383 1.21713
195.39 1.21737
195.398 1.2177
195.404 1.21786
195.411 1.21813
195.417 1.21824
195.423 1.21833
195.43 1.21841
195.437 1.21861
195.443 1.21866
195.449 1.2187
195.456 1.21899
195.462 1.21912
195.468 1.21923
195.476 1.21945
195.482 1.21964
195.49 1.21994
195.496 1.22007
195.502 1.22019
195.509 1.22029
195.515 1.22038
195.521 1.22045
195.529 1.22077
195.535 1.22093
195.541 1.22094
195.548 1.22119
195.554 1.22129
195.56 1.22138
195.567 1.22158
195.573 1.22176
195.58 1.22192
195.586 1.22205
195.592 1.22217
195.598 1.22215
195.605 1.22226
195.612 1.22247
195.618 1.22254
195.624 1.2226
195.632 1.2229
195.638 1.22304
195.646 1.22328
195.651 1.22337
195.658 1.22357
195.665 1.22375
195.671 1.22391
195.677 1.22392
195.684 1.22405
195.691 1.2243
195.697 1.22451
195.704 1.22482
195.71 1.22509
195.717 1.22546
195.723 1.22565
195.729 1.22582
195.735 1.22597
195.741 1.2261
195.749 1.22621
195.755 1.22631
195.761 1.22652
195.767 1.2267
195.775 1.22699
195.781 1.22712
195.787 1.22723
195.794 1.22745
195.8 1.22764
195.807 1.22794
195.813 1.22807
195.819 1.22819
195.825 1.22841
195.831 1.22861
195.837 1.22879
195.845 1.22906
195.851 1.2293
195.856 1.22927
195.863 1.22948
195.872 1.23005
