0.0 0
0.0905768 340
0.0905768 340
0.18279 680
0.276537 1020
0.370283 1360
0.462454 1700
0.465606 2040
0.5562 2380
0.559352 2720
0.562504 3060
0.649946 3400
0.653098 3740
0.65625 4080
0.659402 4420
0.742117 4760
0.745269 5100
0.748421 5440
0.751573 5780
0.754725 6120
0.757877 6460
0.834287 6800
0.837439 7140
0.840591 7480
0.843743 7820
0.846895 8160
0.850047 8500
0.853199 8840
0.856351 9180
0.859503 9520
0.926458 9860
0.92961 10200
0.932762 10540
0.935914 10880
0.939066 11220
0.942218 11560
0.94537 11900
0.948522 12240
0.951674 12580
0.954826 12920
0.957978 13260
0.96113 13600
0.964282 13940
0.967434 14280
1.0202 14620
1.02336 14960
1.02651 15300
1.02966 15640
1.03281 15980
1.03596 16320
1.03912 16660
1.04227 17000
1.04542 17340
1.04857 17680
1.05172 18020
1.05488 18360
1.05803 18700
1.06118 19040
1.06433 19380
1.06748 19720
1.07064 20060
1.07379 20400
1.07694 20740
1.08009 21080
1.08324 21420
1.11395 21760
1.1171 22100
1.12025 22440
1.12341 22780
1.12656 23120
1.12971 23460
1.13286 23800
1.13601 24140
1.13917 24480
1.14232 24820
1.14547 25160
1.14862 25500
1.15177 25840
1.15493 26180
1.15808 26520
1.16123 26860
1.16438 27200
1.16753 27540
1.17069 27880
1.17384 28220
1.17699 28560
1.18014 28900
1.18329 29240
1.18645 29580
1.1896 29920
1.19275 30260
1.1959 30600
1.19905 30940
1.20221 31280
1.20536 31620
1.20851 31960
1.21166 32300
1.21481 32640
1.21797 32980
1.22112 33320
1.22427 33660
1.22742 34000
1.23057 34340
1.23373 34680
1.23688 35020
1.24003 35360
1.24318 35700
1.24633 36040
1.24949 36380
1.25264 36720
1.25579 37060
1.25894 37400
1.26209 37740
1.26525 38080
1.2684 38420
1.27155 38760
1.2747 39100
1.27785 39440
1.28101 39780
1.28416 40120
1.28731 40460
1.29046 40800
1.29361 41140
1.29677 41480
1.29992 41820
1.30307 42160
1.30622 42500
1.30937 42840
1.31253 43180
1.31568 43520
1.31883 43860
1.32198 44200
1.32513 44540
1.32829 44880
1.33144 45220
1.33459 45560
1.33774 45900
1.34089 46240
1.34405 46580
1.3472 46920
1.35035 47260
1.3535 47600
1.35665 47940
1.35981 48280
1.36296 48620
1.36611 48960
1.36926 49300
1.37241 49640
1.37557 49980
1.37872 50320
1.38187 50660
1.38502 51000
1.38817 51340
1.39133 51680
1.39448 52020
1.39763 52360
1.40078 52700
1.40393 53040
1.40709 53380
1.41024 53720
1.41339 54060
1.41654 54400
1.41969 54740
1.42285 55080
1.426 55420
1.42915 55760
1.4323 56100
1.43545 56440
1.43861 56780
1.44176 57120
1.44491 57460
1.44806 57800
1.45121 58140
1.45437 58480
1.45752 58820
1.46067 59160
1.46382 59500
1.46697 59840
1.47013 60180
1.47328 60520
1.47643 60860
1.47958 61200
1.48273 61540
1.48589 61880
1.48904 62220
1.49219 62560
1.49534 62900
1.49849 63240
1.50165 63580
1.5048 63920
1.50795 64260
1.5111 64600
1.51425 64940
1.51741 65280
1.52056 65620
1.52371 65960
1.52686 66300
1.53001 66640
1.53317 66980
1.53632 67320
1.53947 67660
1.54262 68000
1.54577 68340
1.54893 68680
1.55208 69020
1.55523 69360
1.55838 69700
1.56153 70040
1.56469 70380
1.56784 70720
1.57099 71060
1.57414 71400
1.57729 71740
1.58045 72080
1.5836 72420
1.58675 72760
1.5899 73100
1.59305 73440
1.59621 73780
1.59936 74120
1.60251 74460
1.60566 74800
1.60881 75140
1.61197 75480
1.61512 75820
1.61827 76160
1.62142 76500
1.62457 76840
1.62773 77180
1.63088 77520
1.63403 77860
1.63718 78200
1.64033 78540
1.64349 78880
1.64664 79220
1.64979 79560
1.65294 79900
1.65609 80240
1.65925 80580
1.6624 80920
1.66555 81260
1.6687 81600
1.67185 81940
1.67501 82280
1.67816 82620
1.68131 82960
1.68446 83300
1.68761 83640
1.69077 83980
1.69392 84320
1.69707 84660
1.70022 85000
1.70337 85340
1.70653 85680
1.70968 86020
1.71283 86360
1.71598 86700
1.71913 87040
1.72229 87380
1.72544 87720
1.72859 88060
1.73174 88400
1.73489 88740
1.73805 89080
1.7412 89420
1.74435 89760
1.7475 90100
1.75065 90440
1.75381 90780
1.75696 91120
1.76011 91460
1.76326 91800
1.76641 92140
1.76957 92480
1.77272 92820
1.77587 93160
1.77902 93500
1.78217 93840
1.78533 94180
1.78848 94520
1.79163 94860
1.79478 95200
1.79793 95540
1.80109 95880
1.80424 96220
1.80739 96560
1.81054 96900
1.81369 97240
1.81685 97580
1.82 97920
1.82315 98260
1.8263 98600
1.82945 98940
1.83261 99280
1.83576 99620
1.83891 99960
1.84206 100300
1.84521 100640
1.84837 100980
1.85152 101320
1.85467 101660
1.85782 102000
1.86097 102340
1.86413 102680
1.86728 103020
1.87043 103360
1.87358 103700
1.87673 104040
1.87989 104380
1.88304 104720
1.88619 105060
1.88934 105400
1.89249 105740
1.89565 106080
1.8988 106420
1.90195 106760
1.9051 107100
1.90825 107440
1.91141 107780
1.91456 108120
1.91771 108460
1.92086 108800
1.92401 109140
1.92717 109480
1.93197 109480
1.93197 54400
2.73565 54402
2.74046 54402
2.74046 27030
3.03194 27034
3.03509 27038
3.03825 27042
3.0414 27046
3.04455 27050
3.0477 27054
3.05085 27058
3.05401 27062
3.05716 27066
3.06031 27070
3.06346 27074
3.06661 27078
3.06977 27082
3.07449 27086
3.07765 27090
3.0808 27094
3.08395 27098
3.0871 27102
3.09025 27106
3.09341 27110
3.09656 27114
3.09971 27118
3.10286 27122
3.10601 27126
3.10917 27130
3.11232 27134
3.11547 27138
3.11862 27142
3.12177 27146
3.12493 27150
3.12808 27154
3.13123 27158
3.13438 27162
3.13753 27166
3.14069 27170
3.14384 27174
3.14699 27178
3.15014 27182
3.15329 27186
3.15645 27190
3.1596 27194
3.16275 27198
3.1659 27202
3.16905 27206
3.17221 27210
3.17536 27214
3.17851 27218
3.18166 27222
3.18481 27226
3.18797 27230
3.19112 27234
3.19427 27238
3.19742 27242
3.20057 27246
3.20373 27250
3.20688 27254
3.21003 27258
3.21318 27262
3.21633 27266
3.21949 27270
3.22264 27274
3.22579 27278
3.22894 27282
3.23209 27286
3.23525 27290
3.2384 27294
3.24155 27298
3.2447 27302
3.24785 27306
3.25101 27310
3.25416 27314
3.25731 27318
3.26046 27322
3.26361 27326
3.26677 27330
3.26992 27334
3.27307 27338
3.27622 27342
3.27937 27346
3.28252 27350
3.28568 27354
3.28883 27358
3.29198 27362
3.29513 27366
3.29828 27370
3.30144 27374
3.30459 27378
3.30774 27382
3.31089 27386
3.31404 27390
3.3172 27394
3.32035 27398
3.3235 27402
3.32665 27406
3.3298 27410
3.33296 27414
3.33611 27418
3.33926 27422
3.34241 27426
3.34556 27430
3.34872 27434
3.35187 27438
3.35502 27442
3.35817 27446
3.36132 27450
3.36448 27454
3.36763 27458
3.37078 27462
3.37393 27466
3.37708 27470
3.38024 27474
3.38339 27478
3.38654 27482
3.38969 27486
3.39284 27490
3.396 27494
3.39915 27498
3.4023 27502
3.40545 27506
3.4086 27510
3.41176 27514
3.41491 27518
3.41806 27522
3.42121 27526
3.42436 27530
3.42752 27534
3.43067 27538
3.43382 27542
3.43697 27546
3.44012 27550
3.44328 27554
3.44643 27558
3.44958 27562
3.45273 27566
3.45588 27570
3.45904 27574
3.46219 27578
3.46534 27582
3.46849 27586
3.47164 27590
3.4748 27594
3.47795 27598
3.4811 27602
3.48425 27606
3.4874 27610
3.49056 27614
3.49371 27618
3.49686 27622
3.50001 27626
3.50316 27630
3.50632 27634
3.50947 27638
3.51262 27642
3.51577 27646
3.51892 27650
3.52208 27654
3.52523 27658
3.52838 27662
3.53153 27666
3.53468 27670
3.53784 27674
3.54099 27678
3.54414 27682
3.54729 27686
3.55044 27690
3.5536 27694
3.55675 27698
3.5599 27702
3.56305 27706
3.5662 27710
3.56936 27714
3.57251 27718
3.57566 27722
3.57881 27726
3.58196 27730
3.58512 27734
3.58827 27738
3.59142 27742
3.59457 27746
3.59772 27750
3.60088 27754
3.60403 27758
3.60718 27762
3.61033 27766
3.61348 27770
3.61664 27774
3.61979 27778
3.62294 27782
3.62609 27786
3.62924 27790
3.6324 27794
3.63555 27798
3.6387 27802
3.64185 27806
3.645 27810
3.64816 27814
3.65131 27818
3.65446 27822
3.65761 27826
3.66076 27830
3.66392 27834
3.66707 27838
3.67022 27842
3.67337 27846
3.67652 27850
3.67968 27854
3.68283 27858
3.68598 27862
3.68913 27866
3.69228 27870
3.69544 27874
3.69859 27878
3.70174 27882
3.70489 27886
3.70804 27890
3.7112 27894
3.71435 27898
3.7175 27902
3.72065 27906
3.7238 27910
3.72696 27914
3.73011 27918
3.73326 27922
3.73641 27926
3.73956 27930
3.74272 27934
3.74587 27938
3.74902 27942
3.75217 27946
3.75532 27950
3.75848 27954
3.76163 27958
3.76478 27962
3.76793 27966
3.77108 27970
3.77424 27974
3.77739 27978
3.78054 27982
3.78369 27986
3.78684 27990
3.79 27994
3.79315 27998
3.7963 28002
3.79945 28006
3.8026 28010
3.80576 28014
3.80891 28018
3.81206 28022
3.81521 28026
3.81836 28030
3.82152 28034
3.82467 28038
3.82782 28042
3.83097 28046
3.83412 28050
3.83728 28054
3.84043 28058
3.84358 28062
3.84673 28066
3.84988 28070
3.85304 28074
3.85619 28078
3.85934 28082
3.86249 28086
3.86564 28090
3.8688 28094
3.87195 28098
3.8751 28102
3.87825 28106
3.8814 28110
3.88456 28114
3.88771 28118
3.89086 28122
3.89401 28126
3.89716 28130
3.90032 28134
3.90347 28138
3.90662 28142
3.90977 28146
3.91292 28150
3.91608 28154
3.91923 28158
3.92238 28162
3.92553 28166
3.92868 28170
3.93184 28174
3.93499 28178
3.93814 28182
3.94129 28186
3.94444 28190
3.9476 28194
3.95075 28198
3.9539 28202
3.95705 28206
3.9602 28210
3.96336 28214
3.96651 28218
3.96966 28222
3.97281 28226
3.97596 28230
3.97912 28234
3.98227 28238
3.98542 28242
3.98857 28246
3.99172 28250
3.99488 28254
3.99803 28258
4.00118 28262
4.00433 28266
4.00748 28270
4.01064 28274
4.01379 28278
4.01694 28282
4.02009 28286
4.02324 28290
4.0264 28294
4.02955 28298
4.0327 28302
4.03585 28306
4.039 28310
4.04216 28314
4.04531 28318
4.04846 28322
4.05161 28326
4.05476 28330
4.05792 28334
4.06107 28338
4.06422 28342
4.06737 28346
4.07052 28350
4.07368 28354
4.07683 28358
4.07998 28362
4.08313 28366
4.08628 28370
4.08944 28374
4.09259 28378
4.09574 28382
4.09889 28386
4.10204 28390
4.1052 28394
4.10835 28398
4.1115 28402
4.11465 28406
4.1178 28410
4.12096 28414
4.12411 28418
4.12726 28422
4.13041 28426
4.13356 28430
4.13672 28434
4.13987 28438
4.14302 28442
4.14617 28446
4.14932 28450
4.15248 28454
4.15563 28458
4.15878 28462
4.16193 28466
4.16508 28470
4.16824 28474
4.17139 28478
4.17454 28482
4.17769 28486
4.18084 28490
4.184 28494
4.18715 28498
4.1903 28502
4.19345 28506
4.1966 28510
4.19976 28514
4.20291 28518
4.20606 28522
4.20921 28526
4.21236 28530
4.21552 28534
4.21867 28538
4.22182 28542
4.22497 28546
4.22812 28550
4.23128 28554
4.23443 28558
4.23758 28562
4.24073 28566
4.24388 28570
4.24704 28574
4.25019 28578
4.25334 28582
4.25649 28586
4.25964 28590
4.2628 28594
4.26595 28598
4.2691 28602
4.27225 28606
4.2754 28610
4.27856 28614
4.28171 28618
4.28486 28622
4.28801 28626
4.29116 28630
4.29432 28634
4.29747 28638
4.30062 28642
4.30377 28646
4.30692 28650
4.31008 28654
4.31323 28658
4.31638 28662
4.31953 28666
4.32268 28670
4.32584 28674
4.32899 28678
4.33214 28682
4.33529 28686
4.33844 28690
4.3416 28694
4.34475 28698
4.3479 28702
4.35105 28706
4.3542 28710
4.35736 28714
4.36051 28718
4.36366 28722
4.36681 28726
4.36996 28730
4.37312 28734
4.37627 28738
4.37942 28742
4.38257 28746
4.38572 28750
4.38888 28754
4.39203 28758
4.39518 28762
4.39833 28766
4.40148 28770
4.40464 28774
4.40779 28778
4.41094 28782
4.41409 28786
4.41724 28790
4.4204 28794
4.42355 28798
4.4267 28802
4.42985 28806
4.433 28810
4.43616 28814
4.43931 28818
4.44246 28822
4.44561 28826
4.44876 28830
4.45192 28834
4.45507 28838
4.45822 28842
4.46137 28846
4.46452 28850
4.46768 28854
4.47083 28858
4.47398 28862
4.47713 28866
4.48028 28870
4.48344 28874
4.48659 28878
4.48974 28882
4.49289 28886
4.49604 28890
4.4992 28894
4.50235 28898
4.5055 28902
4.50865 28905
4.5118 28908
4.51496 28911
4.51811 28914
4.52126 28917
4.52441 28920
4.52756 28923
4.53072 28926
4.53387 28929
4.53702 28932
4.54017 28935
4.54332 28938
4.54648 28941
4.54963 28944
4.55278 28947
4.55593 28950
4.55908 28953
4.56224 28956
4.56539 28959
4.56854 28962
4.57169 28965
4.57484 28968
4.578 28971
4.58115 28974
4.5843 28977
4.58745 28980
4.5906 28983
4.59376 28986
4.59691 28989
4.60006 28992
4.60321 28995
4.60636 28998
4.60952 29001
4.61267 29004
4.61582 29007
4.61897 29010
4.62212 29013
4.62528 29016
4.62843 29019
4.63158 29022
4.63473 29025
4.63788 29028
4.64104 29031
4.64419 29034
4.64734 29037
4.65049 29040
4.65364 29043
4.6568 29046
4.65995 29049
4.6631 29052
4.66625 29055
4.6694 29058
4.67256 29061
4.67571 29064
4.67886 29067
4.68201 29070
4.68516 29073
4.68832 29076
4.69147 29079
4.69462 29082
4.69777 29085
4.70092 29088
4.70408 29091
4.70723 29094
4.71038 29097
4.71353 29100
4.71668 29103
4.71984 29106
4.72299 29109
4.72614 29112
4.72929 29115
4.73244 29118
4.7356 29121
4.73875 29124
4.7419 29127
4.74505 29130
4.7482 29133
4.75136 29136
4.75451 29139
4.75766 29142
4.76081 29145
4.76396 29148
4.76712 29151
4.77027 29154
4.77342 29157
4.77657 29160
4.77972 29163
4.78288 29166
4.78603 29169
4.78918 29172
4.79233 29175
4.79548 29178
4.79864 29181
4.80179 29184
4.80494 29187
4.80809 29190
4.81124 29193
4.8144 29196
4.81755 29199
4.8207 29202
4.82385 29205
4.827 29208
4.83016 29211
4.83331 29214
4.83646 29217
4.83961 29220
4.84276 29223
4.84592 29226
4.84907 29229
4.85222 29232
4.85537 29235
4.85852 29238
4.86168 29241
4.86483 29244
4.86798 29247
4.87113 29250
4.87428 29253
4.87744 29256
4.88059 29259
4.88374 29262
4.88689 29265
4.89004 29268
4.8932 29271
4.89635 29274
4.8995 29277
4.90265 29280
4.9058 29283
4.90896 29286
4.91211 29289
4.91526 29292
4.91841 29295
4.92156 29298
4.92472 29301
4.92787 29304
4.93102 29307
4.93417 29310
4.93732 29313
4.94048 29316
4.94363 29319
4.94678 29322
4.94993 29325
4.95308 29328
4.95624 29331
4.95939 29334
4.96254 29337
4.96569 29340
4.96884 29343
4.972 29346
4.97515 29349
4.9783 29352
4.98145 29355
4.9846 29358
4.98776 29361
4.99091 29364
4.99406 29367
4.99721 29370
5.00036 29373
5.00352 29376
5.00667 29379
5.00982 29382
5.01297 29385
5.01612 29388
5.01928 29391
5.02243 29394
5.02558 29397
5.02873 29400
5.03188 29403
5.03504 29406
5.03819 29409
5.04134 29412
5.04449 29415
5.04764 29418
5.0508 29421
5.05395 29424
5.0571 29427
5.06025 29430
5.0634 29433
5.06656 29436
5.06971 29439
5.07286 29442
5.07601 29445
5.07916 29448
5.08232 29451
5.08547 29454
5.08862 29457
5.09177 29460
5.09492 29463
5.09808 29466
5.10123 29469
5.10438 29472
5.10753 29475
5.11068 29478
5.11384 29481
5.11699 29484
5.12014 29487
5.12329 29490
5.12644 29493
5.1296 29496
5.13275 29499
5.1359 29502
5.13905 29505
5.1422 29508
5.14536 29511
5.14851 29514
5.15166 29517
5.15481 29520
5.15796 29523
5.16112 29526
5.16427 29529
5.16742 29532
5.17057 29535
5.17372 29538
5.17688 29541
5.18003 29544
5.18318 29547
5.18633 29550
5.18948 29553
5.19264 29556
5.19579 29559
5.19894 29562
5.20209 29565
5.20524 29568
5.2084 29571
5.21155 29574
5.2147 29577
5.21785 29580
5.221 29583
5.22416 29586
5.22731 29589
5.23046 29592
5.23361 29595
5.23676 29598
5.23992 29601
5.24307 29604
5.24622 29607
5.24937 29610
5.25252 29613
5.25568 29616
5.25883 29619
5.26198 29622
5.26513 29625
5.26828 29628
5.27144 29631
5.27459 29634
5.27774 29637
5.28089 29640
5.28404 29643
5.2872 29646
5.29035 29649
5.2935 29652
5.29665 29655
5.2998 29658
5.30296 29661
5.30611 29664
5.30926 29667
5.31241 29670
5.31556 29673
5.31872 29676
5.32187 29679
5.32502 29682
5.32817 29685
5.33132 29688
5.33448 29691
5.33763 29694
5.34078 29697
5.34393 29700
5.34708 29703
5.35024 29706
5.35339 29709
5.35654 29712
5.35969 29715
5.36284 29718
5.366 29721
5.36915 29724
5.3723 29727
5.37545 29730
5.3786 29733
5.38176 29736
5.38491 29739
5.38806 29742
5.39121 29745
5.39436 29748
5.39752 29751
5.40067 29754
5.40382 29757
5.40697 29760
5.41012 29763
5.41328 29766
5.41643 29769
5.41958 29772
5.42273 29775
5.42588 29778
5.42904 29781
5.43219 29784
5.43534 29787
5.43849 29790
5.44164 29793
5.4448 29796
5.44795 29799
5.4511 29802
5.45425 29805
5.4574 29808
5.46056 29811
5.46371 29814
5.46686 29817
5.47001 29820
5.47316 29823
5.47632 29826
5.47947 29829
5.48262 29832
5.48577 29835
5.48892 29838
5.49208 29841
5.49523 29844
5.49838 29847
5.50153 29850
5.50468 29853
5.50784 29856
5.51099 29859
5.51414 29862
5.51729 29865
5.52044 29868
5.5236 29871
5.52675 29874
5.5299 29877
5.53305 29880
5.5362 29883
5.53936 29886
5.54251 29889
5.54566 29892
5.54881 29895
5.55196 29898
5.55512 29901
5.55827 29904
5.56142 29907
5.56457 29910
5.56772 29913
5.57088 29916
5.57403 29919
5.57718 29922
5.58033 29925
5.58348 29928
5.58664 29931
5.58979 29934
5.59294 29937
5.59609 29940
5.59924 29943
5.6024 29946
5.60555 29949
5.6087 29952
5.61185 29955
5.615 29958
5.61816 29961
5.62131 29964
5.62446 29967
5.62761 29970
5.63076 29973
5.63392 29976
5.63707 29979
5.64022 29982
5.64337 29985
5.64652 29988
5.64968 29991
5.65283 29994
5.65598 29997
5.65913 30000
5.66228 30003
5.66544 30006
5.66859 30009
5.67174 30012
5.67489 30015
5.67804 30018
5.6812 30021
5.68435 30024
5.6875 30027
5.69065 30030
5.6938 30033
5.69696 30036
5.70011 30039
5.70326 30042
5.70641 30045
5.70956 30048
5.71272 30051
5.71587 30054
5.71902 30057
5.72217 30060
5.72532 30063
5.72848 30066
5.73163 30069
5.73478 30072
5.73793 30075
5.74108 30078
5.74424 30081
5.74739 30084
5.75054 30087
5.75369 30090
5.75684 30093
5.76 30096
5.76315 30099
5.7663 30102
5.76945 30105
5.7726 30108
5.77576 30111
5.77891 30114
5.78206 30117
5.78521 30120
5.78836 30123
5.79152 30126
5.79467 30129
5.79782 30132
5.80097 30135
5.80412 30138
5.80728 30141
5.81043 30144
5.81358 30147
5.81673 30150
5.81988 30153
5.82304 30156
5.82619 30159
5.82934 30162
5.83249 30165
5.83564 30168
5.8388 30171
5.84195 30174
5.8451 30177
5.84825 30180
5.8514 30183
5.85456 30186
5.85771 30189
5.86086 30192
5.86401 30195
5.86716 30198
5.87032 30201
5.87347 30204
5.87662 30207
5.87977 30210
5.88292 30213
5.88608 30216
5.88923 30219
5.89238 30222
5.89553 30225
5.89868 30228
5.90184 30231
5.90499 30234
5.90814 30237
5.91129 30240
5.91444 30243
5.9176 30246
5.92075 30249
5.9239 30252
5.92705 30255
5.9302 30258
5.93336 30261
5.93651 30264
5.93966 30267
5.94281 30270
5.94596 30273
5.94912 30276
5.95227 30279
5.95542 30282
5.95857 30285
5.96172 30288
5.96488 30291
5.96803 30294
5.97118 30297
5.97433 30300
5.97748 30303
5.98064 30306
5.98379 30309
5.98694 30312
5.99009 30315
5.99324 30318
5.9964 30321
5.99955 30324
6.0027 30327
6.00585 30330
6.009 30333
6.01216 30336
6.01531 30339
6.01846 30342
6.02161 30345
6.02476 30348
6.02792 30351
6.03107 30354
6.03422 30357
6.03737 30360
6.04052 30363
6.04368 30366
6.04683 30369
6.04998 30372
6.05313 30375
6.05628 30378
6.05944 30381
6.06259 30384
6.06574 30387
6.06889 30390
6.07204 30393
6.0752 30396
6.07835 30399
6.0815 30402
6.08465 30405
6.0878 30408
6.09096 30411
6.09411 30414
6.09726 30417
6.10041 30420
6.10356 30423
6.10672 30426
6.10987 30429
6.11302 30432
6.11617 30435
6.11932 30438
6.12248 30441
6.12563 30444
6.12878 30447
6.13193 30450
6.13508 30453
6.13824 30456
6.14139 30459
6.14454 30462
6.14769 30465
6.15084 30468
6.154 30471
6.15715 30474
6.1603 30477
6.16345 30480
6.1666 30483
6.16976 30486
6.17291 30489
6.17606 30492
6.17921 30495
6.18236 30498
6.18552 30501
6.18867 30504
6.19182 30507
6.19497 30510
6.19812 30513
6.20128 30516
6.20443 30519
6.20758 30522
6.21073 30525
6.21388 30528
6.21704 30531
6.22019 30534
6.22334 30537
6.22649 30540
6.22964 30543
6.2328 30546
6.23595 30549
6.2391 30552
6.24225 30555
6.2454 30558
6.24856 30561
6.25171 30564
6.25486 30567
6.25801 30570
6.26116 30573
6.26432 30576
6.26747 30579
6.27062 30582
6.27377 30585
6.27692 30588
6.28008 30591
6.28323 30594
6.28638 30597
6.28953 30600
6.29268 30603
6.29584 30606
6.29899 30609
6.30214 30612
6.30529 30615
6.30844 30618
6.3116 30621
6.31475 30624
6.3179 30627
6.32105 30630
6.3242 30633
6.32736 30636
6.33051 30639
6.33366 30642
6.33681 30645
6.33996 30648
6.34312 30651
6.34627 30654
6.34942 30657
6.35257 30660
6.35572 30663
6.35888 30666
6.36203 30669
6.36518 30672
6.36833 30675
6.37148 30678
6.37464 30681
6.37779 30684
6.38094 30687
6.38409 30690
6.38724 30693
6.3904 30696
6.39355 30699
6.3967 30702
6.39985 30705
6.403 30708
6.40616 30711
6.40931 30714
6.41246 30717
6.41561 30720
6.41876 30723
6.42192 30726
6.42507 30729
6.42822 30732
6.43137 30735
6.43452 30738
6.43767 30741
6.44083 30744
6.44398 30747
6.44713 30750
6.45028 30753
6.45343 30756
6.45659 30759
6.45974 30762
6.46289 30765
6.46604 30768
6.46919 30771
6.47235 30774
6.4755 30777
6.47865 30780
6.4818 30783
6.48495 30786
6.48811 30789
6.49126 30792
6.49441 30795
6.49756 30798
6.50071 30801
6.50387 30804
6.50702 30807
6.51017 30810
6.51332 30813
6.51647 30816
6.51963 30819
6.52278 30822
6.52593 30825
6.52908 30828
6.53223 30831
6.53539 30834
6.53854 30837
6.54169 30840
6.54484 30843
6.54799 30846
6.55115 30849
6.5543 30852
6.55745 30855
6.5606 30858
6.56375 30861
6.56691 30864
6.57006 30867
6.57321 30870
6.57636 30873
6.57951 30876
6.58267 30879
6.58582 30882
6.58897 30885
6.59212 30888
6.59527 30891
6.59843 30894
6.60158 30897
6.60473 30900
6.60788 30903
6.61103 30906
6.61419 30909
6.61734 30912
6.62049 30915
6.62364 30918
6.62679 30921
6.62995 30924
6.6331 30927
6.63625 30930
6.6394 30933
6.64255 30936
6.64571 30939
6.64886 30942
6.65201 30945
6.65516 30948
6.65831 30951
6.66147 30954
6.66462 30957
6.66777 30960
6.67092 30963
6.67407 30966
6.67723 30969
6.68038 30972
6.68353 30975
6.68668 30978
6.68983 30981
6.69299 30984
6.69614 30987
6.69929 30990
6.70244 30993
6.70559 30996
6.70875 30999
6.7119 31002
6.71505 31005
6.7182 31008
6.72135 31011
6.72451 31014
6.72766 31017
6.73081 31020
6.73396 31023
6.73711 31026
6.74027 31029
6.74342 31032
6.74657 31035
6.74972 31038
6.75287 31041
6.75603 31044
6.75918 31047
6.76233 31050
6.76548 31053
6.76863 31056
6.77179 31059
6.77494 31062
6.77809 31065
6.78124 31068
6.78439 31071
6.78755 31074
6.7907 31077
6.79385 31080
6.797 31083
6.80015 31086
6.80331 31089
6.80646 31092
6.80961 31095
6.81276 31098
6.81591 31101
6.81907 31104
6.82222 31107
6.82537 31110
6.82852 31113
6.83167 31116
6.83483 31119
6.83798 31122
6.84113 31125
6.84428 31128
6.84743 31131
6.85059 31134
6.85374 31137
6.85689 31140
6.86004 31143
6.86319 31146
6.86635 31149
6.8695 31152
6.87265 31155
6.8758 31158
6.87895 31161
6.88211 31164
6.88526 31167
6.88841 31170
6.89156 31173
6.89471 31176
6.89787 31179
6.90102 31182
6.90417 31185
6.90732 31188
6.91047 31191
6.91363 31194
6.91678 31197
6.91993 31200
6.92308 31203
6.92623 31206
6.92939 31209
6.93254 31212
6.93569 31215
6.93884 31218
6.94199 31221
6.94515 31224
6.9483 31227
6.95145 31230
6.9546 31233
6.95775 31236
6.96091 31239
6.96406 31242
6.96721 31245
6.97036 31248
6.97351 31251
6.97667 31254
6.97982 31257
6.98297 31260
6.98612 31263
6.98927 31266
6.99243 31269
6.99558 31272
6.99873 31275
7.00188 31278
7.00503 31281
7.00819 31284
7.01134 31287
7.01449 31290
7.01764 31293
7.02079 31296
7.02395 31299
7.0271 31302
7.03025 31305
7.0334 31308
7.03655 31311
7.03971 31314
7.04286 31317
7.04601 31320
7.04916 31323
7.05231 31326
7.05547 31329
7.05862 31332
7.06177 31335
7.06492 31338
7.06807 31341
7.07123 31344
7.07438 31347
7.07753 31350
7.08068 31353
7.08383 31356
7.08699 31359
7.09014 31362
7.09329 31365
7.09644 31368
7.09959 31371
7.10275 31374
7.1059 31377
7.10905 31380
7.1122 31383
7.11535 31386
7.11851 31389
7.12166 31392
7.12481 31395
7.12796 31398
7.13111 31401
7.13427 31404
7.13742 31407
7.14057 31410
7.14372 31413
7.14687 31416
7.15003 31419
7.15318 31422
7.15633 31425
7.15948 31428
7.16263 31431
7.16579 31434
7.16894 31437
7.17209 31440
7.17524 31443
7.17839 31446
7.18155 31449
7.1847 31452
7.18785 31455
7.191 31458
7.19415 31461
7.19731 31464
7.20046 31467
7.20361 31470
7.20676 31473
7.20991 31476
7.21307 31479
7.21622 31482
7.21937 31485
7.22252 31488
7.22567 31491
7.22883 31494
7.23198 31497
7.23513 31500
7.23828 31503
7.24143 31506
7.24459 31509
7.24774 31512
7.25089 31515
7.25404 31518
7.25719 31521
7.26035 31524
7.2635 31527
7.26665 31530
7.2698 31533
7.27295 31536
7.27611 31539
7.27926 31542
7.28241 31545
7.28556 31548
7.28871 31551
7.29187 31554
7.29502 31557
7.29817 31560
7.30132 31563
7.30447 31566
7.30763 31569
7.31078 31572
7.31393 31575
7.31708 31578
7.32023 31581
7.32339 31584
7.32654 31587
7.32969 31590
7.33284 31593
7.33599 31596
7.33915 31599
7.3423 31602
7.34545 31605
7.3486 31608
7.35175 31611
7.35491 31614
7.35806 31617
7.36121 31620
7.36436 31623
7.36751 31626
7.37067 31629
7.37382 31632
7.37697 31635
7.38012 31638
7.38327 31641
7.38643 31644
7.38958 31647
7.39273 31650
7.39588 31653
7.39903 31656
7.40219 31659
7.40534 31662
7.40849 31665
7.41164 31668
7.41479 31671
7.41795 31674
7.4211 31677
7.42425 31680
7.4274 31683
7.43055 31686
7.43371 31689
7.43686 31692
7.44001 31695
7.44316 31698
7.44631 31701
7.44947 31704
7.45262 31707
7.45577 31710
7.45892 31713
7.46207 31716
7.46523 31719
7.46838 31722
7.47153 31725
7.47468 31728
7.47783 31731
7.48099 31734
7.48414 31737
7.48729 31740
7.49044 31743
7.49359 31746
7.49675 31749
7.4999 31752
7.50305 31755
7.5062 31758
7.50935 31761
7.51251 31764
7.51566 31767
7.51881 31770
7.52196 31773
7.52511 31776
7.52827 31779
7.53142 31782
7.53457 31785
7.53772 31788
7.54087 31791
7.54403 31794
7.54718 31797
7.55033 31800
7.55348 31803
7.55663 31806
7.55979 31809
7.56294 31812
7.56609 31815
7.56924 31818
7.57239 31821
7.57555 31824
7.5787 31827
7.58185 31830
7.585 31833
7.58815 31836
7.59131 31839
7.59446 31842
7.59761 31845
7.60076 31848
7.60391 31851
7.60707 31854
7.61022 31857
7.61337 31860
7.61652 31863
7.61967 31866
7.62283 31869
7.62598 31872
7.62913 31875
7.63228 31878
7.63543 31881
7.63859 31884
7.64174 31887
7.64489 31890
7.64804 31893
7.65119 31896
7.65435 31899
7.6575 31902
7.66065 31905
7.6638 31908
7.66695 31911
7.67011 31914
7.67326 31917
7.67641 31920
7.67956 31923
7.68271 31926
7.68587 31929
7.68902 31932
7.69217 31935
7.69532 31938
7.69847 31941
7.70163 31944
7.70478 31947
7.70793 31950
7.71108 31953
7.71423 31956
7.71739 31959
7.72054 31962
7.72369 31965
7.72684 31968
7.72999 31971
7.73315 31974
7.7363 31977
7.73945 31980
7.7426 31983
7.74575 31986
7.74891 31989
7.75206 31992
7.75521 31995
7.75836 31998
7.76151 32001
7.76467 32004
7.76782 32007
7.77097 32010
7.77412 32013
7.77727 32016
7.78043 32019
7.78358 32022
7.78673 32025
7.78988 32028
7.79303 32031
7.79619 32034
7.79934 32037
7.80249 32040
7.80564 32043
7.80879 32046
7.81195 32049
7.8151 32052
7.81825 32055
7.8214 32058
7.82455 32061
7.82771 32064
7.83086 32067
7.83401 32070
7.83716 32073
7.84031 32076
7.84347 32079
7.84662 32082
7.84977 32085
7.85292 32088
7.85607 32091
7.85923 32094
7.86238 32097
7.86553 32100
7.86868 32103
7.87183 32106
7.87499 32109
7.87814 32112
7.88129 32115
7.88444 32118
7.88759 32121
7.89075 32124
7.8939 32127
7.89705 32130
7.9002 32133
7.90335 32136
7.90651 32139
7.90966 32142
7.91281 32145
7.91596 32148
7.91911 32151
7.92227 32154
7.92542 32157
7.92857 32160
7.93172 32163
7.93487 32166
7.93803 32169
7.94118 32172
7.94433 32175
7.94748 32178
7.95063 32181
7.95379 32184
7.95694 32187
7.96009 32190
7.96324 32193
7.96639 32196
7.96955 32199
7.9727 32202
7.97585 32205
7.979 32208
7.98215 32211
7.98531 32214
7.98846 32217
7.99161 32220
7.99476 32223
7.99791 32226
8.00107 32229
8.00422 32232
8.00737 32235
8.01052 32238
8.01367 32241
8.01683 32244
8.01998 32247
8.02313 32250
8.02628 32253
8.02943 32256
8.03259 32259
8.03574 32262
8.03889 32265
8.04204 32268
8.04519 32271
8.04835 32274
8.0515 32277
8.05465 32280
8.0578 32283
8.06095 32286
8.06411 32289
8.06726 32292
8.07041 32295
8.07356 32298
8.07671 32301
8.07987 32304
8.08302 32307
8.08617 32310
8.08932 32313
8.09247 32316
8.09563 32319
8.09878 32322
8.10193 32325
8.10508 32328
8.10823 32331
8.11139 32334
8.11454 32337
8.11769 32340
8.12084 32343
8.12399 32346
8.12715 32349
8.1303 32352
8.13345 32355
8.1366 32358
8.13975 32361
8.14291 32364
8.14606 32367
8.14921 32370
8.15236 32373
8.15551 32376
8.15867 32379
8.16182 32382
8.16497 32385
8.16812 32388
8.17127 32391
8.17443 32394
8.17758 32397
8.18073 32400
8.18388 32403
8.18703 32406
8.19019 32409
8.19334 32412
8.19649 32415
8.19964 32418
8.20279 32421
8.20595 32424
8.2091 32427
8.21225 32430
8.2154 32433
8.21855 32436
8.22171 32439
8.22486 32442
8.22801 32445
8.23116 32448
8.23431 32451
8.23747 32454
8.24062 32457
8.24377 32460
8.24692 32463
8.25007 32466
8.25323 32469
8.25638 32472
8.25953 32475
8.26268 32478
8.26583 32481
8.26899 32484
8.27214 32487
8.27529 32490
8.27844 32493
8.28159 32496
8.28475 32499
8.2879 32502
8.29105 32505
8.2942 32508
8.29735 32511
8.30051 32514
8.30366 32517
8.30681 32520
8.30996 32523
8.31311 32526
8.31627 32529
8.31942 32532
8.32257 32535
8.32572 32538
8.32887 32541
8.33203 32544
8.33518 32547
8.33833 32550
8.34148 32553
8.34463 32556
8.34779 32559
8.35094 32562
8.35409 32565
8.35724 32568
8.36039 32571
8.36355 32574
8.3667 32577
8.36985 32580
8.373 32583
8.37615 32586
8.37931 32589
8.38246 32592
8.38561 32595
8.38876 32598
8.39191 32601
8.39507 32604
8.39822 32607
8.40137 32610
8.40452 32613
8.40767 32616
8.41083 32619
8.41398 32622
8.41713 32625
8.42028 32628
8.42343 32631
8.42659 32634
8.42974 32637
8.43289 32640
8.43604 32643
8.43919 32646
8.44235 32649
8.4455 32652
8.44865 32655
8.4518 32658
8.45495 32661
8.45811 32664
8.46126 32667
8.46441 32670
8.46756 32673
8.47071 32676
8.47387 32679
8.47702 32682
8.48017 32685
8.48332 32688
8.48647 32691
8.48963 32694
8.49278 32697
8.49593 32700
8.49908 32703
8.50223 32706
8.50539 32709
8.50854 32712
8.51169 32715
8.51484 32718
8.51799 32721
8.52115 32724
8.5243 32727
8.52745 32730
8.5306 32733
8.53375 32736
8.53691 32739
8.54006 32742
8.54321 32745
8.54636 32748
8.54951 32751
8.55267 32754
8.55582 32757
8.55897 32760
8.56212 32763
8.56527 32766
8.56843 32769
8.57158 32772
8.57473 32775
8.57788 32778
8.58103 32781
8.58419 32784
8.58734 32787
8.59049 32790
8.59364 32793
8.59679 32796
8.59995 32799
8.6031 32802
8.60625 32805
8.6094 32808
8.61255 32811
8.61571 32814
8.61886 32817
8.62201 32820
8.62516 32823
8.62831 32826
8.63147 32829
8.63462 32832
8.63777 32835
8.64092 32838
8.64407 32841
8.64723 32844
8.65038 32847
8.65353 32850
8.65668 32853
8.65983 32856
8.66299 32859
8.66614 32862
8.66929 32865
8.67244 32868
8.67559 32871
8.67875 32874
8.6819 32877
8.68505 32880
8.6882 32883
8.69135 32886
8.69451 32889
8.69766 32892
8.70081 32895
8.70396 32898
8.70711 32901
8.71027 32904
8.71342 32907
8.71657 32910
8.71972 32913
8.72287 32916
8.72603 32919
8.72918 32922
8.73233 32925
8.73548 32928
8.73863 32931
8.74179 32934
8.74494 32937
8.74809 32940
8.75124 32943
8.75439 32946
8.75755 32949
8.7607 32952
8.76385 32955
8.767 32958
8.77015 32961
8.77331 32964
8.77646 32967
8.77961 32970
8.78276 32973
8.78591 32976
8.78907 32979
8.79222 32982
8.79537 32985
8.79852 32988
8.80167 32991
8.80483 32994
8.80798 32997
8.81113 33000
8.81428 33003
8.81743 33006
8.82059 33009
8.82374 33012
8.82689 33015
8.83004 33018
8.83319 33021
8.83635 33024
8.8395 33027
8.84265 33030
8.8458 33033
8.84895 33036
8.85211 33039
8.85526 33042
8.85841 33045
8.86156 33048
8.86471 33051
8.86787 33054
8.87102 33057
8.87417 33060
8.87732 33063
8.88047 33066
8.88363 33069
8.88678 33072
8.88993 33075
8.89308 33078
8.89623 33081
8.89939 33084
8.90254 33087
8.90569 33090
8.90884 33093
8.91199 33096
8.91515 33099
8.9183 33102
8.92145 33105
8.9246 33108
8.92775 33111
8.93091 33114
8.93406 33117
8.93721 33120
8.94036 33123
8.94351 33126
8.94667 33129
8.94982 33132
8.95297 33135
8.95612 33138
8.95927 33141
8.96243 33144
8.96558 33147
8.96873 33150
8.97188 33153
8.97503 33156
8.97819 33159
8.98134 33162
8.98449 33165
8.98764 33168
8.99079 33171
8.99395 33174
8.9971 33177
9.00025 33180
9.0034 33183
9.00655 33186
9.00971 33189
9.01286 33192
9.01601 33195
9.01916 33198
9.02231 33201
9.02547 33204
9.02862 33207
9.03177 33210
9.03492 33213
9.03807 33216
9.04123 33219
9.04438 33222
9.04753 33225
9.05068 33228
9.05383 33231
9.05699 33234
9.06014 33237
9.06329 33240
9.06644 33243
9.06959 33246
9.07275 33249
9.0759 33252
9.07905 33255
9.0822 33258
9.08535 33261
9.08851 33264
9.09166 33267
9.09481 33270
9.09796 33273
9.10111 33276
9.10427 33279
9.10742 33282
9.11057 33285
9.11372 33288
9.11687 33291
9.12003 33294
9.12318 33297
9.12633 33300
9.12948 33303
9.13263 33306
9.13579 33309
9.13894 33312
9.14209 33315
9.14524 33318
9.14839 33321
9.15155 33324
9.1547 33327
9.15785 33330
9.161 33333
9.16415 33336
9.16731 33339
9.17046 33342
9.17361 33345
9.17676 33348
9.17991 33351
9.18307 33354
9.18622 33357
9.18937 33360
9.19252 33363
9.19567 33366
9.19883 33369
9.20198 33372
9.20513 33375
9.20828 33378
9.21143 33381
9.21459 33384
9.21774 33387
9.22089 33390
9.22404 33393
9.22719 33396
9.23035 33399
9.2335 33402
9.23665 33405
9.2398 33408
9.24295 33411
9.24611 33414
9.24926 33417
9.25241 33420
9.25556 33423
9.25871 33426
9.26187 33429
9.26502 33432
9.26817 33435
9.27132 33438
9.27447 33441
9.27763 33444
9.28078 33447
9.28393 33450
9.28708 33453
9.29023 33456
9.29339 33459
9.29654 33462
9.29969 33465
9.30284 33468
9.30599 33471
9.30915 33474
9.3123 33477
9.31545 33480
9.3186 33483
9.32175 33486
9.32491 33489
9.32806 33492
9.33121 33495
9.33436 33498
9.33751 33501
9.34067 33504
9.34382 33507
9.34697 33510
9.35012 33513
9.35327 33516
9.35643 33519
9.35958 33522
9.36273 33525
9.36588 33528
9.36903 33531
9.37219 33534
9.37534 33537
9.37849 33540
9.38164 33543
9.38479 33546
9.38795 33549
9.3911 33552
9.39425 33555
9.3974 33558
9.40055 33561
9.40371 33564
9.40686 33567
9.41001 33570
9.41316 33573
9.41631 33576
9.41947 33579
9.42262 33582
9.42577 33585
9.42892 33588
9.43207 33591
9.43523 33594
9.43838 33597
9.44153 33600
9.44468 33603
9.44783 33606
9.45099 33609
9.45414 33612
9.45729 33615
9.46044 33618
9.46359 33621
9.46675 33624
9.4699 33627
9.47305 33630
9.4762 33633
9.47935 33636
9.48251 33639
9.48566 33642
9.48881 33645
9.49196 33648
9.49511 33651
9.49827 33654
9.50142 33657
9.50457 33660
9.50772 33663
9.51087 33666
9.51403 33669
9.51718 33672
9.52033 33675
9.52348 33678
9.52663 33681
9.52979 33684
9.53294 33687
9.53609 33690
9.53924 33693
9.54239 33696
9.54555 33699
9.5487 33702
9.55185 33705
9.555 33708
9.55815 33711
9.56131 33714
9.56446 33717
9.56761 33720
9.57076 33723
9.57391 33726
9.57706 33729
9.58022 33732
9.58337 33735
9.58652 33738
9.58967 33741
9.59282 33744
9.59598 33747
9.59913 33750
9.60228 33753
9.60543 33756
9.60858 33759
9.61174 33762
9.61489 33765
9.61804 33768
9.62119 33771
9.62434 33774
9.6275 33777
9.63065 33780
9.6338 33783
9.63695 33786
9.6401 33789
9.64326 33792
9.64641 33795
9.64956 33798
9.65271 33801
9.65586 33804
9.65902 33807
9.66217 33810
9.66532 33813
9.66847 33816
9.67162 33819
9.67478 33822
9.67793 33825
9.68108 33828
9.68423 33831
9.68738 33834
9.69054 33837
9.69369 33840
9.69684 33843
9.69999 33846
9.70314 33849
9.7063 33852
9.70945 33855
9.7126 33858
9.71575 33861
9.7189 33864
9.72206 33867
9.72521 33870
9.72836 33873
9.73151 33876
9.73466 33879
9.73782 33882
9.74097 33885
9.74412 33888
9.74727 33891
9.75042 33894
9.75358 33897
9.75673 33900
9.75988 33903
9.76303 33906
9.76618 33909
9.76934 33912
9.77249 33915
9.77564 33918
9.77879 33921
9.78194 33924
9.7851 33927
9.78825 33930
9.7914 33933
9.79455 33936
9.7977 33939
9.80086 33942
9.80401 33945
9.80716 33948
9.81031 33951
9.81346 33954
9.81662 33957
9.81977 33960
9.82292 33963
9.82607 33966
9.82922 33969
9.83238 33972
9.83553 33975
9.83868 33978
9.84183 33981
9.84498 33984
9.84814 33987
9.85129 33990
9.85444 33993
9.85759 33996
9.86074 33999
9.8639 34002
9.86705 34005
9.8702 34008
9.87335 34011
9.8765 34014
9.87966 34017
9.88281 34020
9.88596 34023
9.88911 34026
9.89226 34029
9.89542 34032
9.89857 34035
9.90172 34038
9.90487 34041
9.90802 34044
9.91118 34047
9.91433 34050
9.91748 34053
9.92063 34056
9.92378 34059
9.92694 34062
9.93009 34065
9.93324 34068
9.93639 34071
9.93954 34074
9.9427 34077
9.94585 34080
9.949 34083
9.95215 34086
9.9553 34089
9.95846 34092
9.96161 34095
9.96476 34098
9.96791 34101
9.97106 34104
9.97422 34107
9.97737 34110
9.98052 34113
9.98367 34116
9.98682 34119
9.98998 34122
9.99313 34125
9.99628 34128
9.99943 34131
10.0026 34134
10.0057 34137
10.0089 34140
10.012 34143
10.0152 34146
10.0183 34149
10.0215 34152
10.0246 34155
10.0278 34158
10.031 34161
10.0341 34164
10.0373 34167
10.0404 34170
10.0436 34173
10.0467 34176
10.0499 34179
10.053 34182
10.0562 34185
10.0593 34188
10.0625 34191
10.0656 34194
10.0688 34197
10.0719 34200
10.0751 34203
10.0782 34206
10.0814 34209
10.0845 34212
10.0877 34215
10.0908 34218
10.094 34221
10.0971 34224
10.1003 34227
10.1034 34230
10.1066 34233
10.1098 34236
10.1129 34239
10.1161 34242
10.1192 34245
10.1224 34248
10.1255 34251
10.1287 34254
10.1318 34257
10.135 34260
10.1381 34263
10.1413 34266
10.1444 34269
10.1476 34272
10.1507 34275
10.1539 34278
10.157 34281
10.1602 34284
10.1633 34287
10.1665 34290
10.1696 34293
10.1728 34296
10.1759 34299
10.1791 34302
10.1822 34305
10.1854 34308
10.1886 34311
10.1917 34314
10.1949 34317
10.198 34320
10.2012 34323
10.2043 34326
10.2075 34329
10.2106 34332
10.2138 34335
10.2169 34338
10.2201 34341
10.2232 34344
10.2264 34347
10.2295 34350
10.2327 34353
10.2358 34356
10.239 34359
10.2421 34362
10.2453 34365
10.2484 34368
10.2516 34371
10.2547 34374
10.2579 34377
10.261 34380
10.2642 34383
10.2674 34386
10.2705 34389
10.2737 34392
10.2768 34395
10.28 34398
10.2831 34401
10.2863 34404
10.2894 34407
10.2926 34410
10.2957 34413
10.2989 34416
10.302 34419
10.3052 34422
10.3083 34425
10.3115 34428
10.3146 34431
10.3178 34434
10.3209 34437
10.3241 34440
10.3272 34443
10.3304 34446
10.3335 34449
10.3367 34452
10.3398 34455
10.343 34458
10.3462 34461
10.3493 34464
10.3525 34467
10.3556 34470
10.3588 34473
10.3619 34476
10.3651 34479
10.3682 34482
10.3714 34485
10.3745 34488
10.3777 34491
10.3808 34494
10.384 34497
10.3871 34500
10.3903 34503
10.3934 34506
10.3966 34509
10.3997 34512
10.4029 34515
10.406 34518
10.4092 34521
10.4123 34524
10.4155 34527
10.4186 34530
10.4218 34533
10.425 34536
10.4281 34539
10.4313 34542
10.4344 34545
10.4376 34548
10.4407 34551
10.4439 34554
10.447 34557
10.4502 34560
10.4533 34563
10.4565 34566
10.4596 34569
10.4628 34572
10.4659 34575
10.4691 34578
10.4722 34581
10.4754 34584
10.4785 34587
10.4817 34590
10.4848 34593
10.488 34596
10.4911 34599
10.4943 34602
10.4974 34605
10.5006 34608
10.5038 34611
10.5069 34614
10.5101 34617
10.5132 34620
10.5164 34623
10.5195 34626
10.5227 34629
10.5258 34632
10.529 34635
10.5321 34638
10.5353 34641
10.5384 34644
10.5416 34647
10.5447 34650
10.5479 34653
10.551 34656
10.5542 34659
10.5573 34662
10.5605 34665
10.5636 34668
10.5668 34671
10.5699 34674
10.5731 34677
10.5762 34680
10.5794 34683
10.5826 34686
10.5857 34689
10.5889 34692
10.592 34695
10.5952 34698
10.5983 34701
10.6015 34704
10.6046 34707
10.6078 34710
10.6109 34713
10.6141 34716
10.6172 34719
10.6204 34722
10.6235 34725
10.6267 34728
10.6298 34731
10.633 34734
10.6361 34737
10.6393 34740
10.6424 34743
10.6456 34746
10.6487 34749
10.6519 34752
10.655 34755
10.6582 34758
10.6614 34761
10.6645 34764
10.6677 34767
10.6708 34770
10.674 34773
10.6771 34776
10.6803 34779
10.6834 34782
10.6866 34785
10.6897 34788
10.6929 34791
10.696 34794
10.6992 34797
10.7023 34800
10.7055 34803
10.7086 34806
10.7118 34809
10.7149 34812
10.7181 34815
10.7212 34818
10.7244 34821
10.7275 34824
10.7307 34827
10.7338 34830
10.737 34833
10.7402 34836
10.7433 34839
10.7465 34842
10.7496 34845
10.7528 34848
10.7559 34851
10.7591 34854
10.7622 34857
10.7654 34860
10.7685 34863
10.7717 34866
10.7748 34869
10.778 34872
10.7811 34875
10.7843 34878
10.7874 34881
10.7906 34884
10.7937 34887
10.7969 34890
10.8 34893
10.8032 34896
10.8063 34899
10.8095 34902
10.8126 34905
10.8158 34908
10.819 34911
10.8221 34914
10.8253 34917
10.8284 34920
10.8316 34923
10.8347 34926
10.8379 34929
10.841 34932
10.8442 34935
10.8473 34938
10.8505 34941
10.8536 34944
10.8568 34947
10.8599 34950
10.8631 34953
10.8662 34956
10.8694 34959
10.8725 34962
10.8757 34965
10.8788 34968
10.882 34971
10.8851 34974
10.8883 34977
10.8914 34980
10.8946 34983
10.8978 34986
10.9009 34989
10.9041 34992
10.9072 34995
10.9104 34998
10.9135 35001
10.9167 35004
10.9198 35007
10.923 35010
10.9261 35013
10.9293 35016
10.9324 35019
10.9356 35022
10.9387 35025
10.9419 35028
10.945 35031
10.9482 35034
10.9513 35037
10.9545 35040
10.9576 35043
10.9608 35046
10.9639 35049
10.9671 35052
10.9702 35055
10.9734 35058
10.9766 35061
10.9797 35064
10.9829 35067
10.986 35070
10.9892 35073
10.9923 35076
10.9955 35079
10.9986 35082
11.0018 35085
11.0049 35088
11.0081 35091
11.0112 35094
11.0144 35097
11.0175 35100
11.0207 35103
11.0238 35106
11.027 35109
11.0301 35112
11.0333 35115
11.0364 35118
11.0396 35121
11.0427 35124
11.0459 35127
11.049 35130
11.0522 35133
11.0554 35136
11.0585 35139
11.0617 35142
11.0648 35145
11.068 35148
11.0711 35151
11.0743 35154
11.0774 35157
11.0806 35160
11.0837 35163
11.0869 35166
11.09 35169
11.0932 35172
11.0963 35175
11.0995 35178
11.1026 35181
11.1058 35184
11.1089 35187
11.1121 35190
11.1152 35193
11.1184 35196
11.1215 35199
11.1247 35202
11.1278 35205
11.131 35208
11.1342 35211
11.1373 35214
11.1405 35217
11.1436 35220
11.1468 35223
11.1499 35226
11.1531 35229
11.1562 35232
11.1594 35235
11.1625 35238
11.1657 35241
11.1688 35244
11.172 35247
11.1751 35250
11.1783 35253
11.1814 35256
11.1846 35259
11.1877 35262
11.1909 35265
11.194 35268
11.1972 35271
11.2003 35274
11.2035 35277
11.2066 35280
11.2098 35283
11.213 35286
11.2161 35289
11.2193 35292
11.2224 35295
11.2256 35298
11.2287 35301
11.2319 35304
11.235 35307
11.2382 35310
11.2413 35313
11.2445 35316
11.2476 35319
11.2508 35322
11.2539 35325
11.2571 35328
11.2602 35331
11.2634 35334
11.2665 35337
11.2697 35340
11.2728 35343
11.276 35346
11.2791 35349
11.2823 35352
11.2854 35355
11.2886 35358
11.2918 35361
11.2949 35364
11.2981 35367
11.3012 35370
11.3044 35373
11.3075 35376
11.3107 35379
11.3138 35382
11.317 35385
11.3201 35388
11.3233 35391
11.3264 35394
11.3296 35397
11.3327 35400
11.3359 35403
11.339 35406
11.3422 35409
11.3453 35412
11.3485 35415
11.3516 35418
11.3548 35421
11.3579 35424
11.3611 35427
11.3642 35430
11.3674 35433
11.3706 35436
11.3737 35439
11.3769 35442
11.38 35445
11.3832 35448
11.3863 35451
11.3895 35454
11.3926 35457
11.3958 35460
11.3989 35463
11.4021 35466
11.4052 35469
11.4084 35472
11.4115 35475
11.4147 35478
11.4178 35481
11.421 35484
11.4241 35487
11.4273 35490
11.4304 35493
11.4336 35496
11.4367 35499
11.4399 35502
11.443 35505
11.4462 35508
11.4494 35511
11.4525 35514
11.4557 35517
11.4588 35520
11.462 35523
11.4651 35526
11.4683 35529
11.4714 35532
11.4746 35535
11.4777 35538
11.4809 35541
11.484 35544
11.4872 35547
11.4903 35550
11.4935 35553
11.4966 35556
11.4998 35559
11.5029 35562
11.5061 35565
11.5092 35568
11.5124 35571
11.5155 35574
11.5187 35577
11.5218 35580
11.525 35583
11.5282 35586
11.5313 35589
11.5345 35592
11.5376 35595
11.5408 35598
11.5439 35601
11.5471 35604
11.5502 35607
11.5534 35610
11.5565 35613
11.5597 35616
11.5628 35619
11.566 35622
11.5691 35625
11.5723 35628
11.5754 35631
11.5786 35634
11.5817 35637
11.5849 35640
11.588 35643
11.5912 35646
11.5943 35649
11.5975 35652
11.6006 35655
11.6038 35658
11.607 35661
11.6101 35664
11.6133 35667
11.6164 35670
11.6196 35673
11.6227 35676
11.6259 35679
11.629 35682
11.6322 35685
11.6353 35688
11.6385 35691
11.6416 35694
11.6448 35697
11.6479 35700
11.6511 35703
11.6542 35706
11.6574 35709
11.6605 35712
11.6637 35715
11.6668 35718
11.67 35721
11.6731 35724
11.6763 35727
11.6794 35730
11.6826 35733
11.6858 35736
11.6889 35739
11.6921 35742
11.6952 35745
11.6984 35748
11.7015 35751
11.7047 35754
11.7078 35757
11.711 35760
11.7141 35763
11.7173 35766
11.7204 35769
11.7236 35772
11.7267 35775
11.7299 35778
11.733 35781
11.7362 35784
11.7393 35787
11.7425 35790
11.7456 35793
11.7488 35796
11.7519 35799
11.7551 35802
11.7582 35805
11.7614 35808
11.7646 35811
11.7677 35814
11.7709 35817
11.774 35820
11.7772 35823
11.7803 35826
11.7835 35829
11.7866 35832
11.7898 35835
11.7929 35838
11.7961 35841
11.7992 35844
11.8024 35847
11.8055 35850
11.8087 35853
11.8118 35856
11.815 35859
11.8181 35862
11.8213 35865
11.8244 35868
11.8276 35871
11.8307 35874
11.8339 35877
11.837 35880
11.8402 35883
11.8434 35886
11.8465 35889
11.8497 35892
11.8528 35895
11.856 35898
11.8591 35901
11.8623 35904
11.8654 35907
11.8686 35910
11.8717 35913
11.8749 35916
11.878 35919
11.8812 35922
11.8843 35925
11.8875 35928
11.8906 35931
11.8938 35934
11.8969 35937
11.9001 35940
11.9032 35943
11.9064 35946
11.9095 35949
11.9127 35952
11.9158 35955
11.919 35958
11.9222 35961
11.9253 35964
11.9285 35967
11.9316 35970
11.9348 35973
11.9379 35976
11.9411 35979
11.9442 35982
11.9474 35985
11.9505 35988
11.9537 35991
11.9568 35994
11.96 35997
11.9631 36000
11.9663 36003
11.9694 36006
11.9726 36009
11.9757 36012
11.9789 36015
11.982 36018
11.9852 36021
11.9883 36024
11.9915 36027
11.9946 36030
11.9978 36033
12.001 36036
12.0041 36039
12.0073 36042
12.0104 36045
12.0136 36048
12.0167 36051
12.0199 36054
12.023 36057
12.0262 36060
12.0293 36063
12.0325 36066
12.0356 36069
12.0388 36072
12.0419 36075
12.0451 36078
12.0482 36081
12.0514 36084
12.0545 36087
12.0577 36090
12.0608 36093
12.064 36096
12.0671 36099
12.0703 36102
12.0734 36105
12.0766 36108
12.0798 36111
12.0829 36114
12.0861 36117
12.0892 36120
12.0924 36123
12.0955 36126
12.0987 36129
12.1018 36132
12.105 36135
12.1081 36138
12.1113 36141
12.1144 36144
12.1176 36147
12.1207 36150
12.1239 36153
12.127 36156
12.1302 36159
12.1333 36162
12.1365 36165
12.1396 36168
12.1428 36171
12.1459 36174
12.1491 36177
12.1522 36180
12.1554 36183
12.1586 36186
12.1617 36189
12.1649 36192
12.168 36195
12.1712 36198
12.1743 36201
12.1775 36204
12.1806 36207
12.1838 36210
12.1869 36213
12.1901 36216
12.1932 36219
12.1964 36222
12.1995 36225
12.2027 36228
12.2058 36231
12.209 36234
12.2121 36237
12.2153 36240
12.2184 36243
12.2216 36246
12.2247 36249
12.2279 36252
12.231 36255
12.2342 36258
12.2374 36261
12.2405 36264
12.2437 36267
12.2468 36270
12.25 36273
12.2531 36276
12.2563 36279
12.2594 36282
12.2626 36285
12.2657 36288
12.2689 36291
12.272 36294
12.2752 36297
12.2783 36300
12.2815 36303
12.2846 36306
12.2878 36309
12.2909 36312
12.2941 36315
12.2972 36318
12.3004 36321
12.3035 36324
12.3067 36327
12.3098 36330
12.313 36333
12.3162 36336
12.3193 36339
12.3225 36342
12.3256 36345
12.3288 36348
12.3319 36351
12.3351 36354
12.3382 36357
12.3414 36360
12.3445 36363
12.3477 36366
12.3508 36369
12.354 36372
12.3571 36375
12.3603 36378
12.3634 36381
12.3666 36384
12.3697 36387
12.3729 36390
12.376 36393
12.3792 36396
12.3823 36399
12.3855 36402
12.3886 36405
12.3918 36408
12.395 36411
12.3981 36414
12.4013 36417
12.4044 36420
12.4076 36423
12.4107 36426
12.4139 36429
12.417 36432
12.4202 36435
12.4233 36438
12.4265 36441
12.4296 36444
12.4328 36447
12.4359 36450
12.4391 36453
12.4422 36456
12.4454 36459
12.4485 36462
12.4517 36465
12.4548 36468
12.458 36471
12.4611 36474
12.4643 36477
12.4674 36480
12.4706 36483
12.4738 36486
12.4769 36489
12.4801 36492
12.4832 36495
12.4864 36498
12.4895 36501
12.4927 36504
12.4958 36507
12.499 36510
12.5021 36513
12.5053 36516
12.5084 36519
12.5116 36522
12.5147 36525
12.5179 36528
12.521 36531
12.5242 36534
12.5273 36537
12.5305 36540
12.5336 36543
12.5368 36546
12.5399 36549
12.5431 36552
12.5462 36555
12.5494 36558
12.5526 36561
12.5557 36564
12.5589 36567
12.562 36570
12.5652 36573
12.5683 36576
12.5715 36579
12.5746 36582
12.5778 36585
12.5809 36588
12.5841 36591
12.5872 36594
12.5904 36597
12.5935 36600
12.5967 36603
12.5998 36606
12.603 36609
12.6061 36612
12.6093 36615
12.6124 36618
12.6156 36621
12.6187 36624
12.6219 36627
12.625 36630
12.6282 36633
12.6314 36636
12.6345 36639
12.6377 36642
12.6408 36645
12.644 36648
12.6471 36651
12.6503 36654
12.6534 36657
12.6566 36660
12.6597 36663
12.6629 36666
12.666 36669
12.6692 36672
12.6723 36675
12.6755 36678
12.6786 36681
12.6818 36684
12.6849 36687
12.6881 36690
12.6912 36693
12.6944 36696
12.6975 36699
12.7007 36702
12.7038 36705
12.707 36708
12.7102 36711
12.7133 36714
12.7165 36717
12.7196 36720
12.7228 36723
12.7259 36726
12.7291 36729
12.7322 36732
12.7354 36735
12.7385 36738
12.7417 36741
12.7448 36744
12.748 36747
12.7511 36750
12.7543 36753
12.7574 36756
12.7606 36759
12.7637 36762
12.7669 36765
12.77 36768
12.7732 36771
12.7763 36774
12.7795 36777
12.7826 36780
12.7858 36783
12.789 36786
12.7921 36789
12.7953 36792
12.7984 36795
12.8016 36798
12.8047 36801
12.8079 36804
12.811 36807
12.8142 36810
12.8173 36813
12.8205 36816
12.8236 36819
12.8268 36822
12.8299 36825
12.8331 36828
12.8362 36831
12.8394 36834
12.8425 36837
12.8457 36840
12.8488 36843
12.852 36846
12.8551 36849
12.8583 36852
12.8614 36855
12.8646 36858
12.8678 36861
12.8709 36864
12.8741 36867
12.8772 36870
12.8804 36873
12.8835 36876
12.8867 36879
12.8898 36882
12.893 36885
12.8961 36888
12.8993 36891
12.9024 36894
12.9056 36897
12.9087 36900
12.9119 36903
12.915 36906
12.9182 36909
12.9213 36912
12.9245 36915
12.9276 36918
12.9308 36921
12.9339 36924
12.9371 36927
12.9402 36930
12.9434 36933
12.9466 36936
12.9497 36939
12.9529 36942
12.956 36945
12.9592 36948
12.9623 36951
12.9655 36954
12.9686 36957
12.9718 36960
12.9749 36963
12.9781 36966
12.9812 36969
12.9844 36972
12.9875 36975
12.9907 36978
12.9938 36981
12.997 36984
13.0001 36987
13.0033 36990
13.0064 36993
13.0096 36996
13.0127 36999
13.0159 37002
13.019 37005
13.0222 37008
13.0254 37011
13.0285 37014
13.0317 37017
13.0348 37020
13.038 37023
13.0411 37026
13.0443 37029
13.0474 37032
13.0506 37035
13.0537 37038
13.0569 37041
13.06 37044
13.0632 37047
13.0663 37050
13.0695 37053
13.0726 37056
13.0758 37059
13.0789 37062
13.0821 37065
13.0852 37068
13.0884 37071
13.0915 37074
13.0947 37077
13.0978 37080
13.101 37083
13.1042 37086
13.1073 37089
13.1105 37092
13.1136 37095
13.1168 37098
13.1199 37101
13.1231 37104
13.1262 37107
13.1294 37110
13.1325 37113
13.1357 37116
13.1388 37119
13.142 37122
13.1451 37125
13.1483 37128
13.1514 37131
13.1546 37134
13.1577 37137
13.1609 37140
13.164 37143
13.1672 37146
13.1703 37149
13.1735 37152
13.1766 37155
13.1798 37158
13.183 37161
13.1861 37164
13.1893 37167
13.1924 37170
13.1956 37173
13.1987 37176
13.2019 37179
13.205 37182
13.2082 37185
13.2113 37188
13.2145 37191
13.2176 37194
13.2208 37197
13.2239 37200
13.2271 37203
13.2302 37206
13.2334 37209
13.2365 37212
13.2397 37215
13.2428 37218
13.246 37221
13.2491 37224
13.2523 37227
13.2554 37230
13.2586 37233
13.2618 37236
13.2649 37239
13.2681 37242
13.2712 37245
13.2744 37248
13.2775 37251
13.2807 37254
13.2838 37257
13.287 37260
13.2901 37263
13.2933 37266
13.2964 37269
13.2996 37272
13.3027 37275
13.3059 37278
13.309 37281
13.3122 37284
13.3153 37287
13.3185 37290
13.3216 37293
13.3248 37296
13.3279 37299
13.3311 37302
13.3342 37305
13.3374 37308
13.3406 37311
13.3437 37314
13.3469 37317
13.35 37320
13.3532 37323
13.3563 37326
13.3595 37329
13.3626 37332
13.3658 37335
13.3689 37338
13.3721 37341
13.3752 37344
13.3784 37347
13.3815 37350
13.3847 37353
13.3878 37356
13.391 37359
13.3941 37362
13.3973 37365
13.4004 37368
13.4036 37371
13.4067 37374
13.4099 37377
13.413 37380
13.4162 37383
13.4194 37386
13.4225 37389
13.4257 37392
13.4288 37395
13.432 37398
13.4351 37401
13.4383 37404
13.4414 37407
13.4446 37410
13.4477 37413
13.4509 37416
13.454 37419
13.4572 37422
13.4603 37425
13.4635 37428
13.4666 37431
13.4698 37434
13.4729 37437
13.4761 37440
13.4792 37443
13.4824 37446
13.4855 37449
13.4887 37452
13.4918 37455
13.495 37458
13.4982 37461
13.5013 37464
13.5045 37467
13.5076 37470
13.5108 37473
13.5139 37476
13.5171 37479
13.5202 37482
13.5234 37485
13.5265 37488
13.5297 37491
13.5328 37494
13.536 37497
13.5391 37500
13.5423 37503
13.5454 37506
13.5486 37509
13.5517 37512
13.5549 37515
13.558 37518
13.5612 37521
13.5643 37524
13.5675 37527
13.5706 37530
13.5738 37533
13.577 37536
13.5801 37539
13.5833 37542
13.5864 37545
13.5896 37548
13.5927 37551
13.5959 37554
13.599 37557
13.6022 37560
13.6053 37563
13.6085 37566
13.6116 37569
13.6148 37572
13.6179 37575
13.6211 37578
13.6242 37581
13.6274 37584
13.6305 37587
13.6337 37590
13.6368 37593
13.64 37596
13.6431 37599
13.6463 37602
13.6494 37605
13.6526 37608
13.6558 37611
13.6589 37614
13.6621 37617
13.6652 37620
13.6684 37623
13.6715 37626
13.6747 37629
13.6778 37632
13.681 37635
13.6841 37638
13.6873 37641
13.6904 37644
13.6936 37647
13.6967 37650
13.6999 37653
13.703 37656
13.7062 37659
13.7093 37662
13.7125 37665
13.7156 37668
13.7188 37671
13.7219 37674
13.7251 37677
13.7282 37680
13.7314 37683
13.7346 37686
13.7377 37689
13.7409 37692
13.744 37695
13.7472 37698
13.7503 37701
13.7535 37704
13.7566 37707
13.7598 37710
13.7629 37713
13.7661 37716
13.7692 37719
13.7724 37722
13.7755 37725
13.7787 37728
13.7818 37731
13.785 37734
13.7881 37737
13.7913 37740
13.7944 37743
13.7976 37746
13.8007 37749
13.8039 37752
13.807 37755
13.8102 37758
13.8134 37761
13.8165 37764
13.8197 37767
13.8228 37770
13.826 37773
13.8291 37776
13.8323 37779
13.8354 37782
13.8386 37785
13.8417 37788
13.8449 37791
13.848 37794
13.8512 37797
13.8543 37800
13.8575 37803
13.8606 37806
13.8638 37809
13.8669 37812
13.8701 37815
13.8732 37818
13.8764 37821
13.8795 37824
13.8827 37827
13.8858 37830
13.889 37833
13.8922 37836
13.8953 37839
13.8985 37842
13.9016 37845
13.9048 37848
13.9079 37851
13.9111 37854
13.9142 37857
13.9174 37860
13.9205 37863
13.9237 37866
13.9268 37869
13.93 37872
13.9331 37875
13.9363 37878
13.9394 37881
13.9426 37884
13.9457 37887
13.9489 37890
13.952 37893
13.9552 37896
13.9583 37899
13.9615 37902
13.9646 37905
13.9678 37908
13.971 37911
13.9741 37914
13.9773 37917
13.9804 37920
13.9836 37923
13.9867 37926
13.9899 37929
13.993 37932
13.9962 37935
13.9993 37938
14.0025 37941
14.0056 37944
14.0088 37947
14.0119 37950
14.0151 37953
14.0182 37956
14.0214 37959
14.0245 37962
14.0277 37965
14.0308 37968
14.034 37971
14.0371 37974
14.0403 37977
14.0434 37980
14.0466 37983
14.0498 37986
14.0529 37989
14.0561 37992
14.0592 37995
14.0624 37998
14.0655 38001
14.0687 38004
14.0718 38007
14.075 38010
14.0781 38013
14.0813 38016
14.0844 38019
14.0876 38022
14.0907 38025
14.0939 38028
14.097 38031
14.1002 38034
14.1033 38037
14.1065 38040
14.1096 38043
14.1128 38046
14.1159 38049
14.1191 38052
14.1222 38055
14.1254 38058
14.1286 38061
14.1317 38064
14.1349 38067
14.138 38070
14.1412 38073
14.1443 38076
14.1475 38079
14.1506 38082
14.1538 38085
14.1569 38088
14.1601 38091
14.1632 38094
14.1664 38097
14.1695 38100
14.1727 38103
14.1758 38106
14.179 38109
14.1821 38112
14.1853 38115
14.1884 38118
14.1916 38121
14.1947 38124
14.1979 38127
14.201 38130
14.2042 38133
14.2074 38136
14.2105 38139
14.2137 38142
14.2168 38145
14.22 38148
14.2231 38151
14.2263 38154
14.2294 38157
14.2326 38160
14.2357 38163
14.2389 38166
14.242 38169
14.2452 38172
14.2483 38175
14.2515 38178
14.2546 38181
14.2578 38184
14.2609 38187
14.2641 38190
14.2672 38193
14.2704 38196
14.2735 38199
14.2767 38202
14.2798 38205
14.283 38208
14.2862 38211
14.2893 38214
14.2925 38217
14.2956 38220
14.2988 38223
14.3019 38226
14.3051 38229
14.3082 38232
14.3114 38235
14.3145 38238
14.3177 38241
14.3208 38244
14.324 38247
14.3271 38250
14.3303 38253
14.3334 38256
14.3366 38259
14.3397 38262
14.3429 38265
14.346 38268
14.3492 38271
14.3523 38274
14.3555 38277
14.3586 38280
14.3618 38283
14.3649 38286
14.3681 38289
14.3713 38292
14.3744 38295
14.3776 38298
14.3807 38301
14.3839 38304
14.387 38307
14.3902 38310
14.3933 38313
14.3965 38316
14.3996 38319
14.4028 38322
14.4059 38325
14.4091 38328
14.4122 38331
14.4154 38334
14.4185 38337
14.4217 38340
14.4248 38343
14.428 38346
14.4311 38349
14.4343 38352
14.4374 38355
14.4406 38358
14.4437 38361
14.4469 38364
14.4501 38367
14.4532 38370
14.4564 38373
14.4595 38376
14.4627 38379
14.4658 38382
14.469 38385
14.4721 38388
14.4753 38391
14.4784 38394
14.4816 38397
14.4847 38400
14.4879 38403
14.491 38406
14.4942 38409
14.4973 38412
14.5005 38415
14.5036 38418
14.5068 38421
14.5099 38424
14.5131 38427
14.5162 38430
14.5194 38433
14.5225 38436
14.5257 38439
14.5289 38442
14.532 38445
14.5352 38448
14.5383 38451
14.5415 38454
14.5446 38457
14.5478 38460
14.5509 38463
14.5541 38466
14.5572 38469
14.5604 38472
14.5635 38475
14.5667 38478
14.5698 38481
14.573 38484
14.5761 38487
14.5793 38490
14.5824 38493
14.5856 38496
14.5887 38499
14.5919 38502
14.595 38505
14.5982 38508
14.6013 38511
14.6045 38514
14.6077 38517
14.6108 38520
14.614 38523
14.6171 38526
14.6203 38529
14.6234 38532
14.6266 38535
14.6297 38537
14.6329 38539
14.636 38541
14.6392 38543
14.6423 38545
14.6455 38547
14.6486 38549
14.6518 38551
14.6549 38553
14.6581 38555
14.6612 38557
14.6644 38559
14.6675 38561
14.6707 38563
14.6738 38565
14.677 38567
14.6801 38569
14.6833 38571
14.6865 38573
14.6896 38575
14.6928 38577
14.6959 38579
14.6991 38581
14.7022 38583
14.7054 38585
14.7085 38587
14.7117 38589
14.7148 38591
14.718 38593
14.7211 38595
14.7243 38597
14.7274 38599
14.7306 38601
14.7337 38603
14.7369 38605
14.74 38607
14.7432 38609
14.7463 38611
14.7495 38613
14.7526 38615
14.7558 38617
14.7589 38619
14.7621 38621
14.7653 38623
14.7684 38625
14.7716 38627
14.7747 38629
14.7779 38631
14.781 38633
14.7842 38635
14.7873 38637
14.7905 38639
14.7936 38641
14.7968 38643
14.7999 38645
14.8031 38647
14.8062 38649
14.8094 38651
14.8125 38653
14.8157 38655
14.8188 38657
14.822 38659
14.8251 38661
14.8283 38663
14.8314 38665
14.8346 38667
14.8377 38669
14.8409 38671
14.8441 38673
14.8472 38675
14.8504 38677
14.8535 38679
14.8567 38681
14.8598 38683
14.863 38685
14.8661 38687
14.8693 38689
14.8724 38691
14.8756 38693
14.8787 38695
14.8819 38697
14.885 38699
14.8882 38701
14.8913 38703
14.8945 38705
14.8976 38707
14.9008 38709
14.9039 38711
14.9071 38713
14.9102 38715
14.9134 38717
14.9165 38719
14.9197 38721
14.9229 38723
14.926 38725
14.9292 38727
14.9323 38729
14.9355 38731
14.9386 38733
14.9418 38735
14.9449 38737
14.9481 38739
14.9512 38741
14.9544 38743
14.9575 38745
14.9607 38747
14.9638 38749
14.967 38751
14.9701 38753
14.9733 38755
14.9764 38757
14.9796 38759
14.9827 38761
14.9859 38763
14.989 38765
14.9922 38767
14.9953 38769
14.9985 38771
15.0017 38773
15.0048 38775
15.008 38777
15.0111 38779
15.0143 38781
15.0174 38783
15.0206 38785
15.0237 38787
15.0269 38789
15.03 38791
15.0332 38793
15.0363 38795
15.0395 38797
15.0426 38799
15.0458 38801
15.0489 38803
15.0521 38805
15.0552 38807
15.0584 38809
15.0615 38811
15.0647 38813
15.0678 38815
15.071 38817
15.0741 38819
15.0773 38821
15.0805 38823
15.0836 38825
15.0868 38827
15.0899 38829
15.0931 38831
15.0962 38833
15.0994 38835
15.1025 38837
15.1057 38839
15.1088 38841
15.112 38843
15.1151 38845
15.1183 38847
15.1214 38849
15.1246 38851
15.1277 38853
15.1309 38855
15.134 38857
15.1372 38859
15.1403 38861
15.1435 38863
15.1466 38865
15.1498 38867
15.1529 38869
15.1561 38871
15.1593 38873
15.1624 38875
15.1656 38877
15.1687 38879
15.1719 38881
15.175 38883
15.1782 38885
15.1813 38887
15.1845 38889
15.1876 38891
15.1908 38893
15.1939 38895
15.1971 38897
15.2002 38899
15.2034 38901
15.2065 38903
15.2097 38905
15.2128 38907
15.216 38909
15.2191 38911
15.2223 38913
15.2254 38915
15.2286 38917
15.2317 38919
15.2349 38921
15.2381 38923
15.2412 38925
15.2444 38927
15.2475 38929
15.2507 38931
15.2538 38933
15.257 38935
15.2601 38937
15.2633 38939
15.2664 38941
15.2696 38943
15.2727 38945
15.2759 38947
15.279 38949
15.2822 38951
15.2853 38953
15.2885 38955
15.2916 38957
15.2948 38959
15.2979 38961
15.3011 38963
15.3042 38965
15.3074 38967
15.3105 38969
15.3137 38971
15.3169 38973
15.32 38975
15.3232 38977
15.3263 38979
15.3295 38981
15.3326 38983
15.3358 38985
15.3389 38987
15.3421 38989
15.3452 38991
15.3484 38993
15.3515 38995
15.3547 38997
15.3578 38999
15.361 39001
15.3641 39003
15.3673 39005
15.3704 39007
15.3736 39009
15.3767 39011
15.3799 39013
15.383 39015
15.3862 39017
15.3893 39019
15.3925 39021
15.3957 39023
15.3988 39025
15.402 39027
15.4051 39029
15.4083 39031
15.4114 39033
15.4146 39035
15.4177 39037
15.4209 39039
15.424 39041
15.4272 39043
15.4303 39045
15.4335 39047
15.4366 39049
15.4398 39051
15.4429 39053
15.4461 39055
15.4492 39057
15.4524 39059
15.4555 39061
15.4587 39063
15.4618 39065
15.465 39067
15.4681 39069
15.4713 39071
15.4745 39073
15.4776 39075
15.4808 39077
15.4839 39079
15.4871 39081
15.4902 39083
15.4934 39085
15.4965 39087
15.4997 39089
15.5028 39091
15.506 39093
15.5091 39095
15.5123 39097
15.5154 39099
15.5186 39101
15.5217 39103
15.5249 39105
15.528 39107
15.5312 39109
15.5343 39111
15.5375 39113
15.5406 39115
15.5438 39117
15.5469 39119
15.5501 39121
15.5533 39123
15.5564 39125
15.5596 39127
15.5627 39129
15.5659 39131
15.569 39133
15.5722 39135
15.5753 39137
15.5785 39139
15.5816 39141
15.5848 39143
15.5879 39145
15.5911 39147
15.5942 39149
15.5974 39151
15.6005 39153
15.6037 39155
15.6068 39157
15.61 39159
15.6131 39161
15.6163 39163
15.6194 39165
15.6226 39167
15.6257 39169
15.6289 39171
15.6321 39173
15.6352 39175
15.6384 39177
15.6415 39179
15.6447 39181
15.6478 39183
15.651 39185
15.6541 39187
15.6573 39189
15.6604 39191
15.6636 39193
15.6667 39195
15.6699 39197
15.673 39199
15.6762 39201
15.6793 39203
15.6825 39205
15.6856 39207
15.6888 39209
15.6919 39211
15.6951 39213
15.6982 39215
15.7014 39217
15.7045 39219
15.7077 39221
15.7109 39223
15.714 39225
15.7172 39227
15.7203 39229
15.7235 39231
15.7266 39233
15.7298 39235
15.7329 39237
15.7361 39239
15.7392 39241
15.7424 39243
15.7455 39245
15.7487 39247
15.7518 39249
15.755 39251
15.7581 39253
15.7613 39255
15.7644 39257
15.7676 39259
15.7707 39261
15.7739 39263
15.777 39265
15.7802 39267
15.7833 39269
15.7865 39271
15.7897 39273
15.7928 39275
15.796 39277
15.7991 39279
15.8023 39281
15.8054 39283
15.8086 39285
15.8117 39287
15.8149 39289
15.818 39291
15.8212 39293
15.8243 39295
15.8275 39297
15.8306 39299
15.8338 39301
15.8369 39303
15.8401 39305
15.8432 39307
15.8464 39309
15.8495 39311
15.8527 39313
15.8558 39315
15.859 39317
15.8621 39319
15.8653 39321
15.8685 39323
15.8716 39325
15.8748 39327
15.8779 39329
15.8811 39331
15.8842 39333
15.8874 39335
15.8905 39337
15.8937 39339
15.8968 39341
15.9 39343
15.9031 39345
15.9063 39347
15.9094 39349
15.9126 39351
15.9157 39353
15.9189 39355
15.922 39357
15.9252 39359
15.9283 39361
15.9315 39363
15.9346 39365
15.9378 39367
15.9409 39369
15.9441 39371
15.9473 39373
15.9504 39375
15.9536 39377
15.9567 39379
15.9599 39381
15.963 39383
15.9662 39385
15.9693 39387
15.9725 39389
15.9756 39391
15.9788 39393
15.9819 39395
15.9851 39397
15.9882 39399
15.9914 39401
15.9945 39403
15.9977 39405
16.0008 39407
16.004 39409
16.0071 39411
16.0103 39413
16.0134 39415
16.0166 39417
16.0197 39419
16.0229 39421
16.0261 39423
16.0292 39425
16.0324 39427
16.0355 39429
16.0387 39431
16.0418 39433
16.045 39435
16.0481 39437
16.0513 39439
16.0544 39441
16.0576 39443
16.0607 39445
16.0639 39447
16.067 39449
16.0702 39451
16.0733 39453
16.0765 39455
16.0796 39457
16.0828 39459
16.0859 39461
16.0891 39463
16.0922 39465
16.0954 39467
16.0985 39469
16.1017 39471
16.1049 39473
16.108 39475
16.1112 39477
16.1143 39479
16.1175 39481
16.1206 39483
16.1238 39485
16.1269 39487
16.1301 39489
16.1332 39491
16.1364 39493
16.1395 39495
16.1427 39497
16.1458 39499
16.149 39501
16.1521 39503
16.1553 39505
16.1584 39507
16.1616 39509
16.1647 39511
16.1679 39513
16.171 39515
16.1742 39517
16.1773 39519
16.1805 39521
16.1837 39523
16.1868 39525
16.19 39527
16.1931 39529
16.1963 39531
16.1994 39533
16.2026 39535
16.2057 39537
16.2089 39539
16.212 39541
16.2152 39543
16.2183 39545
16.2215 39547
16.2246 39549
16.2278 39551
16.2309 39553
16.2341 39555
16.2372 39557
16.2404 39559
16.2435 39561
16.2467 39563
16.2498 39565
16.253 39567
16.2561 39569
16.2593 39571
16.2625 39573
16.2656 39575
16.2688 39577
16.2719 39579
16.2751 39581
16.2782 39583
16.2814 39585
16.2845 39587
16.2877 39589
16.2908 39591
16.294 39593
16.2971 39595
16.3003 39597
16.3034 39599
16.3066 39601
16.3097 39603
16.3129 39605
16.316 39607
16.3192 39609
16.3223 39611
16.3255 39613
16.3286 39615
16.3318 39617
16.3349 39619
16.3381 39621
16.3413 39623
16.3444 39625
16.3476 39627
16.3507 39629
16.3539 39631
16.357 39633
16.3602 39635
16.3633 39637
16.3665 39639
16.3696 39641
16.3728 39643
16.3759 39645
16.3791 39647
16.3822 39649
16.3854 39651
16.3885 39653
16.3917 39655
16.3948 39657
16.398 39659
16.4011 39661
16.4043 39663
16.4074 39665
16.4106 39667
16.4137 39669
16.4169 39671
16.4201 39673
16.4232 39675
16.4264 39677
16.4295 39679
16.4327 39681
16.4358 39683
16.439 39685
16.4421 39687
16.4453 39689
16.4484 39691
16.4516 39693
16.4547 39695
16.4579 39697
16.461 39699
16.4642 39701
16.4673 39703
16.4705 39705
16.4736 39707
16.4768 39709
16.4799 39711
16.4831 39713
16.4862 39715
16.4894 39717
16.4925 39719
16.4957 39721
16.4989 39723
16.502 39725
16.5052 39727
16.5083 39729
16.5115 39731
16.5146 39733
16.5178 39735
16.5209 39737
16.5241 39739
16.5272 39741
16.5304 39743
16.5335 39745
16.5367 39747
16.5398 39749
16.543 39751
16.5461 39753
16.5493 39755
16.5524 39757
16.5556 39759
16.5587 39761
16.5619 39763
16.565 39765
16.5682 39767
16.5713 39769
16.5745 39771
16.5777 39773
16.5808 39775
16.584 39777
16.5871 39779
16.5903 39781
16.5934 39783
16.5966 39785
16.5997 39787
16.6029 39789
16.606 39791
16.6092 39793
16.6123 39795
16.6155 39797
16.6186 39799
16.6218 39801
16.6249 39803
16.6281 39805
16.6312 39807
16.6344 39809
16.6375 39811
16.6407 39813
16.6438 39815
16.647 39817
16.6501 39819
16.6533 39821
16.6565 39823
16.6596 39825
16.6628 39827
16.6659 39829
16.6691 39831
16.6722 39833
16.6754 39835
16.6785 39837
16.6817 39839
16.6848 39841
16.688 39843
16.6911 39845
16.6943 39847
16.6974 39849
16.7006 39851
16.7037 39853
16.7069 39855
16.71 39857
16.7132 39859
16.7163 39861
16.7195 39863
16.7226 39865
16.7258 39867
16.7289 39869
16.7321 39871
16.7353 39873
16.7384 39875
16.7416 39877
16.7447 39879
16.7479 39881
16.751 39883
16.7542 39885
16.7573 39887
16.7605 39889
16.7636 39891
16.7668 39893
16.7699 39895
16.7731 39897
16.7762 39899
16.7794 39901
16.7825 39903
16.7857 39905
16.7888 39907
16.792 39909
16.7951 39911
16.7983 39913
16.8014 39915
16.8046 39917
16.8077 39919
16.8109 39921
16.8141 39923
16.8172 39925
16.8204 39927
16.8235 39929
16.8267 39931
16.8298 39933
16.833 39935
16.8361 39937
16.8393 39939
16.8424 39941
16.8456 39943
16.8487 39945
16.8519 39947
16.855 39949
16.8582 39951
16.8613 39953
16.8645 39955
16.8676 39957
16.8708 39959
16.8739 39961
16.8771 39963
16.8802 39965
16.8834 39967
16.8865 39969
16.8897 39971
16.8929 39973
16.896 39975
16.8992 39977
16.9023 39979
16.9055 39981
16.9086 39983
16.9118 39985
16.9149 39987
16.9181 39989
16.9212 39991
16.9244 39993
16.9275 39995
16.9307 39997
16.9338 39999
16.937 40001
16.9401 40003
16.9433 40005
16.9464 40007
16.9496 40009
16.9527 40011
16.9559 40013
16.959 40015
16.9622 40017
16.9653 40019
16.9685 40021
16.9717 40023
16.9748 40025
16.978 40027
16.9811 40029
16.9843 40031
16.9874 40033
16.9906 40035
16.9937 40037
16.9969 40039
17 40041
17.0032 40043
17.0063 40045
17.0095 40047
17.0126 40049
17.0158 40051
17.0189 40053
17.0221 40055
17.0252 40057
17.0284 40059
17.0315 40061
17.0347 40063
17.0378 40065
17.041 40067
17.0441 40069
17.0473 40071
17.0505 40073
17.0536 40075
17.0568 40077
17.0599 40079
17.0631 40081
17.0662 40083
17.0694 40085
17.0725 40087
17.0757 40089
17.0788 40091
17.082 40093
17.0851 40095
17.0883 40097
17.0914 40099
17.0946 40101
17.0977 40103
17.1009 40105
17.104 40107
17.1072 40109
17.1103 40111
17.1135 40113
17.1166 40115
17.1198 40117
17.1229 40119
17.1261 40121
17.1293 40123
17.1324 40125
17.1356 40127
17.1387 40129
17.1419 40131
17.145 40133
17.1482 40135
17.1513 40137
17.1545 40139
17.1576 40141
17.1608 40143
17.1639 40145
17.1671 40147
17.1702 40149
17.1734 40151
17.1765 40153
17.1797 40155
17.1828 40157
17.186 40159
17.1891 40161
17.1923 40163
17.1954 40165
17.1986 40167
17.2017 40169
17.2049 40171
17.2081 40173
17.2112 40175
17.2144 40177
17.2175 40179
17.2207 40181
17.2238 40183
17.227 40185
17.2301 40187
17.2333 40189
17.2364 40191
17.2396 40193
17.2427 40195
17.2459 40197
17.249 40199
17.2522 40201
17.2553 40203
17.2585 40205
17.2616 40207
17.2648 40209
17.2679 40211
17.2711 40213
17.2742 40215
17.2774 40217
17.2805 40219
17.2837 40221
17.2869 40223
17.29 40225
17.2932 40227
17.2963 40229
17.2995 40231
17.3026 40233
17.3058 40235
17.3089 40237
17.3121 40239
17.3152 40241
17.3184 40243
17.3215 40245
17.3247 40247
17.3278 40249
17.331 40251
17.3341 40253
17.3373 40255
17.3404 40257
17.3436 40259
17.3467 40261
17.3499 40263
17.353 40265
17.3562 40267
17.3593 40269
17.3625 40271
17.3657 40273
17.3688 40275
17.372 40277
17.3751 40279
17.3783 40281
17.3814 40283
17.3846 40285
17.3877 40287
17.3909 40289
17.394 40291
17.3972 40293
17.4003 40295
17.4035 40297
17.4066 40299
17.4098 40301
17.4129 40303
17.4161 40305
17.4192 40307
17.4224 40309
17.4255 40311
17.4287 40313
17.4318 40315
17.435 40317
17.4381 40319
17.4413 40321
17.4445 40323
17.4476 40325
17.4508 40327
17.4539 40329
17.4571 40331
17.4602 40333
17.4634 40335
17.4665 40337
17.4697 40339
17.4728 40341
17.476 40343
17.4791 40345
17.4823 40347
17.4854 40349
17.4886 40351
17.4917 40353
17.4949 40355
17.498 40357
17.5012 40359
17.5043 40361
17.5075 40363
17.5106 40365
17.5138 40367
17.5169 40369
17.5201 40371
17.5233 40373
17.5264 40375
17.5296 40377
17.5327 40379
17.5359 40381
17.539 40383
17.5422 40385
17.5453 40387
17.5485 40389
17.5516 40391
17.5548 40393
17.5579 40395
17.5611 40397
17.5642 40399
17.5674 40401
17.5705 40403
17.5737 40405
17.5768 40407
17.58 40409
17.5831 40411
17.5863 40413
17.5894 40415
17.5926 40417
17.5957 40419
17.5989 40421
17.6021 40423
17.6052 40425
17.6084 40427
17.6115 40429
17.6147 40431
17.6178 40433
17.621 40435
17.6241 40437
17.6273 40439
17.6304 40441
17.6336 40443
17.6367 40445
17.6399 40447
17.643 40449
17.6462 40451
17.6493 40453
17.6525 40455
17.6556 40457
17.6588 40459
17.6619 40461
17.6651 40463
17.6682 40465
17.6714 40467
17.6745 40469
17.6777 40471
17.6809 40473
17.684 40475
17.6872 40477
17.6903 40479
17.6935 40481
17.6966 40483
17.6998 40485
17.7029 40487
17.7061 40489
17.7092 40491
17.7124 40493
17.7155 40495
17.7187 40497
17.7218 40499
17.725 40501
17.7281 40503
17.7313 40505
17.7344 40507
17.7376 40509
17.7407 40511
17.7439 40513
17.747 40515
17.7502 40517
17.7533 40519
17.7565 40521
17.7597 40523
17.7628 40525
17.766 40527
17.7691 40529
17.7723 40531
17.7754 40533
17.7786 40535
17.7817 40537
17.7849 40539
17.788 40541
17.7912 40543
17.7943 40545
17.7975 40547
17.8006 40549
17.8038 40551
17.8069 40553
17.8101 40555
17.8132 40557
17.8164 40559
17.8195 40561
17.8227 40563
17.8258 40565
17.829 40567
17.8321 40569
17.8353 40571
17.8385 40573
17.8416 40575
17.8448 40577
17.8479 40579
17.8511 40581
17.8542 40583
17.8574 40585
17.8605 40587
17.8637 40589
17.8668 40591
17.87 40593
17.8731 40595
17.8763 40597
17.8794 40599
17.8826 40601
17.8857 40603
17.8889 40605
17.892 40607
17.8952 40609
17.8983 40611
17.9015 40613
17.9046 40615
17.9078 40617
17.9109 40619
17.9141 40621
17.9173 40623
17.9204 40625
17.9236 40627
17.9267 40629
17.9299 40631
17.933 40633
17.9362 40635
17.9393 40637
17.9425 40639
17.9456 40641
17.9488 40643
17.9519 40645
17.9551 40647
17.9582 40649
17.9614 40651
17.9645 40653
17.9677 40655
17.9708 40657
17.974 40659
17.9771 40661
17.9803 40663
17.9834 40665
17.9866 40667
17.9897 40669
17.9929 40671
17.9961 40673
17.9992 40675
18.0024 40677
18.0055 40679
18.0087 40681
18.0118 40683
18.015 40685
18.0181 40687
18.0213 40689
18.0244 40691
18.0276 40693
18.0307 40695
18.0339 40697
18.037 40699
18.0402 40701
18.0433 40703
18.0465 40705
18.0496 40707
18.0528 40709
18.0559 40711
18.0591 40713
18.0622 40715
18.0654 40717
18.0685 40719
18.0717 40721
18.0749 40723
18.078 40725
18.0812 40727
18.0843 40729
18.0875 40731
18.0906 40733
18.0938 40735
18.0969 40737
18.1001 40739
18.1032 40741
18.1064 40743
18.1095 40745
18.1127 40747
18.1158 40749
18.119 40751
18.1221 40753
18.1253 40755
18.1284 40757
18.1316 40759
18.1347 40761
18.1379 40763
18.141 40765
18.1442 40767
18.1473 40769
18.1505 40771
18.1537 40773
18.1568 40775
18.16 40777
18.1631 40779
18.1663 40781
18.1694 40783
18.1726 40785
18.1757 40787
18.1789 40789
18.182 40791
18.1852 40793
18.1883 40795
18.1915 40797
18.1946 40799
18.1978 40801
18.2009 40803
18.2041 40805
18.2072 40807
18.2104 40809
18.2135 40811
18.2167 40813
18.2198 40815
18.223 40817
18.2261 40819
18.2293 40821
18.2325 40823
18.2356 40825
18.2388 40827
18.2419 40829
18.2451 40831
18.2482 40833
18.2514 40835
18.2545 40837
18.2577 40839
18.2608 40841
18.264 40843
18.2671 40845
18.2703 40847
18.2734 40849
18.2766 40851
18.2797 40853
18.2829 40855
18.286 40857
18.2892 40859
18.2923 40861
18.2955 40863
18.2986 40865
18.3018 40867
18.3049 40869
18.3081 40871
18.3113 40873
18.3144 40875
18.3176 40877
18.3207 40879
18.3239 40881
18.327 40883
18.3302 40885
18.3333 40887
18.3365 40889
18.3396 40891
18.3428 40893
18.3459 40895
18.3491 40897
18.3522 40899
18.3554 40901
18.3585 40903
18.3617 40905
18.3648 40907
18.368 40909
18.3711 40911
18.3743 40913
18.3774 40915
18.3806 40917
18.3837 40919
18.3869 40921
18.3901 40923
18.3932 40925
18.3964 40927
18.3995 40929
18.4027 40931
18.4058 40933
18.409 40935
18.4121 40937
18.4153 40939
18.4184 40941
18.4216 40943
18.4247 40945
18.4279 40947
18.431 40949
18.4342 40951
18.4373 40953
18.4405 40955
18.4436 40957
18.4468 40959
18.4499 40961
18.4531 40963
18.4562 40965
18.4594 40967
18.4625 40969
18.4657 40971
18.4689 40973
18.472 40975
18.4752 40977
18.4783 40979
18.4815 40981
18.4846 40983
18.4878 40985
18.4909 40987
18.4941 40989
18.4972 40991
18.5004 40993
18.5035 40995
18.5067 40997
18.5098 40999
18.513 41001
18.5161 41003
18.5193 41005
18.5224 41007
18.5256 41009
18.5287 41011
18.5319 41013
18.535 41015
18.5382 41017
18.5413 41019
18.5445 41021
18.5477 41023
18.5508 41025
18.554 41027
18.5571 41029
18.5603 41031
18.5634 41033
18.5666 41035
18.5697 41037
18.5729 41039
18.576 41041
18.5792 41043
18.5823 41045
18.5855 41047
18.5886 41049
18.5918 41051
18.5949 41053
18.5981 41055
18.6012 41057
18.6044 41059
18.6075 41061
18.6107 41063
18.6138 41065
18.617 41067
18.6201 41069
18.6233 41071
18.6265 41073
18.6296 41075
18.6328 41077
18.6359 41079
18.6391 41081
18.6422 41083
18.6454 41085
18.6485 41087
18.6517 41089
18.6548 41091
18.658 41093
18.6611 41095
18.6643 41097
18.6674 41099
18.6706 41101
18.6737 41103
18.6769 41105
18.68 41107
18.6832 41109
18.6863 41111
18.6895 41113
18.6926 41115
18.6958 41117
18.6989 41119
18.7021 41121
18.7053 41123
18.7084 41125
18.7116 41127
18.7147 41129
18.7179 41131
18.721 41133
18.7242 41135
18.7273 41137
18.7305 41139
18.7336 41141
18.7368 41143
18.7399 41145
18.7431 41147
18.7462 41149
18.7494 41151
18.7525 41153
18.7557 41155
18.7588 41157
18.762 41159
18.7651 41161
18.7683 41163
18.7714 41165
18.7746 41167
18.7777 41169
18.7809 41171
18.7841 41173
18.7872 41175
18.7904 41177
18.7935 41179
18.7967 41181
18.7998 41183
18.803 41185
18.8061 41187
18.8093 41189
18.8124 41191
18.8156 41193
18.8187 41195
18.8219 41197
18.825 41199
18.8282 41201
18.8313 41203
18.8345 41205
18.8376 41207
18.8408 41209
18.8439 41211
18.8471 41213
18.8502 41215
18.8534 41217
18.8565 41219
18.8597 41221
18.8629 41223
18.866 41225
18.8692 41227
18.8723 41229
18.8755 41231
18.8786 41233
18.8818 41235
18.8849 41237
18.8881 41239
18.8912 41241
18.8944 41243
18.8975 41245
18.9007 41247
18.9038 41249
18.907 41251
18.9101 41253
18.9133 41255
18.9164 41257
18.9196 41259
18.9227 41261
18.9259 41263
18.929 41265
18.9322 41267
18.9353 41269
18.9385 41271
18.9417 41273
18.9448 41275
18.948 41277
18.9511 41279
18.9543 41281
18.9574 41283
18.9606 41285
18.9637 41287
18.9669 41289
18.97 41291
18.9732 41293
18.9763 41295
18.9795 41297
18.9826 41299
18.9858 41301
18.9889 41303
18.9921 41305
18.9952 41307
18.9984 41309
19.0015 41311
19.0047 41313
19.0078 41315
19.011 41317
19.0141 41319
19.0173 41321
19.0205 41323
19.0236 41325
19.0268 41327
19.0299 41329
19.0331 41331
19.0362 41333
19.0394 41335
19.0425 41337
19.0457 41339
19.0488 41341
19.052 41343
19.0551 41345
19.0583 41347
19.0614 41349
19.0646 41351
19.0677 41353
19.0709 41355
19.074 41357
19.0772 41359
19.0803 41361
19.0835 41363
19.0866 41365
19.0898 41367
19.0929 41369
19.0961 41371
19.0993 41373
19.1024 41375
19.1056 41377
19.1087 41379
19.1119 41381
19.115 41383
19.1182 41385
19.1213 41387
19.1245 41389
19.1276 41391
19.1308 41393
19.1339 41395
19.1371 41397
19.1402 41399
19.1434 41401
19.1465 41403
19.1497 41405
19.1528 41407
19.156 41409
19.1591 41411
19.1623 41413
19.1654 41415
19.1686 41417
19.1717 41419
19.1749 41421
19.1781 41423
19.1812 41425
19.1844 41427
19.1875 41429
19.1907 41431
19.1938 41433
19.197 41435
19.2001 41437
19.2033 41439
19.2064 41441
19.2096 41443
19.2127 41445
19.2159 41447
19.219 41449
19.2222 41451
19.2253 41453
19.2285 41455
19.2316 41457
19.2348 41459
19.2379 41461
19.2411 41463
19.2442 41465
19.2474 41467
19.2505 41469
19.2537 41471
19.2569 41473
19.26 41475
19.2632 41477
19.2663 41479
19.2695 41481
19.2726 41483
19.2758 41485
19.2789 41487
19.2821 41489
19.2852 41491
19.2884 41493
19.2915 41495
19.2947 41497
19.2978 41499
19.301 41501
19.3041 41503
19.3073 41505
19.3104 41507
19.3136 41509
19.3167 41511
19.3199 41513
19.323 41515
19.3262 41517
19.3293 41519
19.3325 41521
19.3357 41523
19.3388 41525
19.342 41527
19.3451 41529
19.3483 41531
19.3514 41533
19.3546 41535
19.3577 41537
19.3609 41539
19.364 41541
19.3672 41543
19.3703 41545
19.3735 41547
19.3766 41549
19.3798 41551
19.3829 41553
19.3861 41555
19.3892 41557
19.3924 41559
19.3955 41561
19.3987 41563
19.4018 41565
19.405 41567
19.4081 41569
19.4113 41571
19.4145 41573
19.4176 41575
19.4208 41577
19.4239 41579
19.4271 41581
19.4302 41583
19.4334 41585
19.4365 41587
19.4397 41589
19.4428 41591
19.446 41593
19.4491 41595
19.4523 41597
19.4554 41599
19.4586 41601
19.4617 41603
19.4649 41605
19.468 41607
19.4712 41609
19.4743 41611
19.4775 41613
19.4806 41615
19.4838 41617
19.4869 41619
19.4901 41621
19.4933 41623
19.4964 41625
19.4996 41627
19.5027 41629
19.5059 41631
19.509 41633
19.5122 41635
19.5153 41637
19.5185 41639
19.5216 41641
19.5248 41643
19.5279 41645
19.5311 41647
19.5342 41649
19.5374 41651
19.5405 41653
19.5437 41655
19.5468 41657
19.55 41659
19.5531 41661
19.5563 41663
19.5594 41665
19.5626 41667
19.5657 41669
19.5689 41671
19.5721 41673
19.5752 41675
19.5784 41677
19.5815 41679
19.5847 41681
19.5878 41683
19.591 41685
19.5941 41687
19.5973 41689
19.6004 41691
19.6036 41693
19.6067 41695
19.6099 41697
19.613 41699
19.6162 41701
19.6193 41703
19.6225 41705
19.6256 41707
19.6288 41709
19.6319 41711
19.6351 41713
19.6382 41715
19.6414 41717
19.6445 41719
19.6477 41721
19.6509 41723
19.654 41725
19.6572 41727
19.6603 41729
19.6635 41731
19.6666 41733
19.6698 41735
19.6729 41737
19.6761 41739
19.6792 41741
19.6824 41743
19.6855 41745
19.6887 41747
19.6918 41749
19.695 41751
19.6981 41753
19.7013 41755
19.7044 41757
19.7076 41759
19.7107 41761
19.7139 41763
19.717 41765
19.7202 41767
19.7233 41769
19.7265 41771
19.7297 41773
19.7328 41775
19.736 41777
19.7391 41779
19.7423 41781
19.7454 41783
19.7486 41785
19.7517 41787
19.7549 41789
19.758 41791
19.7612 41793
19.7643 41795
19.7675 41797
19.7706 41799
19.7738 41801
19.7769 41803
19.7801 41805
19.7832 41807
19.7864 41809
19.7895 41811
19.7927 41813
19.7958 41815
19.799 41817
19.8021 41819
19.8053 41821
19.8085 41823
19.8116 41825
19.8148 41827
19.8179 41829
19.8211 41831
19.8242 41833
19.8274 41835
19.8305 41837
19.8337 41839
19.8368 41841
19.84 41843
19.8431 41845
19.8463 41847
19.8494 41849
19.8526 41851
19.8557 41853
19.8589 41855
19.862 41857
19.8652 41859
19.8683 41861
19.8715 41863
19.8746 41865
19.8778 41867
19.8809 41869
19.8841 41871
19.8873 41873
19.8904 41875
19.8936 41877
19.8967 41879
19.8999 41881
19.903 41883
19.9062 41885
19.9093 41887
19.9125 41889
19.9156 41891
19.9188 41893
19.9219 41895
19.9251 41897
19.9282 41899
19.9314 41901
19.9345 41903
19.9377 41905
19.9408 41907
19.944 41909
19.9471 41911
19.9503 41913
19.9534 41915
19.9566 41917
19.9597 41919
19.9629 41921
19.9661 41923
19.9692 41925
19.9724 41927
19.9755 41929
19.9787 41931
19.9818 41933
19.985 41935
19.9881 41937
19.9913 41939
19.9944 41941
19.9976 41943
20.0007 41945
20.0039 41947
20.007 41949
20.0102 41951
20.0133 41953
20.0165 41955
20.0196 41957
20.0228 41959
20.0259 41961
20.0291 41963
20.0322 41965
20.0354 41967
20.0385 41969
20.0417 41971
20.0449 41973
20.048 41975
20.0512 41977
20.0543 41979
20.0575 41981
20.0606 41983
20.0638 41985
20.0669 41987
20.0701 41989
20.0732 41991
20.0764 41993
20.0795 41995
20.0827 41997
20.0858 41999
20.089 42001
20.0921 42003
20.0953 42005
20.0984 42007
