0.0 0
0.0400195 1440
0.0400195 1440
0.08028 2880
0.120779 4320
0.161278 5760
0.201538 7200
0.202016 8640
0.242037 10080
0.242515 11520
0.242994 12960
0.282536 14400
0.283015 15840
0.283493 17280
0.283971 18720
0.322797 20160
0.323275 21600
0.323753 23040
0.324231 24480
0.324709 25920
0.325187 27360
0.363057 28800
0.363535 30240
0.364013 31680
0.364491 33120
0.364969 34560
0.365447 36000
0.365925 37440
0.366403 38880
0.366881 40320
0.403317 41760
0.403795 43200
0.404273 44640
0.404751 46080
0.405229 47520
0.405707 48960
0.406185 50400
0.406663 51840
0.407141 53280
0.407619 54720
0.408097 56160
0.408575 57600
0.409054 59040
0.409532 60480
0.443816 61920
0.444294 63360
0.444772 64800
0.44525 66240
0.445728 67680
0.446206 69120
0.446684 70560
0.447162 72000
0.44764 73440
0.448118 74880
0.448597 76320
0.449075 77760
0.449553 79200
0.450031 80640
0.450509 82080
0.450987 83520
0.451465 84960
0.451943 86400
0.452421 87840
0.452899 89280
0.453377 90720
0.484315 92160
0.484793 93600
0.485271 95040
0.485749 96480
0.486227 97920
0.486705 99360
0.487183 100800
0.487661 102240
0.488139 103680
0.488618 105120
0.489096 106560
0.489574 108000
0.490052 109440
0.49053 110880
0.491008 112320
0.491486 113760
0.491964 115200
0.492442 116640
0.49292 118080
0.493398 119520
0.493876 120960
0.494354 122400
0.494833 123840
0.495311 125280
0.495789 126720
0.496267 128160
0.496745 129600
0.497223 131040
0.497701 132480
0.498179 133920
0.498657 135360
0.524575 136800
0.525053 138240
0.525531 139680
0.526009 141120
0.526487 142560
0.526965 144000
0.527443 145440
0.527921 146880
0.5284 148320
0.528878 149760
0.529356 151200
0.529834 152640
0.530312 154080
0.53079 155520
0.531268 156960
0.531746 158400
0.532224 159840
0.532702 161280
0.53318 162720
0.533658 164160
0.534136 165600
0.534615 167040
0.535093 168480
0.535571 169920
0.536049 171360
0.536527 172800
0.537005 174240
0.537483 175680
0.537961 177120
0.538439 178560
0.538917 180000
0.539395 181440
0.539873 182880
0.540351 184320
0.54083 185760
0.541308 187200
0.541786 188640
0.542264 190080
0.542742 191520
0.54322 192960
0.543698 194400
0.544176 195840
0.544654 197280
0.545132 198720
0.54561 200160
0.546088 201600
0.546566 203040
0.565074 204480
0.565552 205920
0.56603 207360
0.566508 208800
0.566986 210240
0.567464 211680
0.567942 213120
0.568421 214560
0.568899 216000
0.569377 217440
0.569855 218880
0.570333 220320
0.570811 221760
0.571289 223200
0.571767 224640
0.572245 226080
0.572723 227520
0.573201 228960
0.573679 230400
0.574157 231840
0.574636 233280
0.575114 234720
0.575592 236160
0.57607 237600
0.576548 239040
0.577026 240480
0.577504 241920
0.577982 243360
0.57846 244800
0.578938 246240
0.579416 247680
0.579894 249120
0.580373 250560
0.580851 252000
0.581329 253440
0.581807 254880
0.582285 256320
0.582763 257760
0.583241 259200
0.583719 260640
0.584197 262080
0.584675 263520
0.585153 264960
0.585631 266400
0.586109 267840
0.586588 269280
0.587066 270720
0.587544 272160
0.588022 273600
0.5885 275040
0.588978 276480
0.589456 277920
0.589934 279360
0.590412 280800
0.59089 282240
0.591368 283680
0.591846 285120
0.592324 286560
0.592803 288000
0.593281 289440
0.593759 290880
0.594237 292320
0.594715 293760
0.595193 295200
0.595671 296640
0.596149 298080
0.596627 299520
0.597105 300960
0.597583 302400
0.598061 303840
0.605334 305280
0.605812 306720
0.60629 308160
0.606768 309600
0.607246 311040
0.607724 312480
0.608203 313920
0.608681 315360
0.609159 316800
0.609637 318240
0.610115 319680
0.610593 321120
0.611071 322560
0.611549 324000
0.612027 325440
0.612505 326880
0.612983 328320
0.613461 329760
0.613939 331200
0.614418 332640
0.614896 334080
0.615374 335520
0.615852 336960
0.61633 338400
0.616808 339840
0.617286 341280
0.617764 342720
0.618242 344160
0.61872 345600
0.619198 347040
0.619676 348480
0.620154 349920
0.620633 351360
0.621111 352800
0.621589 354240
0.622067 355680
0.622545 357120
0.623023 358560
0.623501 360000
0.623979 361440
0.624457 362880
0.624935 364320
0.625413 365760
0.625891 367200
0.62637 368640
0.626848 370080
0.627326 371520
0.627804 372960
0.628282 374400
0.62876 375840
0.629238 377280
0.629716 378720
0.630194 380160
0.630672 381600
0.63115 383040
0.631628 384480
0.632106 385920
0.632585 387360
0.633063 388800
0.633541 390240
0.634019 391680
0.634497 393120
0.634975 394560
0.635453 396000
0.635931 397440
0.636409 398880
0.636887 400320
0.637365 401760
0.637843 403200
0.638321 404640
0.6388 406080
0.639278 407520
0.639756 408960
0.640234 410400
0.640712 411840
0.64119 413280
0.641668 414720
0.642146 416160
0.642624 417600
0.643102 419040
0.64358 420480
0.644058 421920
0.644536 423360
0.645015 424800
0.645493 426240
0.645971 427680
0.646449 429120
0.646927 430560
0.647405 432000
0.647883 433440
0.648361 434880
0.648839 436320
0.649317 437760
0.649795 439200
0.650273 440640
0.650751 442080
0.65123 443520
0.651708 444960
0.652186 446400
0.652664 447840
0.653142 449280
0.65362 450720
0.654098 452160
0.654576 453600
0.655054 455040
0.655532 456480
0.65601 457920
0.656488 459360
0.656966 460800
0.657445 462240
0.657923 463680
0.658401 465120
0.658879 466560
0.659357 468000
0.659835 469440
0.660313 470880
0.660791 472320
0.661269 473760
0.661747 475200
0.662225 476640
0.662703 478080
0.663182 479520
0.66366 480960
0.664138 482400
0.664616 483840
0.665094 485280
0.665572 486720
0.66605 488160
0.666528 489600
0.667006 491040
0.667484 492480
0.667962 493920
0.66844 495360
0.668918 496800
0.669397 498240
0.669875 499680
0.670353 501120
0.670831 502560
0.671309 504000
0.671787 505440
0.672265 506880
0.672743 508320
0.673221 509760
0.673699 511200
0.674177 512640
0.674655 514080
0.675133 515520
0.675612 516960
0.67609 518400
0.676568 519840
0.677046 521280
0.677524 522720
0.678002 524160
0.67848 525600
0.678958 527040
0.679436 528480
0.679914 529920
0.680392 531360
0.68087 532800
0.681348 534240
0.681827 535680
0.682305 537120
0.682783 538560
0.683261 540000
0.683739 541440
0.684217 542880
0.684695 544320
0.685173 545760
0.685651 547200
0.686129 548640
0.686607 550080
0.687085 551520
0.687563 552960
0.688042 554400
0.68852 555840
0.688998 557280
0.689476 558720
0.689954 560160
0.690432 561600
0.69091 563040
0.691388 564480
0.691866 565920
0.692344 567360
0.692822 568800
0.6933 570240
0.693779 571680
0.694257 573120
0.694735 574560
0.695213 576000
0.695691 577440
0.696169 578880
0.696647 580320
0.697125 581760
0.697603 583200
0.698081 584640
0.698559 586080
0.699037 587520
0.699515 588960
0.699994 590400
0.700472 591840
0.70095 593280
0.701428 594720
0.701906 596160
0.702384 597600
0.702862 599040
0.70334 600480
0.703818 601920
0.704296 603360
0.704774 604800
0.705252 606240
0.70573 607680
0.706209 609120
0.706687 610560
0.707165 612000
0.707643 613440
0.708121 614880
0.708599 616320
0.709077 617760
0.709555 619200
0.710033 620640
0.710511 622080
0.710989 623520
0.711467 624960
0.711945 626400
0.712424 627840
0.712902 629280
0.71338 630720
0.713858 632160
0.714336 633600
0.714814 635040
0.715292 636480
0.71577 637920
0.716248 639360
0.716726 640800
0.717204 642240
0.717682 643680
0.71816 645120
0.718639 646560
0.719117 648000
0.719595 649440
0.720073 650880
0.720551 652320
0.721029 653760
0.721507 655200
0.721985 656640
0.722463 658080
0.722941 659520
0.723419 660960
0.723897 662400
0.724375 663840
0.724854 665280
0.725332 666720
0.72581 668160
0.726288 669600
0.726766 671040
0.727244 672480
0.727722 673920
0.7282 675360
0.728678 676800
0.729156 678240
0.729634 679680
0.730112 681120
0.730591 682560
0.731069 684000
0.731547 685440
0.732025 686880
0.732503 688320
0.732981 689760
0.733459 691200
0.733937 692640
0.734415 694080
0.734893 695520
0.735371 696960
0.735849 698400
0.736327 699840
0.736806 701280
0.737284 702720
0.737762 704160
0.73824 705600
0.738718 707040
0.739196 708480
0.739674 709920
0.740152 711360
0.74063 712800
0.741108 714240
0.741586 715680
0.742064 717120
0.742542 718560
0.743021 720000
0.743499 721440
0.743977 722880
0.744455 724320
0.744933 725760
0.745411 727200
0.745889 728640
0.746367 730080
0.746845 731520
0.747323 732960
0.747801 734400
0.748279 735840
0.748757 737280
0.749236 738720
0.749714 740160
0.750192 741600
0.75067 743040
0.751148 744480
0.751626 745920
0.752104 747360
0.752582 748800
0.75306 750240
0.753538 751680
0.754016 753120
0.754494 754560
0.754972 756000
0.755451 757440
0.755929 758880
0.756407 760320
0.756885 761760
0.757363 763200
0.757841 764640
0.758319 766080
0.758797 767520
0.759275 768960
0.759753 770400
0.760231 771840
0.760709 773280
0.761188 774720
0.761666 776160
0.762144 777600
0.762622 779040
0.7631 780480
0.763578 781920
0.764056 783360
0.764534 784800
0.765012 786240
0.76549 787680
0.765968 789120
0.766446 790560
0.766924 792000
0.767403 793440
0.767881 794880
0.768359 796320
0.768837 797760
0.769315 799200
0.769793 800640
0.770271 802080
0.770749 803520
0.771227 804960
0.771705 806400
0.772183 807840
0.772661 809280
0.773139 810720
0.773618 812160
0.774096 813600
0.774574 815040
0.775052 816480
0.77553 817920
0.776008 819360
0.776486 820800
0.776964 822240
0.777442 823680
0.77792 825120
0.778398 826560
0.778876 828000
0.779354 829440
0.779833 830880
0.780311 832320
0.780789 833760
0.781267 835200
0.781745 836640
0.782223 838080
0.782701 839520
0.783179 840960
0.783657 842400
0.784135 843840
0.784613 845280
0.785091 846720
0.785569 848160
0.786048 849600
0.786526 851040
0.787004 852480
0.787482 853920
0.78796 855360
0.788438 856800
0.788916 858240
0.789394 859680
0.789872 861120
0.79035 862560
0.790828 864000
0.791306 865440
0.791784 866880
0.792263 868320
0.792741 869760
0.793219 871200
0.793697 872640
0.794175 874080
0.794653 875520
0.795131 876960
0.795609 878400
0.796087 879840
0.796565 881280
0.797043 882720
0.797521 884160
0.798 885600
0.798478 887040
0.798956 888480
0.799434 889920
0.799912 891360
0.80039 892800
0.800868 894240
0.801346 895680
0.801824 897120
0.802302 898560
0.80278 900000
0.803258 901440
0.803736 902880
0.804215 904320
0.804693 905760
0.805171 907200
0.805649 908640
0.806127 910080
0.806605 911520
0.807083 912960
0.807561 914400
0.808039 915840
0.808517 917280
0.808995 918720
0.809473 920160
0.809951 921600
0.81043 923040
0.810908 924480
0.811386 925920
0.811864 927360
0.812342 928800
0.81282 930240
0.813298 931680
0.813776 933120
0.814254 934560
0.814732 936000
0.81521 937440
0.815688 938880
0.816408 938880
0.816408 750240
1.04039 750240
1.04039 599040
2.08772 599040
2.08772 1440
2.09234 2880
2.1326 4320
2.13284 5760
2.17287 7200
2.1731 8640
2.17334 10080
2.17358 11520
2.21313 12960
2.21337 14400
2.21361 15840
2.21385 17280
2.21409 18720
2.21433 20160
2.2148 21600
2.25339 23040
2.25363 24480
2.25387 25920
2.25411 27360
2.25435 28800
2.25459 30240
2.25483 31680
2.25507 33120
2.25531 34560
2.25555 36000
2.25578 37440
2.25602 38880
2.25626 40320
2.2565 41760
2.25674 43200
2.29366 44640
2.2939 46080
2.29414 47520
2.29461 48960
2.29485 50400
2.29509 51840
2.29533 53280
2.29557 54720
2.29581 56160
2.29605 57600
2.29629 59040
2.29653 60480
2.29677 61920
2.297 63360
2.29724 64800
2.29748 66240
2.29772 67680
2.29796 69120
2.2982 70560
2.29844 72000
2.29868 73440
2.29892 74880
2.29939 76320
2.29963 77760
2.29987 79200
2.30011 80640
2.30035 82080
2.30059 83520
2.33392 84960
2.33416 86400
2.3344 87840
2.33464 89280
2.33488 90720
2.33512 92160
2.33536 93600
2.3356 95040
2.33583 96480
2.33607 97920
2.33631 99360
2.33655 100800
2.33679 102240
2.33727 103680
2.33751 105120
2.33775 106560
2.33799 108000
2.33822 109440
2.33846 110880
2.3387 112320
2.33894 113760
2.33918 115200
2.33942 116640
2.33966 118080
2.3399 119520
2.34014 120960
2.34038 122400
2.34062 123840
2.34085 125280
2.34109 126720
2.34133 128160
2.34157 129600
2.34205 131040
2.34229 132480
2.34253 133920
2.34277 135360
2.34301 136800
2.34324 138240
2.34348 139680
2.34372 141120
2.34396 142560
2.3442 144000
2.34444 145440
2.34468 146880
2.34492 148320
2.34516 149760
2.3454 151200
2.34564 152640
2.34587 154080
2.34611 155520
2.34635 156960
2.34683 158400
2.34707 159840
2.34731 161280
2.34755 162720
2.37419 164160
2.37443 165600
2.37466 167040
2.3749 168480
2.37514 169920
2.37538 171360
2.37562 172800
2.37586 174240
2.3761 175680
2.37634 177120
2.37658 178560
2.37682 180000
2.37705 181440
2.37729 182880
2.37753 184320
2.37801 185760
2.37825 187200
2.37849 188640
2.37873 190080
2.37897 191520
2.37921 192960
2.37945 194400
2.37968 195840
2.37992 197280
2.38016 198720
2.3804 200160
2.38064 201600
2.38088 203040
2.38112 204480
2.42879 205920
2.42927 207360
2.42974 208800
2.43022 210240
2.4307 211680
2.43118 213120
2.43166 214560
2.43214 216000
2.43261 217440
2.43309 218880
2.43357 220320
2.43405 221760
2.43453 223200
2.435 224640
2.43548 226080
2.43596 227520
2.43644 228960
2.43692 230400
2.43739 231840
2.43787 233280
2.43835 234720
2.43883 236160
2.43931 237600
2.43978 239040
2.44026 240480
2.44074 241920
2.44122 243360
2.4417 244800
2.44217 246240
2.44265 247680
2.44313 249120
2.44361 250560
2.44409 252000
2.44457 253440
2.44504 254880
2.44552 256320
2.446 257760
2.44648 259200
2.44696 260640
2.44743 262080
2.44791 263520
2.44839 264960
2.44887 266400
2.44935 267840
2.44982 269280
2.4503 270720
2.45078 272160
2.45126 273600
2.45174 275040
2.45221 276480
2.45269 277920
2.45317 279360
2.45365 280800
2.45413 282240
2.4546 283680
2.45508 285120
2.45556 286560
2.45604 288000
2.45652 289440
2.457 290880
2.45747 292320
2.45795 293760
2.45843 295200
2.45891 296640
2.45939 298080
2.45986 299520
2.46034 300960
2.46082 302400
2.4613 303840
2.46178 305280
2.46225 306720
2.46929 308160
2.46977 309600
2.47024 311040
2.47072 312480
2.4712 313920
2.47168 315360
2.47216 316800
2.47263 318240
2.47311 319680
2.47359 321120
2.47407 322560
2.47455 324000
2.47502 325440
2.4755 326880
2.47598 328320
2.47646 329760
2.47694 331200
2.47742 332640
2.47789 334080
2.47837 335520
2.47885 336960
2.47933 338400
2.47981 339840
2.48028 341280
2.48076 342720
2.48124 344160
2.48172 345600
2.4822 347040
2.48267 348480
2.48315 349920
2.48363 351360
2.48411 352800
2.48459 354240
2.48506 355680
2.48554 357120
2.48602 358560
2.4865 360000
2.48698 361440
2.48745 362880
2.48793 364320
2.48841 365760
2.48889 367200
2.48937 368640
2.48985 370080
2.49032 371520
2.4908 372960
2.49128 374400
2.49176 375840
2.49224 377280
2.49271 378720
2.49319 380160
2.49367 381600
2.49415 383040
2.49463 384480
2.4951 385920
2.49558 387360
2.49606 388800
2.49654 390240
2.49702 391680
2.49749 393120
2.49797 394560
2.49845 396000
2.49893 397440
2.49941 398880
2.49988 400320
2.50036 401760
2.50084 403200
2.50132 404640
2.5018 406080
2.50228 407520
2.50275 408960
2.50323 410400
2.50371 411840
2.50419 413280
2.50467 414720
2.50514 416160
2.50562 417600
2.5061 419040
2.50658 420480
2.50706 421920
2.50753 423360
2.50801 424800
2.50849 426240
2.50897 427680
2.50945 429120
2.50992 430560
2.5104 432000
2.51088 433440
2.51136 434880
2.51184 436320
2.51231 437760
2.51279 439200
2.51327 440640
2.51375 442080
2.51423 443520
2.51471 444960
2.51518 446400
2.51566 447840
2.51614 449280
2.51662 450720
2.5171 452160
2.51757 453600
2.51805 455040
2.51853 456480
2.51901 457920
2.51949 459360
2.51996 460800
2.52044 462240
2.52092 463680
2.5214 465120
2.52188 466560
2.52235 468000
2.52283 469440
2.52331 470880
2.52379 472320
2.52427 473760
2.52474 475200
2.52522 476640
2.5257 478080
2.55152 479520
2.57829 480960
2.60506 482400
2.63183 483840
2.65908 485280
2.68634 486720
2.71359 488160
2.74084 489600
2.76809 491040
2.79534 492480
2.82307 493920
2.85079 495360
2.87183 496800
2.89956 498240
2.92729 499680
2.95501 501120
2.98322 502560
3.01143 504000
3.03963 505440
3.06784 506880
3.09605 508320
3.12425 509760
3.15294 511200
3.18162 512640
3.21031 514080
3.23899 515520
3.26768 516960
3.29636 518400
3.32553 519840
3.35469 521280
3.38385 522720
3.41636 524160
3.44839 525600
3.48042 527040
3.51245 528480
3.54401 529920
3.57604 531360
3.60807 532800
3.6401 534240
3.67213 535680
3.70416 537120
3.7491 538560
3.78113 540000
3.82607 541440
3.8581 542880
3.90352 544320
3.94894 545760
3.98145 547200
4.02734 548640
4.07324 550080
4.11913 551520
4.16503 552960
4.2114 554400
4.25778 555840
4.30415 557280
4.35052 558720
4.39738 560160
4.44423 561600
4.49108 563040
4.53793 564480
4.58526 565920
4.63259 567360
4.69713 568800
4.76119 570240
4.82526 571680
4.88932 573120
4.95338 574560
5.01744 576000
5.08103 577440
5.17712 578880
5.24118 580320
5.33728 581760
5.40134 583200
5.49743 584640
5.59496 586080
5.69249 587520
5.7905 588960
5.8885 590400
5.98699 591840
6.11511 593280
6.27527 594720
6.46745 596160
6.72323 597600
7.07509 599040
9.79535 600480
10.1472 601920
10.4035 603360
10.5952 604800
10.7553 606240
10.8835 607680
11.0431 609120
11.1445 610560
11.2463 612000
11.3482 613440
11.4505 614880
11.5528 616320
11.6556 617760
11.7583 619200
11.8544 620640
11.918 622080
11.9821 623520
12.0461 624960
12.1102 626400
12.1743 627840
12.2147 627840
12.2147 501120
12.3617 502560
12.3942 504000
12.4265 505440
12.458 506880
12.4862 508320
12.5144 509760
12.5431 511200
12.5718 512640
12.6005 514080
12.622 515520
12.6507 516960
12.6722 518400
12.7014 519840
12.7233 521280
12.7525 522720
12.7817 524160
12.8037 525600
12.8328 527040
12.8625 528480
12.8845 529920
12.9141 531360
12.9437 532800
12.9734 534240
13.003 535680
13.0331 537120
13.0556 538560
13.0857 540000
13.1158 541440
13.146 542880
13.1761 544320
13.2067 545760
13.2373 547200
13.2679 548640
13.2985 550080
13.3291 551520
13.3597 552960
13.3907 554400
13.4218 555840
13.4529 557280
13.484 558720
13.515 560160
13.5471 561600
13.5791 563040
13.6111 564480
13.6432 565920
13.6752 567360
13.7072 568800
13.7546 570240
13.7871 571680
13.8349 573120
13.8674 574560
13.9152 576000
13.9635 577440
13.9955 578880
14.0438 580320
14.0921 581760
14.1408 583200
14.1896 584640
14.2384 586080
14.2871 587520
14.3364 588960
14.3856 590400
14.4349 591840
14.4841 593280
14.5338 594720
14.5835 596160
14.6333 597600
14.683 599040
14.747 600480
14.8111 601920
14.8752 603360
14.9392 604800
15.0033 606240
15.0994 607680
15.1635 609120
15.2591 610560
15.3552 612000
15.4513 613440
15.5474 614880
15.6434 616320
15.7462 617760
15.849 619200
15.9523 620640
16.0555 622080
16.2162 623520
16.4084 624960
16.6641 626400
16.7686 626400
16.7686 499680
16.8723 501120
16.9044 502560
16.9364 504000
16.9684 505440
16.9966 506880
17.0249 508320
17.0531 509760
17.0817 511200
17.1104 512640
17.1319 514080
17.1606 515520
17.1821 516960
17.2108 518400
17.24 519840
17.262 521280
17.2911 522720
17.3131 524160
17.3423 525600
17.3715 527040
17.4011 528480
17.4231 529920
17.4527 531360
17.4824 532800
17.512 534240
17.5417 535680
17.5718 537120
17.6019 538560
17.632 540000
17.6621 541440
17.6922 542880
17.7224 544320
17.753 545760
17.7836 547200
17.8142 548640
17.8448 550080
17.8754 551520
17.9059 552960
17.937 554400
17.9681 555840
17.9992 557280
18.0302 558720
18.0613 560160
18.0934 561600
18.1254 563040
18.1574 564480
18.1894 565920
18.221 567360
18.2683 568800
18.3004 570240
18.3482 571680
18.3802 573120
18.428 574560
18.4758 576000
18.5083 577440
18.5566 578880
18.6049 580320
18.6532 581760
18.7019 583200
18.7507 584640
18.7995 586080
18.8482 587520
18.8975 588960
18.9467 590400
18.996 591840
19.0452 593280
19.0949 594720
19.1446 596160
19.1944 597600
19.2584 599040
19.322 600480
19.3861 601920
19.4501 603360
19.5142 604800
19.6103 606240
19.6744 607680
19.7705 609120
19.8661 610560
19.9622 612000
20.0583 613440
20.1543 614880
20.2567 616320
20.3594 617760
20.4622 619200
20.5655 620640
20.7252 622080
20.9174 623520
21.1731 624960
21.5255 626400
21.6299 499680
21.7337 501120
21.7662 502560
21.7982 504000
21.8303 505440
21.8585 506880
21.8867 508320
21.9149 509760
21.9436 511200
21.9722 512640
21.9938 514080
22.0224 515520
22.044 516960
22.0726 518400
22.0946 519840
22.1238 521280
22.153 522720
22.1749 524160
22.2041 525600
22.2333 527040
22.2629 528480
22.2849 529920
22.3145 531360
22.3442 532800
22.3738 534240
22.4035 535680
22.4336 537120
22.4637 538560
22.4938 540000
22.5239 541440
22.5541 542880
22.5842 544320
22.6148 545760
22.6454 547200
22.676 548640
22.7066 550080
22.7372 551520
22.7678 552960
22.7988 554400
22.8299 555840
22.861 557280
22.8921 558720
22.9231 560160
22.9552 561600
22.9872 563040
23.0192 564480
23.0513 565920
23.0833 567360
23.1306 568800
23.1631 570240
23.2109 571680
23.2435 573120
23.2913 574560
23.3233 576000
23.3716 577440
23.4199 578880
23.4681 580320
23.5164 581760
23.5652 583200
23.5977 584640
23.6465 586080
23.6952 587520
23.7445 588960
23.7937 590400
23.843 591840
23.8922 593280
23.9419 594720
23.9916 596160
24.0562 597600
24.1202 599040
24.1843 600480
24.2484 601920
24.3124 603360
24.376 604800
24.4721 606240
24.5362 607680
24.6323 609120
24.7284 610560
24.8245 612000
24.9201 613440
25.0162 614880
25.1185 616320
25.2213 617760
25.324 619200
25.4273 620640
25.5875 622080
25.7792 623520
26.0354 624960
26.3873 626400
26.4918 499680
26.5955 501120
26.627 502560
26.6591 504000
26.6911 505440
26.7193 506880
26.7475 508320
26.7757 509760
26.8044 511200
26.8331 512640
26.8546 514080
26.8833 515520
26.9048 516960
26.9335 518400
26.9627 519840
26.9846 521280
27.0138 522720
27.0358 524160
27.065 525600
27.0941 527040
27.1238 528480
27.1458 529920
27.1754 531360
27.205 532800
27.2347 534240
27.2643 535680
27.2944 537120
27.3246 538560
27.3547 540000
27.3848 541440
27.4149 542880
27.445 544320
27.4756 545760
27.5062 547200
27.5368 548640
27.5674 550080
27.598 551520
27.6286 552960
27.6597 554400
27.6908 555840
27.7218 557280
27.7529 558720
27.784 560160
27.816 561600
27.8481 563040
27.8801 564480
27.9121 565920
27.9442 567360
27.9915 568800
28.023 570240
28.0708 571680
28.1034 573120
28.1512 574560
28.199 576000
28.2315 577440
28.2798 578880
28.328 580320
28.3763 581760
28.4251 583200
28.4739 584640
28.5226 586080
28.5714 587520
28.6206 588960
28.6699 590400
28.7191 591840
28.7684 593280
28.8181 594720
28.8678 596160
28.9175 597600
28.9811 599040
29.0452 600480
29.1092 601920
29.1733 603360
29.2374 604800
29.3334 606240
29.397 607680
29.4931 609120
29.5892 610560
29.6853 612000
29.7814 613440
29.877 614880
29.9793 616320
30.0821 617760
30.1849 619200
30.2882 620640
30.4483 622080
30.64 623520
30.8963 624960
31.2481 626400
31.3526 499680
31.4564 501120
31.4884 502560
31.5204 504000
31.5524 505440
31.5807 506880
31.6089 508320
31.6371 509760
31.6658 511200
31.6944 512640
31.7159 514080
31.7446 515520
31.7661 516960
31.7948 518400
31.824 519840
31.846 521280
31.8751 522720
31.8971 524160
31.9263 525600
31.9555 527040
31.9851 528480
32.0071 529920
32.0367 531360
32.0664 532800
32.096 534240
32.1257 535680
32.1558 537120
32.1859 538560
32.216 540000
32.2461 541440
32.2763 542880
32.3064 544320
32.337 545760
32.3676 547200
32.3982 548640
32.4288 550080
32.4594 551520
32.49 552960
32.521 554400
32.5521 555840
32.5832 557280
32.6143 558720
32.6453 560160
32.6774 561600
32.7094 563040
32.7414 564480
32.7735 565920
32.805 567360
32.8523 568800
32.8844 570240
32.9322 571680
32.9642 573120
33.012 574560
33.0598 576000
33.0923 577440
33.1406 578880
33.1889 580320
33.2372 581760
33.286 583200
33.3347 584640
33.3835 586080
33.4322 587520
33.4815 588960
33.5307 590400
33.58 591840
33.6292 593280
33.6789 594720
33.7287 596160
33.7784 597600
33.8424 599040
33.906 600480
33.9701 601920
34.0341 603360
34.0982 604800
34.1943 606240
34.2584 607680
34.3545 609120
34.4501 610560
34.5462 612000
34.6423 613440
34.7384 614880
34.8407 616320
34.9435 617760
35.0462 619200
35.1495 620640
35.3092 622080
35.5014 623520
35.7571 624960
36.109 626400
36.2135 499680
36.3172 501120
36.3492 502560
36.3813 504000
36.4133 505440
36.4415 506880
36.4697 508320
36.4979 509760
36.5266 511200
36.5553 512640
36.5768 514080
36.6055 515520
36.627 516960
36.6557 518400
36.6849 519840
36.7068 521280
36.736 522720
36.758 524160
36.7872 525600
36.8163 527040
36.846 528480
36.868 529920
36.8976 531360
36.9272 532800
36.9569 534240
36.9865 535680
37.0166 537120
37.0468 538560
37.0769 540000
37.107 541440
37.1371 542880
37.1672 544320
37.1978 545760
37.2284 547200
37.259 548640
37.2896 550080
37.3202 551520
37.3508 552960
37.3819 554400
37.413 555840
37.444 557280
37.4751 558720
37.5062 560160
37.5382 561600
37.5703 563040
37.6023 564480
37.6343 565920
37.6663 567360
37.7137 568800
37.7462 570240
37.794 571680
37.826 573120
37.8738 574560
37.9063 576000
37.9546 577440
38.0029 578880
38.0512 580320
38.0995 581760
38.1482 583200
38.197 584640
38.2458 586080
38.2945 587520
38.3438 588960
38.393 590400
38.4423 591840
38.4915 593280
38.5412 594720
38.5909 596160
38.6407 597600
38.7052 599040
38.7693 600480
38.8333 601920
38.8974 603360
38.9615 604800
39.0571 606240
39.1211 607680
39.2172 609120
39.3133 610560
39.4094 612000
39.505 613440
39.6011 614880
39.7034 616320
39.8062 617760
39.909 619200
40.0123 620640
40.1724 622080
40.3641 623520
40.6204 624960
40.9723 626400
41.0767 499680
41.1805 501120
41.212 502560
41.244 504000
41.2761 505440
41.3043 506880
41.3325 508320
41.3607 509760
41.3894 511200
41.4181 512640
41.4396 514080
41.4683 515520
41.4898 516960
41.5185 518400
41.5476 519840
41.5696 521280
41.5988 522720
41.6208 524160
41.6499 525600
41.6791 527040
41.7087 528480
41.7307 529920
41.7604 531360
41.79 532800
41.8196 534240
41.8493 535680
41.8794 537120
41.9095 538560
41.9396 540000
41.9698 541440
41.9999 542880
42.03 544320
42.0606 545760
42.0912 547200
42.1218 548640
42.1524 550080
42.183 551520
42.2136 552960
42.2447 554400
42.2757 555840
42.3068 557280
42.3379 558720
42.369 560160
42.4015 561600
42.433 563040
42.4651 564480
42.4971 565920
42.5291 567360
42.5764 568800
42.6085 570240
42.6563 571680
42.6883 573120
42.7361 574560
42.7839 576000
42.8164 577440
42.8647 578880
42.913 580320
42.9613 581760
43.0101 583200
43.0588 584640
43.1076 586080
43.1564 587520
43.2056 588960
43.2548 590400
43.3041 591840
43.3533 593280
43.403 594720
43.4528 596160
43.5025 597600
43.5661 599040
43.6301 600480
43.6942 601920
43.7583 603360
43.8223 604800
43.9184 606240
43.9825 607680
44.0781 609120
44.1742 610560
44.2703 612000
44.3664 613440
44.4625 614880
44.5648 616320
44.6676 617760
44.7703 619200
44.8736 620640
45.0342 622080
45.2264 623520
45.4822 624960
45.8341 626400
45.9385 499680
46.0423 501120
46.0743 502560
46.1063 504000
46.1384 505440
46.1666 506880
46.1948 508320
46.223 509760
46.2517 511200
46.2804 512640
46.3019 514080
46.3306 515520
46.3521 516960
46.3808 518400
46.4099 519840
46.4319 521280
46.4611 522720
46.4831 524160
46.5122 525600
46.5414 527040
46.571 528480
46.593 529920
46.6227 531360
46.6523 532800
46.6819 534240
46.7116 535680
46.7417 537120
46.7718 538560
46.8019 540000
46.8321 541440
46.8622 542880
46.8923 544320
46.9229 545760
46.9535 547200
46.9841 548640
47.0147 550080
47.0453 551520
47.0759 552960
47.107 554400
47.138 555840
47.1691 557280
47.2002 558720
47.2313 560160
47.2633 561600
47.2953 563040
47.3273 564480
47.3594 565920
47.3914 567360
47.4387 568800
47.4712 570240
47.5191 571680
47.5511 573120
47.5989 574560
47.6314 576000
47.6797 577440
47.728 578880
47.7763 580320
47.8245 581760
47.8733 583200
47.9221 584640
47.9708 586080
48.0196 587520
48.0688 588960
48.1181 590400
48.1673 591840
48.2166 593280
48.2663 594720
48.316 596160
48.3657 597600
48.4303 599040
48.4943 600480
48.5584 601920
48.6225 603360
48.686 604800
48.7821 606240
48.8462 607680
48.9423 609120
49.0384 610560
49.134 612000
49.2301 613440
49.3262 614880
49.4285 616320
49.5313 617760
49.6341 619200
49.7373 620640
49.897 622080
50.0892 623520
50.3455 624960
50.6973 626400
50.8018 499680
50.9055 501120
50.9371 502560
50.9691 504000
51.0011 505440
51.0293 506880
51.0576 508320
51.0858 509760
51.1144 511200
51.1431 512640
51.1646 514080
51.1933 515520
51.2148 516960
51.2435 518400
51.2727 519840
51.2947 521280
51.3238 522720
51.3458 524160
51.375 525600
51.4042 527040
51.4338 528480
51.4558 529920
51.4854 531360
51.5151 532800
51.5447 534240
51.5744 535680
51.6045 537120
51.6346 538560
51.6647 540000
51.6948 541440
51.7249 542880
51.7551 544320
51.7857 545760
51.8163 547200
51.8469 548640
51.8775 550080
51.9081 551520
51.9386 552960
51.9697 554400
52.0008 555840
52.0319 557280
52.0629 558720
52.094 560160
52.1261 561600
52.1581 563040
52.1901 564480
52.2221 565920
52.2542 567360
52.3015 568800
52.3331 570240
52.3809 571680
52.4134 573120
52.4612 574560
52.509 576000
52.541 577440
52.5893 578880
52.6376 580320
52.6859 581760
52.7346 583200
52.7834 584640
52.8322 586080
52.8809 587520
52.9302 588960
52.9794 590400
53.0287 591840
53.0779 593280
53.1276 594720
53.1773 596160
53.2271 597600
53.2911 599040
53.3552 600480
53.4193 601920
53.4833 603360
53.5474 604800
53.6435 606240
53.7071 607680
53.8032 609120
53.8992 610560
53.9953 612000
54.0914 613440
54.187 614880
54.2894 616320
54.3921 617760
54.4949 619200
54.5982 620640
54.7584 622080
54.9501 623520
55.2063 624960
55.5582 626400
55.6626 499680
55.7664 501120
55.7984 502560
55.8304 504000
55.8625 505440
55.8907 506880
55.9189 508320
55.9471 509760
55.9758 511200
56.0045 512640
56.026 514080
56.0547 515520
56.0762 516960
56.1049 518400
56.134 519840
56.156 521280
56.1852 522720
56.2072 524160
56.2363 525600
56.2655 527040
56.2951 528480
56.3171 529920
56.3468 531360
56.3764 532800
56.406 534240
56.4357 535680
56.4658 537120
56.4959 538560
56.526 540000
56.5562 541440
56.5863 542880
56.6164 544320
56.647 545760
56.6776 547200
56.7082 548640
56.7388 550080
56.7694 551520
56.8 552960
56.8311 554400
56.8621 555840
56.8932 557280
56.9243 558720
56.9554 560160
56.9874 561600
57.0194 563040
57.0515 564480
57.083 565920
57.115 567360
57.1624 568800
57.1944 570240
57.2422 571680
57.2742 573120
57.322 574560
57.3699 576000
57.4024 577440
57.4506 578880
57.4989 580320
57.5472 581760
57.596 583200
57.6447 584640
57.6935 586080
57.7423 587520
57.7915 588960
57.8408 590400
57.89 591840
57.9392 593280
57.989 594720
58.0387 596160
58.0884 597600
58.1525 599040
58.2161 600480
58.2801 601920
58.3442 603360
58.4082 604800
58.5043 606240
58.5684 607680
58.664 609120
58.7601 610560
58.8562 612000
58.9523 613440
59.0484 614880
59.1507 616320
59.2535 617760
59.3563 619200
59.4595 620640
59.6202 622080
59.8124 623520
60.0681 624960
60.4205 626400
60.5249 499680
60.6287 501120
60.6612 502560
60.6932 504000
60.7252 505440
60.7534 506880
60.7817 508320
60.8099 509760
60.8385 511200
60.8672 512640
60.8887 514080
60.9174 515520
60.9389 516960
60.9676 518400
60.9896 519840
61.0188 521280
61.0479 522720
61.0699 524160
61.0991 525600
61.1283 527040
61.1579 528480
61.1799 529920
61.2095 531360
61.2392 532800
61.2688 534240
61.2985 535680
61.3286 537120
61.3587 538560
61.3888 540000
61.4189 541440
61.4491 542880
61.4792 544320
61.5098 545760
61.5404 547200
61.571 548640
61.6016 550080
61.6322 551520
61.6628 552960
61.6938 554400
61.7249 555840
61.756 557280
61.7871 558720
61.8181 560160
61.8502 561600
61.8822 563040
61.9142 564480
61.9463 565920
61.9783 567360
62.0256 568800
62.0581 570240
62.1059 571680
62.1384 573120
62.1862 574560
62.2183 576000
62.2666 577440
62.3149 578880
62.3631 580320
62.4114 581760
62.4602 583200
62.4927 584640
62.5415 586080
62.5902 587520
62.6395 588960
62.6887 590400
62.738 591840
62.7872 593280
62.8369 594720
62.8866 596160
62.9512 597600
63.0152 599040
63.0793 600480
63.1434 601920
63.2074 603360
63.271 604800
63.3671 606240
63.4312 607680
63.5273 609120
63.6234 610560
63.7194 612000
63.8151 613440
63.9112 614880
64.0135 616320
64.1163 617760
64.219 619200
64.3223 620640
64.4825 622080
64.6742 623520
64.9304 624960
65.2823 626400
65.3867 499680
65.4905 501120
65.522 502560
65.5541 504000
65.5861 505440
65.6143 506880
65.6425 508320
65.6707 509760
65.6994 511200
65.7281 512640
65.7496 514080
65.7783 515520
65.7998 516960
65.8285 518400
65.8576 519840
65.8796 521280
65.9088 522720
65.9308 524160
65.96 525600
65.9891 527040
66.0188 528480
66.0408 529920
66.0704 531360
66.1 532800
66.1297 534240
66.1593 535680
66.1894 537120
66.2196 538560
66.2497 540000
66.2798 541440
66.3099 542880
66.34 544320
66.3706 545760
66.4012 547200
66.4318 548640
66.4624 550080
66.493 551520
66.5236 552960
66.5547 554400
66.5858 555840
66.6168 557280
66.6479 558720
66.679 560160
66.711 561600
66.7431 563040
66.7751 564480
66.8071 565920
66.8391 567360
66.8865 568800
66.918 570240
66.9658 571680
66.9983 573120
67.0462 574560
67.094 576000
67.1265 577440
67.1748 578880
67.223 580320
67.2713 581760
67.3201 583200
67.3689 584640
67.4176 586080
67.4664 587520
67.5156 588960
67.5649 590400
67.6141 591840
67.6634 593280
67.7131 594720
67.7628 596160
67.8125 597600
67.8761 599040
67.9402 600480
68.0042 601920
68.0683 603360
68.1323 604800
68.2284 606240
68.292 607680
68.3881 609120
68.4842 610560
68.5803 612000
68.6764 613440
68.772 614880
68.8743 616320
68.9771 617760
69.0799 619200
69.1832 620640
69.3433 622080
69.535 623520
69.7913 624960
70.1431 626400
70.2476 499680
70.3513 501120
70.3834 502560
70.4154 504000
70.4474 505440
70.4756 506880
70.5039 508320
70.5321 509760
70.5607 511200
70.5894 512640
70.6109 514080
70.6396 515520
70.6611 516960
70.6898 518400
70.719 519840
70.741 521280
70.7701 522720
70.7921 524160
70.8213 525600
70.8505 527040
70.8801 528480
70.9021 529920
70.9317 531360
70.9614 532800
70.991 534240
71.0207 535680
71.0508 537120
71.0809 538560
71.111 540000
71.1411 541440
71.1712 542880
71.2014 544320
71.232 545760
71.2626 547200
71.2932 548640
71.3238 550080
71.3544 551520
71.3849 552960
71.416 554400
71.4471 555840
71.4782 557280
71.5092 558720
71.5403 560160
71.5724 561600
71.6044 563040
71.6364 564480
71.6684 565920
71.7 567360
71.7473 568800
71.7794 570240
71.8272 571680
71.8592 573120
71.907 574560
71.9548 576000
71.9873 577440
72.0356 578880
72.0839 580320
72.1322 581760
72.1809 583200
72.2297 584640
72.2785 586080
72.3272 587520
72.3765 588960
72.4257 590400
72.475 591840
72.5242 593280
72.5739 594720
72.6236 596160
72.6734 597600
72.7374 599040
72.801 600480
72.8651 601920
72.9291 603360
72.9932 604800
73.0893 606240
73.1534 607680
73.2495 609120
73.3451 610560
73.4412 612000
73.5373 613440
73.6333 614880
73.7357 616320
73.8384 617760
73.9412 619200
74.0445 620640
74.2042 622080
74.3964 623520
74.6521 624960
75.0045 626400
75.1089 499680
75.2127 501120
75.2452 502560
75.2772 504000
75.3093 505440
75.3375 506880
75.3657 508320
75.3939 509760
75.4226 511200
75.4512 512640
75.4728 514080
75.5014 515520
75.523 516960
75.5516 518400
75.5736 519840
75.6028 521280
75.632 522720
75.6539 524160
75.6831 525600
75.7123 527040
75.7419 528480
75.7639 529920
75.7935 531360
75.8232 532800
75.8528 534240
75.8825 535680
75.9126 537120
75.9427 538560
75.9728 540000
76.0029 541440
76.0331 542880
76.0632 544320
76.0938 545760
76.1244 547200
76.155 548640
76.1856 550080
76.2162 551520
76.2468 552960
76.2778 554400
76.3089 555840
76.34 557280
76.3711 558720
76.4021 560160
76.4342 561600
76.4662 563040
76.4982 564480
76.5303 565920
76.5623 567360
76.6096 568800
76.6421 570240
76.6899 571680
76.7225 573120
76.7703 574560
76.8023 576000
76.8506 577440
76.8989 578880
76.9471 580320
76.9954 581760
77.0442 583200
77.0767 584640
77.1255 586080
77.1742 587520
77.2235 588960
77.2727 590400
77.322 591840
77.3712 593280
77.4209 594720
77.4706 596160
77.5352 597600
77.5992 599040
77.6633 600480
77.7274 601920
77.7914 603360
77.855 604800
77.9511 606240
78.0152 607680
78.1113 609120
78.2074 610560
78.3035 612000
78.3991 613440
78.4952 614880
78.5975 616320
78.7003 617760
78.803 619200
78.9063 620640
79.0665 622080
79.2582 623520
79.5144 624960
79.8663 626400
79.9708 499680
80.0745 501120
80.106 502560
80.1381 504000
80.1701 505440
80.1983 506880
80.2265 508320
80.2547 509760
80.2834 511200
80.3121 512640
80.3336 514080
80.3623 515520
80.3838 516960
80.4125 518400
80.4417 519840
80.4636 521280
80.4928 522720
80.5148 524160
80.544 525600
80.5731 527040
80.6028 528480
80.6248 529920
80.6544 531360
80.684 532800
80.7137 534240
80.7433 535680
80.7734 537120
80.8036 538560
80.8337 540000
80.8638 541440
80.8939 542880
80.924 544320
80.9546 545760
80.9852 547200
81.0158 548640
81.0464 550080
81.077 551520
81.1076 552960
81.1387 554400
81.1698 555840
81.2008 557280
81.2319 558720
81.263 560160
81.295 561600
81.3271 563040
81.3591 564480
81.3911 565920
81.4232 567360
81.4705 568800
81.502 570240
81.5498 571680
81.5824 573120
81.6302 574560
81.678 576000
81.7105 577440
81.7588 578880
81.807 580320
81.8553 581760
81.9041 583200
81.9529 584640
82.0016 586080
82.0504 587520
82.0996 588960
82.1489 590400
82.1981 591840
82.2474 593280
82.2971 594720
82.3468 596160
82.3965 597600
82.4601 599040
82.5242 600480
82.5882 601920
82.6523 603360
82.7164 604800
82.8124 606240
82.876 607680
82.9721 609120
83.0682 610560
83.1643 612000
83.2604 613440
83.356 614880
83.4583 616320
83.5611 617760
83.6639 619200
83.7672 620640
83.9273 622080
84.119 623520
84.3753 624960
84.7271 626400
84.8316 499680
84.9354 501120
84.9674 502560
84.9994 504000
85.0314 505440
85.0597 506880
85.0879 508320
85.1161 509760
85.1448 511200
85.1734 512640
85.1949 514080
85.2236 515520
85.2451 516960
85.2738 518400
85.303 519840
85.325 521280
85.3541 522720
85.3761 524160
85.4053 525600
85.4345 527040
85.4641 528480
85.4861 529920
85.5157 531360
85.5454 532800
85.575 534240
85.6047 535680
85.6348 537120
85.6649 538560
85.695 540000
85.7251 541440
85.7553 542880
85.7854 544320
85.816 545760
85.8466 547200
85.8772 548640
85.9078 550080
85.9384 551520
85.969 552960
86 554400
86.0311 555840
86.0622 557280
86.0933 558720
86.1243 560160
86.1564 561600
86.1884 563040
86.2204 564480
86.2525 565920
86.284 567360
86.3313 568800
86.3634 570240
86.4112 571680
86.4432 573120
86.491 574560
86.5388 576000
86.5713 577440
86.6196 578880
86.6679 580320
86.7162 581760
86.765 583200
86.8137 584640
86.8625 586080
86.9112 587520
86.9605 588960
87.0097 590400
87.059 591840
87.1082 593280
87.1579 594720
87.2077 596160
87.2574 597600
87.3214 599040
87.385 600480
87.4491 601920
87.5131 603360
87.5772 604800
87.6733 606240
87.7374 607680
87.8335 609120
87.9291 610560
88.0252 612000
88.1213 613440
88.2174 614880
88.3197 616320
88.4225 617760
88.5252 619200
88.6285 620640
88.7882 622080
88.9804 623520
89.2361 624960
89.588 626400
89.6925 499680
89.7962 501120
89.8282 502560
89.8603 504000
89.8923 505440
89.9205 506880
89.9487 508320
89.9769 509760
90.0056 511200
90.0343 512640
90.0558 514080
90.0845 515520
90.106 516960
90.1347 518400
90.1639 519840
90.1858 521280
90.215 522720
90.237 524160
90.2662 525600
90.2953 527040
90.325 528480
90.347 529920
90.3766 531360
90.4062 532800
90.4359 534240
90.4655 535680
90.4956 537120
90.5258 538560
90.5559 540000
90.586 541440
90.6161 542880
90.6462 544320
90.6768 545760
90.7074 547200
90.738 548640
90.7686 550080
90.7992 551520
90.8298 552960
90.8609 554400
90.892 555840
90.923 557280
90.9541 558720
90.9852 560160
91.0172 561600
91.0493 563040
91.0813 564480
91.1133 565920
91.1453 567360
91.1927 568800
91.2252 570240
91.273 571680
91.305 573120
91.3528 574560
91.3853 576000
91.4336 577440
91.4819 578880
91.5302 580320
91.5785 581760
91.6272 583200
91.676 584640
91.7248 586080
91.7735 587520
91.8228 588960
91.872 590400
91.9213 591840
91.9705 593280
92.0202 594720
92.0699 596160
92.1197 597600
92.1842 599040
92.2483 600480
92.3123 601920
92.3764 603360
92.4405 604800
92.5361 606240
92.6001 607680
92.6962 609120
92.7923 610560
92.8884 612000
92.984 613440
93.0801 614880
93.1824 616320
93.2852 617760
93.388 619200
93.4913 620640
93.6514 622080
93.8431 623520
94.0994 624960
94.4513 626400
94.5557 499680
94.6595 501120
94.691 502560
94.723 504000
94.7551 505440
94.7833 506880
94.8115 508320
94.8397 509760
94.8684 511200
94.8971 512640
94.9186 514080
94.9473 515520
94.9688 516960
94.9975 518400
95.0266 519840
95.0486 521280
95.0778 522720
95.0998 524160
95.1289 525600
95.1581 527040
95.1877 528480
95.2097 529920
95.2394 531360
95.269 532800
95.2986 534240
95.3283 535680
95.3584 537120
95.3885 538560
95.4186 540000
95.4488 541440
95.4789 542880
95.509 544320
95.5396 545760
95.5702 547200
95.6008 548640
95.6314 550080
95.662 551520
95.6926 552960
95.7237 554400
95.7547 555840
95.7858 557280
95.8169 558720
95.848 560160
95.8805 561600
95.912 563040
95.9441 564480
95.9761 565920
96.0081 567360
96.0554 568800
96.0875 570240
96.1353 571680
96.1673 573120
96.2151 574560
96.2629 576000
96.2954 577440
96.3437 578880
96.392 580320
96.4403 581760
96.4891 583200
96.5378 584640
96.5866 586080
96.6354 587520
96.6846 588960
96.7338 590400
96.7831 591840
96.8323 593280
96.882 594720
96.9318 596160
96.9815 597600
97.0451 599040
97.1091 600480
97.1732 601920
97.2373 603360
97.3013 604800
97.3974 606240
97.4615 607680
97.5571 609120
97.6532 610560
97.7493 612000
97.8454 613440
97.9415 614880
98.0438 616320
98.1466 617760
98.2493 619200
98.3526 620640
98.5132 622080
98.7054 623520
98.9612 624960
99.3131 626400
99.4175 499680
99.5213 501120
99.5533 502560
99.5853 504000
99.6174 505440
99.6456 506880
99.6738 508320
99.702 509760
99.7307 511200
99.7594 512640
99.7809 514080
99.8096 515520
99.8311 516960
99.8598 518400
99.8889 519840
99.9109 521280
99.9401 522720
99.9621 524160
99.9912 525600
100.02 527040
100.05 528480
100.072 529920
