0.0 0
0.220019 1440
0.220019 1440
0.44028 2880
0.660779 4320
0.881278 5760
1.08152 7200
1.10178 8640
1.30178 10080
1.32204 11520
1.32252 12960
1.52228 14400
1.5423 15840
1.54278 17280
1.54325 18720
1.74254 20160
1.74301 21600
1.7628 23040
1.76327 24480
1.76375 25920
1.76423 27360
1.9628 28800
1.96327 30240
1.96375 31680
1.98306 33120
1.98353 34560
1.98401 36000
1.98449 37440
1.98497 38880
1.98545 40320
2.18306 41760
2.18353 43200
2.18401 44640
2.18449 46080
2.18497 47520
2.20356 48960
2.20403 50400
2.20451 51840
2.20499 53280
2.20547 54720
2.20595 56160
2.20642 57600
2.2069 59040
2.20738 60480
2.40356 61920
2.40403 63360
2.40451 64800
2.40499 66240
2.40547 67680
2.40595 69120
2.40642 70560
2.42382 72000
2.42429 73440
2.42477 74880
2.42525 76320
2.42573 77760
2.42621 79200
2.42668 80640
2.42716 82080
2.42764 83520
2.42812 84960
2.4286 86400
2.42907 87840
2.42955 89280
2.43003 90720
2.62405 92160
2.62453 93600
2.62501 95040
2.62549 96480
2.62597 97920
2.62645 99360
2.62692 100800
2.6274 102240
2.62788 103680
2.62836 105120
2.64408 106560
2.64455 108000
2.64503 109440
2.64551 110880
2.64599 112320
2.64647 113760
2.64694 115200
2.64742 116640
2.6479 118080
2.64838 119520
2.64886 120960
2.64933 122400
2.64981 123840
2.65029 125280
2.65077 126720
2.65125 128160
2.65173 129600
2.6522 131040
2.65268 132480
2.65316 133920
2.65364 135360
2.84431 136800
2.84479 138240
2.84527 139680
2.84575 141120
2.84623 142560
2.84671 144000
2.84718 145440
2.84766 146880
2.84814 148320
2.84862 149760
2.8491 151200
2.84957 152640
2.85005 154080
2.85053 155520
2.85101 156960
2.86434 158400
2.86481 159840
2.86529 161280
2.86577 162720
2.86625 164160
2.86673 165600
2.8672 167040
2.86768 168480
2.86816 169920
2.86864 171360
2.86912 172800
2.86959 174240
2.87007 175680
2.87055 177120
2.87103 178560
2.87151 180000
2.87199 181440
2.87246 182880
2.87294 184320
2.87342 185760
2.8739 187200
2.87438 188640
2.87485 190080
2.87533 191520
2.87581 192960
2.87629 194400
2.87677 195840
2.87724 197280
2.87772 198720
2.8782 200160
2.87868 201600
2.87916 203040
3.06481 204480
3.06529 205920
3.06577 207360
3.06625 208800
3.06673 210240
3.0672 211680
3.06768 213120
3.06816 214560
3.06864 216000
3.06912 217440
3.06959 218880
3.07007 220320
3.07055 221760
3.07103 223200
3.07151 224640
3.07199 226080
3.07246 227520
3.07294 228960
3.07342 230400
3.0739 231840
3.07438 233280
3.07485 234720
3.0846 236160
3.08507 237600
3.08555 239040
3.08603 240480
3.08651 241920
3.08699 243360
3.08746 244800
3.08794 246240
3.08842 247680
3.0889 249120
3.08938 250560
3.08985 252000
3.09033 253440
3.09081 254880
3.09129 256320
3.09177 257760
3.09225 259200
3.09272 260640
3.0932 262080
3.09368 263520
3.09416 264960
3.09464 266400
3.09511 267840
3.09559 269280
3.09607 270720
3.09655 272160
3.09703 273600
3.0975 275040
3.09798 276480
3.09846 277920
3.09894 279360
3.09942 280800
3.09989 282240
3.10037 283680
3.10085 285120
3.10133 286560
3.10181 288000
3.10228 289440
3.10276 290880
3.10324 292320
3.10372 293760
3.1042 295200
3.10468 296640
3.10515 298080
3.10563 299520
3.10611 300960
3.10659 302400
3.10707 303840
3.28507 305280
3.28555 306720
3.28603 308160
3.28651 309600
3.28699 311040
3.28746 312480
3.28794 313920
3.28842 315360
3.2889 316800
3.28938 318240
3.28985 319680
3.29033 321120
3.29081 322560
3.29129 324000
3.29177 325440
3.29225 326880
3.29272 328320
3.2932 329760
3.29368 331200
3.29416 332640
3.29464 334080
3.29511 335520
3.29559 336960
3.29607 338400
3.29655 339840
3.29703 341280
3.2975 342720
3.29798 344160
3.29846 345600
3.29894 347040
3.29942 348480
3.29989 349920
3.30037 351360
3.30486 352800
3.30533 354240
3.30581 355680
3.30629 357120
3.30677 358560
3.30725 360000
3.30772 361440
3.3082 362880
3.30868 364320
3.30916 365760
3.30964 367200
3.31011 368640
3.31059 370080
3.31107 371520
3.31155 372960
3.31203 374400
3.31251 375840
3.31298 377280
3.31346 378720
3.31394 380160
3.31442 381600
3.3149 383040
3.31537 384480
3.31585 385920
3.31633 387360
3.31681 388800
3.31729 390240
3.31776 391680
3.31824 393120
3.31872 394560
3.3192 396000
3.31968 397440
3.32015 398880
3.32063 400320
3.32111 401760
3.32159 403200
3.32207 404640
3.32254 406080
3.32302 407520
3.3235 408960
3.32398 410400
3.32446 411840
3.32494 413280
3.32541 414720
3.32589 416160
3.32637 417600
3.32685 419040
3.32733 420480
3.3278 421920
3.32828 423360
3.32876 424800
3.32924 426240
3.32972 427680
3.33019 429120
3.33067 430560
3.33115 432000
3.33163 433440
3.33211 434880
3.33258 436320
3.33306 437760
3.33354 439200
3.33402 440640
3.3345 442080
3.33497 443520
3.33545 444960
3.33593 446400
3.33641 447840
3.33689 449280
3.33737 450720
3.33784 452160
3.33832 453600
3.3388 455040
3.50533 456480
3.50581 457920
3.50629 459360
3.50677 460800
3.50725 462240
3.50772 463680
3.5082 465120
3.50868 466560
3.50916 468000
3.50964 469440
3.51011 470880
3.51059 472320
3.51107 473760
3.51155 475200
3.51203 476640
3.51251 478080
3.51298 479520
3.51346 480960
3.51394 482400
3.51442 483840
3.5149 485280
3.51537 486720
3.51585 488160
3.51633 489600
3.51681 491040
3.51729 492480
3.51776 493920
3.51824 495360
3.51872 496800
3.5192 498240
3.51968 499680
3.52015 501120
3.52063 502560
3.52111 504000
3.52159 505440
3.52207 506880
3.52254 508320
3.52302 509760
3.5235 511200
3.52398 512640
3.52446 514080
3.52494 515520
3.52541 516960
3.52589 518400
3.52637 519840
3.52685 521280
3.52733 522720
3.5278 524160
3.52828 525600
3.52876 527040
3.52924 528480
3.52972 529920
3.53019 531360
3.53067 532800
3.53115 534240
3.53163 535680
3.53211 537120
3.53258 538560
3.53306 540000
3.53354 541440
3.53402 542880
3.5345 544320
3.53497 545760
3.53545 547200
3.53593 548640
3.53641 550080
3.53689 551520
3.53737 552960
3.53784 554400
3.53832 555840
3.5388 557280
3.53928 558720
3.53976 560160
3.54023 561600
3.54071 563040
3.54119 564480
3.54167 565920
3.54215 567360
3.54262 568800
3.5431 570240
3.54358 571680
3.54406 573120
3.54454 574560
3.54501 576000
3.54549 577440
3.54597 578880
3.54645 580320
3.54693 581760
3.5474 583200
3.54788 584640
3.54836 586080
3.54884 587520
3.54932 588960
3.5498 590400
3.55027 591840
3.55075 593280
3.55123 594720
3.55171 596160
3.55219 597600
3.55266 599040
3.55314 600480
3.55362 601920
3.5541 603360
3.55458 604800
3.55505 606240
3.55553 607680
3.55601 609120
3.55649 610560
3.55697 612000
3.55744 613440
3.55792 614880
3.5584 616320
3.55888 617760
3.55936 619200
3.55983 620640
3.56031 622080
3.56079 623520
3.56127 624960
3.56175 626400
3.56223 627840
3.5627 629280
3.56318 630720
3.56366 632160
3.56414 633600
3.56462 635040
3.56509 636480
3.56557 637920
3.56605 639360
3.56653 640800
3.56701 642240
3.56748 643680
3.56796 645120
3.56844 646560
3.56892 648000
3.5694 649440
3.56987 650880
3.57035 652320
3.57083 653760
3.57131 655200
3.57179 656640
3.57226 658080
3.57274 659520
3.57322 660960
3.5737 662400
3.57418 663840
3.57466 665280
3.57513 666720
3.57561 668160
3.57609 669600
3.57657 671040
3.57705 672480
3.57752 673920
3.578 675360
3.57848 676800
3.57896 678240
3.57944 679680
3.57991 681120
3.58039 682560
3.72583 684000
3.72631 685440
3.72679 686880
3.72727 688320
3.72775 689760
3.72822 691200
3.7287 692640
3.72918 694080
3.72966 695520
3.73014 696960
3.73061 698400
3.73109 699840
3.73157 701280
3.73205 702720
3.73253 704160
3.733 705600
3.73348 707040
3.73396 708480
3.73444 709920
3.73492 711360
3.73539 712800
3.73587 714240
3.73635 715680
3.73683 717120
3.73731 718560
3.73779 720000
3.73826 721440
3.73874 722880
3.73922 724320
3.7397 725760
3.74018 727200
3.74065 728640
3.74113 730080
3.74161 731520
3.74209 732960
3.74257 734400
3.74304 735840
3.74352 737280
3.744 738720
3.74448 740160
3.74496 741600
3.74543 743040
3.74591 744480
3.74639 745920
3.74687 747360
3.74735 748800
3.74782 750240
3.7483 751680
3.74878 753120
3.74926 754560
3.74974 756000
3.75022 757440
3.75069 758880
3.75117 760320
3.75165 761760
3.75213 763200
3.75261 764640
3.75308 766080
3.75356 767520
3.75404 768960
3.75452 770400
3.755 771840
3.75547 773280
3.75595 774720
3.75643 776160
3.75691 777600
3.75739 779040
3.75786 780480
3.75834 781920
3.75882 783360
3.7593 784800
3.75978 786240
3.76025 787680
3.76073 789120
3.76121 790560
3.76169 792000
3.76217 793440
3.76265 794880
3.76312 796320
3.7636 797760
3.76408 799200
3.76456 800640
3.76504 802080
3.76551 803520
3.76599 804960
3.76647 806400
3.76695 807840
3.76743 809280
3.7679 810720
3.76838 812160
3.76886 813600
3.76934 815040
3.76982 816480
3.77029 817920
3.77077 819360
3.77125 820800
3.77173 822240
3.77221 823680
3.77268 825120
3.77316 826560
3.77364 828000
3.77412 829440
3.7746 830880
3.77508 832320
3.77555 833760
3.77603 835200
3.77651 836640
3.77699 838080
3.77747 839520
3.77794 840960
3.77842 842400
3.7789 843840
3.77938 845280
3.77986 846720
3.78033 848160
3.78081 849600
3.78129 851040
3.78177 852480
3.78225 853920
3.78272 855360
3.7832 856800
3.78368 858240
3.78416 859680
3.78464 861120
3.78511 862560
3.78559 864000
3.78607 865440
3.78655 866880
3.78703 868320
3.78751 869760
3.78798 871200
3.78846 872640
3.78894 874080
3.78942 875520
3.7899 876960
3.79037 878400
3.79085 879840
3.79133 881280
3.79181 882720
3.79229 884160
3.79276 885600
3.79324 887040
3.79372 888480
3.7942 889920
3.79468 891360
3.79515 892800
3.79563 894240
3.79611 895680
3.79659 897120
3.79707 898560
3.79754 900000
3.79802 901440
3.7985 902880
3.79898 904320
3.79946 905760
3.79994 907200
3.80041 908640
3.80089 910080
3.80137 911520
3.80185 912960
3.80233 914400
3.8028 915840
3.80328 917280
3.80376 918720
3.80424 920160
3.80496 920160
3.80496 735840
4.41459 737280
4.42415 738720
4.43467 740160
4.44519 741600
4.45666 743040
4.46813 744480
4.4808 745920
4.49371 747360
4.50614 748800
4.52001 750240
4.6076 751680
4.62672 753120
4.63724 754560
4.64776 756000
4.65923 757440
4.67071 758880
4.68362 760320
4.69652 761760
4.71182 763200
4.73023 764640
4.74887 766080
4.84244 767520
4.85392 768960
4.86491 770400
4.87591 771840
4.88786 773280
4.89981 774720
4.91272 776160
4.92563 777600
4.94355 779040
4.96244 780480
5.05147 781920
5.0694 783360
5.08135 784800
5.0933 786240
5.10525 787680
5.11864 789120
5.13202 790560
5.14684 792000
5.16262 793440
5.18365 794880
5.27555 796320
5.293 797760
5.30543 799200
5.31882 800640
5.3322 802080
5.34703 803520
5.36232 804960
5.37906 806400
5.39866 807840
5.48936 809280
5.51087 810720
5.52617 812160
5.54147 813600
5.55677 815040
5.57398 816480
5.59119 817920
5.61079 819360
5.63278 820800
5.73185 822240
5.74715 823680
5.76245 825120
5.77966 826560
5.79687 828000
5.81695 829440
5.83703 830880
5.93012 832320
5.9533 833760
5.97099 835200
5.98868 836640
6.00876 838080
6.02884 839520
6.04892 840960
6.07235 842400
6.17237 843840
6.19006 845280
6.21014 846720
6.23069 848160
6.2546 849600
6.2785 851040
6.37064 852480
6.39837 853920
6.41892 855360
6.44283 856800
6.46673 858240
6.49064 859680
6.5909 861120
6.61839 862560
6.64229 864000
6.66667 865440
6.69584 866880
6.725 868320
6.81881 869760
6.84797 871200
6.87713 872640
6.9063 874080
6.93546 875520
7.03142 876960
7.06321 878400
7.09285 879840
7.12536 881280
7.16217 882720
7.26411 884160
7.29733 885600
7.33415 887040
7.37144 888480
7.47218 889920
7.51544 891360
7.55273 892800
7.60245 894240
7.71252 895680
7.76224 897120
7.81196 898560
7.93421 900000
7.98441 901440
8.03461 902880
8.15614 904320
8.22021 905760
8.35346 907200
8.43473 908640
8.57372 910080
8.65523 911520
8.79541 912960
8.89103 914400
9.07806 915840
9.29928 917280
9.52025 918720
9.74147 920160
12.3824 921600
12.7594 923040
12.9804 924480
13.2016 925920
13.4225 927360
13.6409 928800
13.7372 930240
13.881 931680
13.9584 933120
14.1024 934560
14.1804 936000
14.3024 937440
14.3841 938880
14.4482 940320
14.5652 941760
14.6178 943200
14.6704 944640
14.7754 946080
14.828 947520
14.8806 948960
14.984 950400
15.0236 951840
15.0633 953280
15.103 954720
15.2057 956160
15.2382 957600
15.2783 959040
15.3185 960480
15.4089 961920
15.4446 963360
15.4771 964800
15.5096 966240
15.5497 967680
15.6345 969120
15.666 970560
15.6985 972000
15.731 973440
15.7635 974880
15.8473 976320
15.8791 977760
15.9111 979200
15.9432 980640
15.9752 982080
16.0072 983520
16.0891 984960
16.1125 986400
16.1402 987840
16.168 989280
16.1957 990720
16.2234 992160
16.2996 993600
16.3256 995040
16.3495 996480
16.3734 997920
16.3973 999360
16.4212 1000800
16.4451 1002240
16.5167 1003680
16.5404 1005120
16.5614 1006560
16.5824 1008000
16.6068 1009440
16.6312 1010880
16.6556 1012320
16.7262 1013760
16.7477 1015200
16.7668 1016640
16.7884 1018080
16.8099 1019520
16.8314 1020960
16.8529 1022400
16.8744 1023840
16.8959 1025280
16.9651 1026720
16.9826 1028160
17.0017 1029600
17.0208 1031040
17.0399 1032480
17.0591 1033920
17.0782 1035360
17.0997 1036800
17.167 1038240
17.1866 1039680
17.2043 1041120
17.2219 1042560
17.2396 1044000
17.2573 1045440
17.275 1046880
17.2946 1048320
17.3142 1049760
17.3338 1051200
17.3951 1052640
17.413 1054080
17.4293 1055520
17.4456 1056960
17.4618 1058400
17.4795 1059840
17.4972 1061280
17.5149 1062720
17.5326 1064160
17.5503 1065600
17.6084 1067040
17.6237 1068480
17.6395 1069920
17.6543 1071360
17.6706 1072800
17.6868 1074240
17.7031 1075680
17.7194 1077120
17.7361 1078560
17.7528 1080000
17.7696 1081440
17.8285 1082880
17.8423 1084320
17.8571 1085760
17.8724 1087200
17.8877 1088640
17.903 1090080
17.9183 1091520
17.9336 1092960
17.9489 1094400
17.9642 1095840
17.981 1097280
17.9977 1098720
18.0511 1100160
18.0645 1101600
18.0793 1103040
18.0937 1104480
18.108 1105920
18.1223 1107360
18.1367 1108800
18.151 1110240
18.1654 1111680
18.1812 1113120
18.1969 1114560
18.2127 1116000
18.2285 1117440
18.2785 1118880
18.291 1120320
18.3044 1121760
18.3177 1123200
18.3311 1124640
18.3445 1126080
18.3579 1127520
18.3713 1128960
18.3861 1130400
18.4009 1131840
18.4158 1133280
18.4306 1134720
18.4454 1136160
18.4924 1137600
18.5053 1139040
18.5182 1140480
18.5311 1141920
18.544 1143360
18.5569 1144800
18.5698 1146240
18.5827 1147680
18.5956 1149120
18.6095 1150560
18.6233 1152000
18.6372 1153440
18.6511 1154880
18.6649 1156320
18.7097 1157760
18.7222 1159200
18.7346 1160640
18.747 1162080
18.7595 1163520
18.7719 1164960
18.7843 1166400
18.7968 1167840
18.8092 1169280
18.8216 1170720
18.834 1172160
18.8474 1173600
18.8608 1175040
18.8742 1176480
18.8876 1177920
18.901 1179360
18.9405 1180800
18.9525 1182240
18.9644 1183680
18.9764 1185120
18.9883 1186560
19.0003 1188000
19.0122 1189440
19.0242 1190880
19.0361 1192320
19.0481 1193760
19.06 1195200
19.072 1196640
19.0844 1198080
19.0973 1199520
19.1102 1200960
19.1231 1202400
19.1584 1203840
19.1699 1205280
19.1813 1206720
19.1928 1208160
19.2043 1209600
19.2158 1211040
19.2272 1212480
19.2387 1213920
19.2502 1215360
19.2617 1216800
19.2731 1218240
19.2851 1219680
19.297 1221120
19.309 1222560
19.3209 1224000
19.3334 1225440
19.3458 1226880
19.3782 1228320
19.3892 1229760
19.4002 1231200
19.4112 1232640
19.4222 1234080
19.4332 1235520
19.4441 1236960
19.4551 1238400
19.4661 1239840
19.4771 1241280
19.4881 1242720
19.4991 1244160
19.5111 1245600
19.523 1247040
19.534 1248480
19.546 1249920
19.557 1251360
19.5689 1252800
19.5968 1254240
19.6073 1255680
19.6178 1257120
19.6283 1258560
19.6388 1260000
19.6493 1261440
19.6599 1262880
19.6704 1264320
19.6819 1265760
19.6924 1267200
19.7034 1268640
19.7148 1270080
19.7258 1271520
19.7368 1272960
19.7478 1274400
19.7588 1275840
19.7698 1277280
19.7808 1278720
19.7918 1280160
19.8153 1281600
19.8259 1283040
19.8364 1284480
19.8469 1285920
19.8574 1287360
19.8679 1288800
19.8785 1290240
19.889 1291680
19.8995 1293120
19.91 1294560
19.9205 1296000
19.931 1297440
19.9416 1298880
19.9521 1300320
19.9626 1301760
19.9731 1303200
19.9836 1304640
19.9941 1306080
20.0047 1307520
20.0152 1308960
20.0337 1310400
20.0437 1311840
20.0538 1313280
20.0638 1314720
20.0739 1316160
20.0839 1317600
20.0939 1319040
20.1044 1320480
20.1145 1321920
20.1245 1323360
20.1346 1324800
20.1446 1326240
20.1546 1327680
20.1647 1329120
20.1747 1330560
20.1852 1332000
20.1958 1333440
20.2063 1334880
20.2168 1336320
20.2273 1337760
20.2378 1339200
20.2484 1340640
20.2621 1342080
20.2726 1343520
20.2826 1344960
20.2927 1346400
20.3027 1347840
20.3128 1349280
20.3228 1350720
20.3328 1352160
20.3429 1353600
20.3529 1355040
20.363 1356480
20.373 1357920
20.383 1359360
20.3931 1360800
20.4031 1362240
20.4132 1363680
20.4232 1365120
20.4332 1366560
20.4433 1368000
20.4533 1369440
20.4634 1370880
20.4734 1372320
20.483 1373760
20.4925 1375200
20.5021 1376640
20.5116 1378080
20.5212 1379520
20.5308 1380960
20.5403 1382400
20.5504 1383840
20.5604 1385280
20.5704 1386720
20.5805 1388160
20.5905 1389600
20.6006 1391040
20.6106 1392480
20.6202 1393920
20.6297 1395360
20.6393 1396800
20.6488 1398240
20.6584 1399680
20.668 1401120
20.6775 1402560
20.6871 1404000
20.6967 1405440
20.7062 1406880
20.7158 1408320
20.7253 1409760
20.7349 1411200
20.7445 1412640
20.754 1414080
20.7631 1415520
20.7722 1416960
20.7813 1418400
20.7904 1419840
20.7994 1421280
20.8085 1422720
20.8181 1424160
20.8276 1425600
20.8372 1427040
20.8468 1428480
20.8563 1429920
20.8659 1431360
20.875 1432800
20.8841 1434240
20.8931 1435680
20.9022 1437120
20.9113 1438560
20.9204 1440000
20.9295 1441440
20.9386 1442880
20.9476 1444320
20.9567 1445760
20.9658 1447200
20.9749 1448640
20.984 1450080
20.9931 1451520
21.0021 1452960
21.0112 1454400
21.0203 1455840
21.0294 1457280
21.0385 1458720
21.0476 1460160
21.0566 1461600
21.0657 1463040
21.0748 1464480
21.0839 1465920
21.093 1467360
21.1016 1468800
21.1102 1470240
21.1188 1471680
21.1274 1473120
21.136 1474560
21.1446 1476000
21.1532 1477440
21.1618 1478880
21.1704 1480320
21.179 1481760
21.1876 1483200
21.1962 1484640
21.2049 1486080
21.2135 1487520
21.2221 1488960
21.2307 1490400
21.2393 1491840
21.2479 1493280
21.2565 1494720
21.2651 1496160
21.2737 1497600
21.2823 1499040
21.2909 1500480
21.2995 1501920
21.3081 1503360
21.3167 1504800
21.3253 1506240
21.3339 1507680
21.3421 1509120
21.3502 1510560
21.3583 1512000
21.3664 1513440
21.3746 1514880
21.3827 1516320
21.3908 1517760
21.3994 1519200
21.408 1520640
21.4166 1522080
21.4252 1523520
21.4339 1524960
21.4425 1526400
21.4506 1527840
21.4523 1527840
21.4523 1221120
22.6985 1221120
22.6985 1440
22.7446 2880
22.9648 4320
23.1851 5760
23.4054 7200
23.6256 8640
23.8459 10080
24.0662 11520
24.2864 12960
24.2867 14400
24.2869 15840
24.2871 17280
24.2874 18720
24.2876 20160
24.2879 21600
24.2881 23040
24.5067 24480
24.5072 25920
24.5074 27360
24.5076 28800
24.5079 30240
24.5081 31680
24.5084 33120
24.5086 34560
24.5088 36000
24.5091 37440
24.5093 38880
24.5096 40320
24.5098 41760
24.51 43200
24.5103 44640
24.727 46080
24.7272 47520
24.7274 48960
24.7277 50400
24.7279 51840
24.7281 53280
24.7284 54720
24.7286 56160
24.7289 57600
24.7291 59040
24.7293 60480
24.7296 61920
24.7298 63360
24.7301 64800
24.7303 66240
24.7305 67680
24.7308 69120
24.731 70560
24.7313 72000
24.7315 73440
24.7317 74880
24.732 76320
24.7324 77760
24.7327 79200
24.7329 80640
24.7332 82080
24.7334 83520
24.7336 84960
24.7339 86400
24.7341 87840
24.9472 89280
24.9475 90720
24.9477 92160
24.9479 93600
24.9482 95040
24.9484 96480
24.9486 97920
24.9489 99360
24.9491 100800
24.9494 102240
24.9496 103680
24.9498 105120
24.9501 106560
24.9503 108000
24.9506 109440
24.9508 110880
24.951 112320
24.9513 113760
24.9515 115200
24.9518 116640
24.952 118080
24.9522 119520
24.9525 120960
24.9527 122400
24.953 123840
24.9532 125280
24.9534 126720
24.9537 128160
24.9541 129600
24.9544 131040
24.9546 132480
24.9549 133920
24.9551 135360
24.9553 136800
24.9556 138240
24.9558 139680
24.9561 141120
24.9563 142560
24.9565 144000
24.9568 145440
24.957 146880
24.9573 148320
24.9575 149760
24.9577 151200
24.958 152640
24.9582 154080
24.9584 155520
24.9587 156960
24.9589 158400
24.9592 159840
24.9594 161280
24.9596 162720
24.9599 164160
24.9601 165600
24.9604 167040
24.9606 168480
24.9608 169920
24.9611 171360
24.9613 172800
24.9616 174240
25.1675 175680
25.1677 177120
25.168 178560
25.1682 180000
25.1687 181440
25.1689 182880
25.1694 184320
25.1696 185760
25.1699 187200
25.1701 188640
25.1703 190080
25.1706 191520
25.1708 192960
25.1711 194400
25.1713 195840
25.1715 197280
25.1718 198720
25.172 200160
25.1723 201600
25.1725 203040
25.1727 204480
25.173 205920
25.1735 207360
25.1737 208800
25.1739 210240
25.1742 211680
25.1744 213120
25.1746 214560
25.1749 216000
25.1828 217440
25.183 218880
25.1833 220320
25.1835 221760
25.1837 223200
25.1921 224640
25.1923 226080
25.1926 227520
25.3923 228960
25.3925 230400
25.3928 231840
25.4011 233280
25.4014 234720
25.4016 236160
25.41 237600
25.4102 239040
25.4105 240480
25.4188 241920
25.4191 243360
25.4193 244800
25.4277 246240
25.4279 247680
25.4281 249120
25.619 250560
25.6192 252000
25.6195 253440
25.6278 254880
25.6357 256320
25.636 257760
25.6362 259200
25.6436 260640
25.6439 262080
25.6441 263520
25.6443 264960
25.6446 266400
25.6522 267840
25.6525 269280
25.6527 270720
25.6529 272160
26.6529 272160
26.6529 1440
26.8732 2880
27.0935 4320
27.0937 5760
27.3142 7200
27.5366 8640
27.5371 10080
27.7373 11520
27.7571 12960
27.7576 14400
27.7581 15840
27.9578 17280
27.9776 18720
27.9781 20160
27.9786 21600
27.9791 23040
28.1781 24480
28.1786 25920
28.1981 27360
28.1986 28800
28.1991 30240
28.1996 31680
28.2 33120
28.2005 34560
28.3986 36000
28.3991 37440
28.3996 38880
28.4186 40320
28.4191 41760
28.4196 43200
28.4201 44640
28.4205 46080
28.421 47520
28.4215 48960
28.422 50400
28.4224 51840
28.6191 53280
28.6196 54720
28.6201 56160
28.6205 57600
28.6389 59040
28.6394 60480
28.6398 61920
28.6403 63360
28.6408 64800
28.6413 66240
28.6417 67680
28.6422 69120
28.6427 70560
28.6432 72000
28.6437 73440
28.6441 74880
28.6446 76320
28.6451 77760
28.8396 79200
28.8401 80640
28.8406 82080
28.841 83520
28.8415 84960
28.842 86400
28.8594 87840
28.8599 89280
28.8603 90720
28.8608 92160
28.8613 93600
28.8618 95040
28.8622 96480
28.8627 97920
28.8632 99360
28.8637 100800
28.8642 102240
28.8646 103680
28.8651 105120
28.8656 106560
28.8661 108000
28.8665 109440
28.867 110880
28.8675 112320
28.868 113760
28.8685 115200
28.8689 116640
29.0601 118080
29.0606 119520
29.061 120960
29.0615 122400
29.062 123840
29.0625 125280
29.063 126720
29.0634 128160
29.0639 129600
29.0799 131040
29.0804 132480
29.0808 133920
29.0813 135360
29.0818 136800
29.0823 138240
29.0827 139680
29.0832 141120
29.0837 142560
29.0842 144000
29.0847 145440
29.0851 146880
29.0856 148320
29.0861 149760
29.0866 151200
29.087 152640
29.0875 154080
29.088 155520
29.0885 156960
29.089 158400
29.0894 159840
29.0899 161280
29.0904 162720
29.0909 164160
29.0913 165600
29.0918 167040
29.0923 168480
29.0928 169920
29.0933 171360
29.0937 172800
29.0942 174240
29.2804 175680
29.2808 177120
29.2813 178560
29.2818 180000
29.2823 181440
29.2827 182880
29.2832 184320
29.2837 185760
29.2842 187200
29.2847 188640
29.2851 190080
29.2856 191520
29.2861 192960
29.2866 194400
29.3004 195840
29.3009 197280
29.3013 198720
29.3018 200160
29.3023 201600
29.3028 203040
29.3032 204480
29.3037 205920
29.3042 207360
29.3047 208800
29.3052 210240
29.3056 211680
29.3061 213120
29.3066 214560
29.3071 216000
29.3075 217440
29.3123 218880
29.32 220320
29.503 221760
29.5087 223200
29.5249 224640
29.5316 226080
29.5393 227520
29.7209 228960
29.7276 230400
29.7452 231840
29.7533 233280
29.7634 234720
29.9433 236160
29.9514 237600
29.9705 239040
29.9805 240480
30.1616 241920
30.1698 243360
30.1888 244800
30.2027 246240
30.3833 247680
30.4019 249120
30.4158 250560
30.6022 252000
30.6243 253440
30.6458 254880
30.8313 256320
30.8532 257760
31.0429 259200
31.0723 260640
31.2632 262080
31.2923 263520
31.4844 264960
31.5161 266400
31.7085 267840
31.9297 269280
32.1507 270720
32.3719 272160
35.0081 273600
35.4488 275040
35.6698 276480
35.891 277920
36.112 279360
36.3303 280800
36.3621 282240
36.5556 283680
36.5881 285120
36.7737 286560
36.8016 288000
36.9918 289440
37.0081 290880
37.0362 292320
37.2176 293760
37.2376 295200
37.2625 296640
37.4436 298080
37.4634 299520
37.4801 300960
37.6584 302400
37.6741 303840
37.687 305280
37.7042 306720
37.8805 308160
37.8911 309600
37.9065 311040
37.9242 312480
38.0989 313920
38.108 315360
38.1206 316800
38.134 318240
38.3139 319680
38.3215 321120
38.3306 322560
38.3413 324000
38.3523 325440
38.3662 326880
38.5394 328320
38.5475 329760
38.5566 331200
38.5661 332640
38.5776 334080
38.7544 335520
38.7606 336960
38.7678 338400
38.7763 339840
38.7845 341280
38.794 342720
38.8055 344160
38.9759 345600
38.9826 347040
38.9902 348480
38.9979 349920
39.0065 351360
39.0165 352800
39.0265 354240
39.1956 355680
39.2019 357120
39.2086 358560
39.2162 360000
39.2238 361440
39.2325 362880
39.243 364320
39.2535 365760
39.4209 367200
39.4267 368640
39.4329 370080
39.44 371520
39.4482 372960
39.4563 374400
39.4654 375840
39.4759 377280
39.6409 378720
39.6462 380160
39.6524 381600
39.6591 383040
39.6658 384480
39.673 385920
39.6811 387360
39.6892 388800
39.8567 390240
39.8619 391680
39.8672 393120
39.8729 394560
39.8791 396000
39.8853 397440
39.892 398880
39.8997 400320
39.9083 401760
39.9169 403200
40.0776 404640
40.0829 406080
40.0882 407520
40.0934 408960
40.0992 410400
40.1054 411840
40.1125 413280
40.1197 414720
40.1278 416160
40.136 417600
40.2977 419040
40.3024 420480
40.3072 421920
40.3125 423360
40.3182 424800
40.3244 426240
40.3306 427680
40.3373 429120
40.344 430560
40.3512 432000
40.3593 433440
40.5182 434880
40.5229 436320
40.5277 437760
40.533 439200
40.5382 440640
40.5435 442080
40.5492 443520
40.5554 444960
40.5617 446400
40.5688 447840
40.5765 449280
40.5841 450720
40.7384 452160
40.7432 453600
40.748 455040
40.7528 456480
40.758 457920
40.7633 459360
40.769 460800
40.7752 462240
40.7814 463680
40.7881 465120
40.7953 466560
40.8025 468000
40.8106 469440
40.9606 470880
40.9654 472320
40.9702 473760
40.9749 475200
40.9802 476640
40.9855 478080
40.9912 479520
40.9969 480960
41.0027 482400
41.0089 483840
41.016 485280
41.0232 486720
41.0309 488160
41.1792 489600
41.1835 491040
41.1878 492480
41.1926 493920
41.1973 495360
41.2026 496800
41.2079 498240
41.2131 499680
41.2189 501120
41.2251 502560
41.2313 504000
41.238 505440
41.2447 506880
41.2518 508320
41.259 509760
41.4028 511200
41.4071 512640
41.4114 514080
41.4162 515520
41.421 516960
41.4257 518400
41.431 519840
41.4367 521280
41.4425 522720
41.4487 524160
41.4549 525600
41.4616 527040
41.4683 528480
41.4755 529920
41.4826 531360
41.6228 532800
41.6271 534240
41.6314 535680
41.6362 537120
41.641 538560
41.6458 540000
41.6505 541440
41.6558 542880
41.6615 544320
41.6673 545760
41.673 547200
41.6787 548640
41.685 550080
41.6912 551520
41.6979 552960
41.7046 554400
41.8412 555840
41.8455 557280
41.8498 558720
41.8541 560160
41.8588 561600
41.8636 563040
41.8684 564480
41.8737 565920
41.8789 567360
41.8842 568800
41.8899 570240
41.8957 571680
41.9019 573120
41.9081 574560
41.9148 576000
41.9215 577440
41.9286 578880
42.0614 580320
42.0657 581760
42.07 583200
42.0743 584640
42.0791 586080
42.0839 587520
42.0887 588960
42.0934 590400
42.0987 591840
42.104 593280
42.1092 594720
42.115 596160
42.1207 597600
42.1269 599040
42.1331 600480
42.1398 601920
42.1465 603360
42.1532 604800
42.2819 606240
42.2862 607680
42.2905 609120
42.2948 610560
42.2991 612000
42.3039 613440
42.3087 614880
42.3135 616320
42.3187 617760
42.324 619200
42.3292 620640
42.3345 622080
42.3402 623520
42.346 624960
42.3522 626400
42.3584 627840
42.3646 629280
42.3708 630720
42.3775 632160
42.5015 633600
42.5058 635040
42.5101 636480
42.5144 637920
42.5187 639360
42.5234 640800
42.5282 642240
42.533 643680
42.5378 645120
42.543 646560
42.5483 648000
42.5536 649440
42.5588 650880
42.5646 652320
42.5703 653760
42.576 655200
42.5818 656640
42.588 658080
42.5942 659520
42.6009 660960
42.7217 662400
42.726 663840
42.7303 665280
42.7346 666720
42.7389 668160
42.7432 669600
42.748 671040
42.7528 672480
42.7576 673920
42.7624 675360
42.7676 676800
42.7729 678240
42.7781 679680
42.7839 681120
42.7896 682560
42.7953 684000
42.8011 685440
42.8068 686880
42.813 688320
42.8192 689760
42.8255 691200
42.942 692640
42.9463 694080
42.9506 695520
42.9549 696960
42.9592 698400
42.9635 699840
42.9683 701280
42.9731 702720
42.9778 704160
42.9826 705600
42.9874 707040
42.9927 708480
42.9979 709920
43.0032 711360
43.0084 712800
43.0142 714240
43.0199 715680
43.0256 717120
43.0314 718560
43.0371 720000
43.0433 721440
43.0495 722880
43.0558 724320
43.1658 725760
43.1701 727200
43.1744 728640
43.1787 730080
43.183 731520
43.1878 732960
43.1926 734400
43.1974 735840
43.2022 737280
43.2069 738720
43.2122 740160
43.2175 741600
43.2227 743040
43.228 744480
43.2332 745920
43.239 747360
43.2447 748800
43.2504 750240
43.2562 751680
43.2619 753120
43.2677 754560
43.2739 756000
43.2801 757440
43.3846 758880
43.3889 760320
43.3933 761760
43.3976 763200
43.4019 764640
43.4066 766080
43.4114 767520
43.4162 768960
43.421 770400
43.4258 771840
43.4305 773280
43.4353 774720
43.4406 776160
43.4458 777600
43.4511 779040
43.4564 780480
43.4616 781920
43.4674 783360
43.4731 784800
43.4788 786240
43.4846 787680
43.4903 789120
43.496 790560
43.5023 792000
43.6032 793440
43.6075 794880
43.6118 796320
43.6161 797760
43.6204 799200
43.6247 800640
43.6295 802080
43.6343 803520
43.6391 804960
43.6439 806400
43.6487 807840
43.6539 809280
43.6592 810720
43.6644 812160
43.6697 813600
43.6749 815040
43.6802 816480
43.6855 817920
43.6907 819360
43.6965 820800
43.7022 822240
43.7079 823680
43.7137 825120
43.7194 826560
43.7251 828000
43.7309 829440
43.8242 830880
43.8285 832320
43.8328 833760
43.8371 835200
43.8419 836640
43.8467 838080
43.8515 839520
43.8562 840960
43.861 842400
43.8658 843840
43.8706 845280
43.8754 846720
43.8806 848160
43.8859 849600
43.8911 851040
43.8964 852480
43.9017 853920
43.9069 855360
43.9127 856800
43.9184 858240
43.9241 859680
43.9299 861120
43.9356 862560
43.9413 864000
43.9476 865440
43.9538 866880
43.96 868320
44.0471 869760
44.0514 871200
44.0557 872640
44.06 874080
44.0643 875520
44.0691 876960
44.0739 878400
44.0787 879840
44.0834 881280
44.0882 882720
44.093 884160
44.0978 885600
44.1026 887040
44.1078 888480
44.1131 889920
44.1183 891360
44.1236 892800
44.1289 894240
44.1341 895680
44.1394 897120
44.1451 898560
44.1508 900000
44.1566 901440
44.1623 902880
44.1681 904320
44.1738 905760
44.1795 907200
44.1853 908640
44.2659 910080
44.2702 911520
44.2745 912960
44.2793 914400
44.2841 915840
44.2889 917280
44.2937 918720
44.2984 920160
44.3032 921600
44.308 923040
44.3128 924480
44.3176 925920
44.3228 927360
44.3281 928800
44.3333 930240
44.3386 931680
44.3439 933120
44.3491 934560
44.3544 936000
44.3596 937440
44.3649 938880
44.3701 940320
44.3759 941760
44.3816 943200
44.3874 944640
44.3931 946080
44.3988 947520
44.4046 948960
44.4103 950400
44.4848 951840
44.4895 953280
44.4943 954720
44.4991 956160
44.5039 957600
44.5087 959040
44.5134 960480
44.5182 961920
44.523 963360
44.5278 964800
44.5326 966240
44.5373 967680
44.5421 969120
44.5469 970560
44.5522 972000
44.5574 973440
44.5627 974880
44.5679 976320
44.5732 977760
44.5785 979200
44.5837 980640
44.589 982080
44.5947 983520
44.6004 984960
44.6062 986400
44.6119 987840
44.6177 989280
44.6234 990720
44.6291 992160
44.6349 993600
44.6406 995040
44.7081 996480
44.7129 997920
44.7177 999360
44.7225 1000800
44.7272 1002240
44.732 1003680
44.7368 1005120
44.7416 1006560
44.7464 1008000
44.7511 1009440
44.7559 1010880
44.7607 1012320
44.766 1013760
44.7712 1015200
44.7765 1016640
44.7817 1018080
44.787 1019520
44.7923 1020960
44.7975 1022400
44.8028 1023840
44.808 1025280
44.8133 1026720
44.8186 1028160
44.8238 1029600
44.8291 1031040
44.8343 1032480
44.8401 1033920
44.8458 1035360
44.8515 1036800
44.8573 1038240
44.863 1039680
44.8688 1041120
44.9293 1042560
44.9346 1044000
44.9399 1045440
44.9451 1046880
44.9504 1048320
44.9556 1049760
44.9609 1051200
44.9661 1052640
44.9714 1054080
44.9767 1055520
44.9819 1056960
44.9872 1058400
44.9924 1059840
44.9977 1061280
45.003 1062720
45.0082 1064160
45.0135 1065600
45.0187 1067040
45.024 1068480
45.0293 1069920
45.0345 1071360
45.0398 1072800
45.045 1074240
45.0503 1075680
45.0555 1077120
45.0608 1078560
45.0661 1080000
45.0713 1081440
45.0766 1082880
45.0818 1084320
45.0876 1085760
45.0933 1087200
45.1462 1088640
45.1515 1090080
45.1568 1091520
45.162 1092960
45.1673 1094400
45.1725 1095840
45.1778 1097280
45.1831 1098720
45.1883 1100160
45.1936 1101600
45.1988 1103040
45.2041 1104480
45.2094 1105920
45.2146 1107360
45.2199 1108800
45.2251 1110240
45.2304 1111680
45.2356 1113120
45.2409 1114560
45.2462 1116000
45.2519 1117440
45.2576 1118880
45.2634 1120320
45.2691 1121760
45.2749 1123200
45.2806 1124640
45.2863 1126080
45.2921 1127520
45.2978 1128960
45.3035 1130400
45.3093 1131840
45.315 1133280
45.3207 1134720
45.3665 1136160
45.3722 1137600
45.378 1139040
45.3837 1140480
45.3895 1141920
45.3952 1143360
45.4009 1144800
45.4067 1146240
45.4124 1147680
45.4181 1149120
45.4239 1150560
45.4296 1152000
45.4354 1153440
45.4411 1154880
45.4468 1156320
45.4526 1157760
45.4583 1159200
45.464 1160640
45.4698 1162080
45.4755 1163520
45.4812 1164960
45.487 1166400
45.4927 1167840
45.4985 1169280
45.5042 1170720
45.5099 1172160
45.5157 1173600
45.5214 1175040
45.5271 1176480
45.5329 1177920
45.5386 1179360
45.5444 1180800
45.5501 1182240
45.588 1183680
45.5937 1185120
45.5994 1186560
45.6052 1188000
45.6109 1189440
45.6166 1190880
45.6224 1192320
45.6281 1193760
45.6339 1195200
45.6396 1196640
45.6453 1198080
45.6511 1199520
45.6568 1200960
45.6625 1202400
45.6683 1203840
45.674 1205280
45.6798 1206720
45.6855 1208160
45.6912 1209600
45.697 1211040
45.7027 1212480
45.7084 1213920
45.7142 1215360
45.7199 1216800
45.7261 1218240
45.7323 1219680
45.7386 1221120
45.7448 1222560
45.751 1224000
45.7572 1225440
45.7634 1226880
45.7696 1228320
45.7758 1229760
45.7821 1231200
45.8125 1232640
45.8187 1234080
45.825 1235520
45.8312 1236960
45.8374 1238400
45.8436 1239840
45.8498 1241280
45.856 1242720
45.8622 1244160
45.8685 1245600
45.8747 1247040
45.8809 1248480
45.8871 1249920
45.8933 1251360
45.8995 1252800
45.9058 1254240
45.912 1255680
45.9182 1257120
45.9244 1258560
45.9306 1260000
45.9368 1261440
45.943 1262880
45.9493 1264320
45.9555 1265760
45.9617 1267200
45.9679 1268640
45.9741 1270080
45.9803 1271520
45.9865 1272960
45.9928 1274400
45.999 1275840
46.0052 1277280
46.0275 1278720
46.0337 1280160
46.04 1281600
46.0462 1283040
46.0524 1284480
46.0586 1285920
46.0648 1287360
46.071 1288800
46.0772 1290240
46.0835 1291680
46.0897 1293120
46.0959 1294560
46.1021 1296000
46.1083 1297440
46.1145 1298880
46.1208 1300320
46.127 1301760
46.1332 1303200
46.1394 1304640
46.1456 1306080
46.1518 1307520
46.158 1308960
46.1643 1310400
46.1705 1311840
46.1767 1313280
46.1829 1314720
46.1891 1316160
46.1953 1317600
46.2015 1319040
46.2082 1320480
46.2149 1321920
46.2216 1323360
46.2283 1324800
46.235 1326240
46.2502 1327680
46.2569 1329120
46.2636 1330560
46.2703 1332000
46.277 1333440
46.2836 1334880
46.2903 1336320
46.297 1337760
46.3037 1339200
46.3104 1340640
46.3171 1342080
46.3238 1343520
46.3305 1344960
46.3372 1346400
46.3439 1347840
46.3506 1349280
46.3573 1350720
46.364 1352160
46.3707 1353600
46.3773 1355040
46.384 1356480
46.3907 1357920
46.3974 1359360
46.4041 1360800
46.4108 1362240
46.4175 1363680
46.4242 1365120
46.4309 1366560
46.4376 1368000
46.4443 1369440
46.451 1370880
46.4577 1372320
46.4644 1373760
46.4714 1375200
46.4781 1376640
46.4848 1378080
46.4915 1379520
46.4982 1380960
46.5049 1382400
46.5116 1383840
46.5182 1385280
46.5249 1386720
46.5316 1388160
46.5383 1389600
46.545 1391040
46.5517 1392480
46.5584 1393920
46.5651 1395360
46.5718 1396800
46.5785 1398240
46.5852 1399680
46.5919 1401120
46.5986 1402560
46.6053 1404000
46.612 1405440
46.6186 1406880
46.6253 1408320
46.632 1409760
46.6387 1411200
46.6454 1412640
46.6521 1414080
46.6588 1415520
46.6655 1416960
46.6722 1418400
46.6789 1419840
46.6861 1421280
46.6932 1422720
46.7004 1424160
46.7076 1425600
46.7147 1427040
46.7219 1428480
46.7291 1429920
46.7363 1431360
46.7434 1432800
46.7506 1434240
46.7578 1435680
46.7649 1437120
46.7721 1438560
46.7793 1440000
46.7864 1441440
46.7936 1442880
46.8008 1444320
46.808 1445760
46.8151 1447200
46.8223 1448640
46.8295 1450080
46.8366 1451520
46.8438 1452960
46.851 1454400
46.8582 1455840
46.8653 1457280
46.8725 1458720
46.8797 1460160
46.8868 1461600
46.894 1463040
46.9012 1464480
46.9084 1465920
46.9155 1467360
46.9227 1468800
46.9299 1470240
46.937 1471680
46.9442 1473120
46.9514 1474560
46.9586 1476000
46.9657 1477440
46.9729 1478880
46.9801 1480320
46.9872 1481760
46.9944 1483200
47.0016 1484640
47.0088 1486080
47.0159 1487520
47.0231 1488960
47.0303 1490400
47.0374 1491840
47.0446 1493280
47.0518 1494720
47.059 1496160
47.0661 1497600
47.0733 1499040
47.0805 1500480
47.0876 1501920
47.0948 1503360
47.102 1504800
47.1092 1506240
47.1163 1507680
47.1235 1509120
47.1307 1510560
47.1378 1512000
47.145 1513440
47.1522 1514880
47.1593 1516320
47.1665 1517760
47.1737 1519200
47.1809 1520640
47.1885 1522080
47.1962 1523520
47.2038 1524960
47.2115 1526400
47.2191 1527840
47.2268 1529280
47.2344 1530720
47.2421 1532160
47.2497 1533600
47.2562 1533600
47.2562 1225440
48.5024 1225440
48.5024 1440
48.5451 2880
48.7654 4320
48.9857 5760
49.2059 7200
49.4262 8640
49.6465 10080
49.8667 11520
50.087 12960
50.3072 14400
50.3075 15840
50.3077 17280
50.308 18720
50.3082 20160
50.3084 21600
50.3087 23040
50.3089 24480
50.3092 25920
50.5275 27360
50.5277 28800
50.528 30240
50.5282 31680
50.5287 33120
50.5289 34560
50.5292 36000
50.5294 37440
50.5297 38880
50.5299 40320
50.5301 41760
50.5304 43200
50.5306 44640
50.5309 46080
50.5311 47520
50.5313 48960
50.5316 50400
50.7478 51840
50.748 53280
50.7482 54720
50.7485 56160
50.7487 57600
50.749 59040
50.7492 60480
50.7494 61920
50.7497 63360
50.7499 64800
50.7502 66240
50.7504 67680
50.7506 69120
50.7511 70560
50.7514 72000
50.7516 73440
50.7518 74880
50.7521 76320
50.7523 77760
50.7526 79200
50.7528 80640
50.753 82080
50.7533 83520
50.7535 84960
50.7537 86400
50.754 87840
50.7542 89280
50.7545 90720
50.7547 92160
50.7549 93600
50.7552 95040
50.7554 96480
50.7557 97920
50.7559 99360
50.968 100800
50.9683 102240
50.9685 103680
50.9688 105120
50.969 106560
50.9692 108000
50.9695 109440
50.9697 110880
50.9699 112320
50.9704 113760
50.9707 115200
50.9709 116640
50.9711 118080
50.9714 119520
50.9716 120960
50.9719 122400
50.9721 123840
50.9723 125280
50.9726 126720
50.9728 128160
50.9731 129600
50.9733 131040
50.9735 132480
50.9738 133920
50.974 135360
50.9743 136800
50.9745 138240
50.9747 139680
50.975 141120
50.9752 142560
50.9754 144000
50.9757 145440
50.9759 146880
50.9762 148320
50.9764 149760
50.9766 151200
50.9769 152640
50.9771 154080
50.9774 155520
50.9778 156960
50.9781 158400
50.9783 159840
50.9786 161280
50.9788 162720
50.979 164160
50.9793 165600
50.9795 167040
50.9797 168480
50.98 169920
50.9802 171360
50.9805 172800
50.9807 174240
50.9809 175680
50.9812 177120
50.9814 178560
50.9817 180000
50.9819 181440
50.9821 182880
50.9824 184320
50.9826 185760
50.9829 187200
50.9831 188640
50.9833 190080
50.9836 191520
50.9838 192960
50.9841 194400
50.9843 195840
51.1883 197280
51.1885 198720
51.189 200160
51.1893 201600
51.1895 203040
51.1897 204480
51.19 205920
51.1902 207360
51.1905 208800
51.1907 210240
51.1909 211680
51.1912 213120
51.1914 214560
51.1916 216000
51.1919 217440
51.1921 218880
51.1924 220320
51.1926 221760
51.1928 223200
51.1931 224640
51.1933 226080
51.1936 227520
51.1938 228960
51.1991 230400
51.1993 231840
51.1995 233280
51.1998 234720
51.2 236160
51.2003 237600
51.2005 239040
51.201 240480
51.2012 241920
51.2084 243360
51.2086 244800
51.2158 246240
51.216 247680
51.411 249120
51.4112 250560
51.4184 252000
51.4186 253440
51.4258 254880
51.426 256320
51.4332 257760
51.4334 259200
51.4406 260640
51.4408 262080
51.448 263520
51.4482 264960
51.6346 266400
51.6348 267840
51.642 269280
51.6422 270720
51.6494 272160
51.6496 273600
51.6568 275040
51.657 276480
51.6632 277920
51.6635 279360
51.6637 280800
51.6642 282240
51.6644 283680
52.6644 283680
52.6644 1440
52.8847 2880
53.105 4320
53.3252 5760
53.5462 7200
53.5467 8640
53.7667 10080
53.7672 11520
53.7677 12960
53.9872 14400
53.9877 15840
53.9882 17280
53.9886 18720
54.1889 20160
54.2077 21600
54.2082 23040
54.2087 24480
54.2091 25920
54.2096 27360
54.2101 28800
54.4094 30240
54.4282 31680
54.4287 33120
54.4292 34560
54.4296 36000
54.4301 37440
54.4306 38880
54.4311 40320
54.4316 41760
54.432 43200
54.6299 44640
54.6485 46080
54.6489 47520
54.6494 48960
54.6499 50400
54.6504 51840
54.6509 53280
54.6513 54720
54.6518 56160
54.6523 57600
54.6528 59040
54.6532 60480
54.6537 61920
54.6542 63360
54.6547 64800
54.8504 66240
54.8687 67680
54.8692 69120
54.8697 70560
54.8702 72000
54.8706 73440
54.8711 74880
54.8716 76320
54.8721 77760
54.8726 79200
54.873 80640
54.8735 82080
54.874 83520
54.8745 84960
54.8749 86400
54.8754 87840
54.8759 89280
54.8764 90720
54.8769 92160
54.8773 93600
54.8778 95040
54.8783 96480
55.0706 97920
55.0711 99360
55.0892 100800
55.0897 102240
55.0902 103680
55.0907 105120
55.0911 106560
55.0916 108000
55.0921 109440
55.0926 110880
55.0931 112320
55.0935 113760
55.094 115200
55.0945 116640
55.095 118080
55.0954 119520
55.0959 120960
55.0964 122400
55.0969 123840
55.0974 125280
55.0978 126720
55.0983 128160
55.0988 129600
55.0993 131040
55.0997 132480
55.1002 133920
55.1007 135360
55.1012 136800
55.1017 138240
55.1021 139680
55.1026 141120
55.1031 142560
55.1036 144000
55.2909 145440
55.2914 146880
55.2919 148320
55.3095 149760
55.31 151200
55.3104 152640
55.3109 154080
55.3114 155520
55.3119 156960
55.3124 158400
55.3128 159840
55.3133 161280
55.3138 162720
55.3143 164160
55.3147 165600
55.3152 167040
55.3157 168480
55.3162 169920
55.3167 171360
55.3171 172800
55.3176 174240
55.3181 175680
55.3186 177120
55.319 178560
55.3195 180000
55.32 181440
55.3205 182880
55.321 184320
55.3214 185760
55.3219 187200
55.3224 188640
55.3229 190080
55.3234 191520
55.3238 192960
55.3243 194400
55.3248 195840
55.3253 197280
55.3257 198720
55.3262 200160
55.3267 201600
55.3272 203040
55.3277 204480
55.3281 205920
55.3286 207360
55.3291 208800
55.3296 210240
55.33 211680
55.3305 213120
55.331 214560
55.3315 216000
55.5114 217440
55.5119 218880
55.5124 220320
55.5128 221760
55.5297 223200
55.5302 224640
55.5307 226080
55.5312 227520
55.5388 228960
55.5484 230400
55.5613 231840
55.7517 233280
55.7584 234720
55.7665 236160
55.7765 237600
55.9522 239040
55.9743 240480
55.9825 241920
55.9906 243360
56.0011 244800
56.1739 246240
56.1977 247680
56.2082 249120
56.2187 250560
56.3929 252000
56.4165 253440
56.4275 254880
56.4419 256320
56.6144 257760
56.6401 259200
56.655 260640
56.8339 262080
56.8633 263520
56.8781 264960
57.0542 266400
57.0833 267840
57.1058 269280
57.2973 270720
57.3203 272160
57.4973 273600
57.5343 275040
57.7185 276480
57.9355 277920
58.156 279360
58.3762 280800
58.5967 282240
58.8179 283680
61.4603 285120
61.6816 286560
61.9331 288000
62.1543 289440
62.3753 290880
62.5621 292320
62.7826 293760
62.8191 295200
63.0029 296640
63.0391 298080
63.2231 299520
63.251 300960
63.2764 302400
63.4491 303840
63.4773 305280
63.5031 306720
63.6861 308160
63.7033 309600
63.7205 311040
63.8899 312480
63.914 313920
63.9317 315360
64.1047 316800
64.1261 318240
64.1371 319680
64.1505 321120
64.3249 322560
64.3442 324000
64.3552 325440
64.3662 326880
64.3801 328320
64.5452 329760
64.5647 331200
64.5743 332640
64.5857 334080
64.6001 335520
64.7657 336960
64.7738 338400
64.7917 339840
64.8012 341280
64.8127 342720
64.8242 344160
64.9859 345600
64.9936 347040
65.0114 348480
65.0215 349920
65.0315 351360
65.0435 352800
65.2062 354240
65.2129 355680
65.2293 357120
65.2379 358560
65.2465 360000
65.2566 361440
65.269 362880
65.4284 364320
65.4355 365760
65.451 367200
65.4587 368640
65.4677 370080
65.4768 371520
65.4873 372960
65.6469 374400
65.6527 375840
65.6672 377280
65.6744 378720
65.6816 380160
65.6897 381600
65.6988 383040
65.7083 384480
65.8672 385920
65.8734 387360
65.887 388800
65.8937 390240
65.9004 391680
65.908 393120
65.9166 394560
65.9252 396000
65.9348 397440
66.0894 398880
66.0951 400320
66.1082 401760
66.1144 403200
66.1216 404640
66.1288 406080
66.1364 407520
66.145 408960
66.1536 410400
66.308 411840
66.3137 413280
66.3194 414720
66.3321 416160
66.3383 417600
66.345 419040
66.3521 420480
66.3593 421920
66.3674 423360
66.3765 424800
66.5282 426240
66.5335 427680
66.5387 429120
66.5502 430560
66.5559 432000
66.5621 433440
66.5688 434880
66.5755 436320
66.5831 437760
66.5913 439200
66.5994 440640
66.7485 442080
66.7537 443520
66.759 444960
66.7697 446400
66.7754 447840
66.7812 449280
66.7879 450720
66.7946 452160
66.8017 453600
66.8094 455040
66.817 456480
66.8256 457920
66.9728 459360
66.9776 460800
66.9829 462240
66.9924 463680
66.9981 465120
67.0038 466560
67.01 468000
67.0167 469440
67.0234 470880
67.0306 472320
67.0378 473760
67.0459 475200
67.1909 476640
67.1957 478080
67.2005 479520
67.2093 480960
67.2145 482400
67.2203 483840
67.2265 485280
67.2327 486720
67.2394 488160
67.2461 489600
67.2533 491040
67.2609 492480
67.2686 493920
67.4109 495360
67.4157 496800
67.4205 498240
67.4286 499680
67.4338 501120
67.4391 502560
67.4443 504000
67.4501 505440
67.4563 506880
67.4625 508320
67.4692 509760
67.4759 511200
67.4831 512640
67.4902 514080
67.6302 515520
67.6345 516960
67.6393 518400
67.6446 519840
67.6519 521280
67.6572 522720
67.6625 524160
67.6682 525600
67.6739 527040
67.6801 528480
67.6868 529920
67.6935 531360
67.7007 532800
67.7079 534240
67.7155 535680
67.8529 537120
67.8572 538560
67.862 540000
67.8668 541440
67.8727 542880
67.8775 544320
67.8827 545760
67.8885 547200
67.8942 548640
67.8999 550080
67.9057 551520
67.9119 552960
67.9181 554400
67.9248 555840
67.9315 557280
67.9387 558720
68.0734 560160
68.0777 561600
68.0825 563040
68.0873 564480
68.0922 565920
68.097 567360
68.1023 568800
68.1075 570240
68.1133 571680
68.119 573120
68.1247 574560
68.1309 576000
68.1372 577440
68.1439 578880
68.1505 580320
68.1577 581760
68.2915 583200
68.2958 584640
68.3001 586080
68.3044 587520
68.3092 588960
68.314 590400
68.3188 591840
68.324 593280
68.3293 594720
68.3345 596160
68.3398 597600
68.3455 599040
68.3517 600480
68.358 601920
68.3642 603360
68.3709 604800
68.3776 606240
68.3847 607680
68.513 609120
68.5173 610560
68.5216 612000
68.5259 613440
68.5306 614880
68.5354 616320
68.5402 617760
68.5455 619200
68.5507 620640
68.556 622080
68.5612 623520
68.567 624960
68.5727 626400
68.5789 627840
68.5851 629280
68.5914 630720
68.5976 632160
68.6043 633600
68.611 635040
68.7349 636480
68.7392 637920
68.7435 639360
68.7478 640800
68.7526 642240
68.7574 643680
68.7621 645120
68.7674 646560
68.7727 648000
68.7779 649440
68.7832 650880
68.7889 652320
68.7947 653760
68.8004 655200
68.8061 656640
68.8123 658080
68.8186 659520
68.8248 660960
68.8315 662400
68.9528 663840
68.9571 665280
68.9614 666720
68.9657 668160
68.97 669600
68.9748 671040
68.9795 672480
68.9843 673920
68.9891 675360
68.9944 676800
68.9996 678240
69.0049 679680
69.0101 681120
69.0159 682560
69.0216 684000
69.0273 685440
69.0331 686880
69.0388 688320
69.045 689760
69.0512 691200
69.0579 692640
69.1733 694080
69.1776 695520
69.1819 696960
69.1862 698400
69.1905 699840
69.1953 701280
69.2 702720
69.2048 704160
69.2096 705600
69.2149 707040
69.2201 708480
69.2254 709920
69.2306 711360
69.2359 712800
69.2416 714240
69.2474 715680
69.2531 717120
69.2588 718560
69.2651 720000
69.2713 721440
69.2775 722880
69.2842 724320
69.394 725760
69.3983 727200
69.4026 728640
69.4069 730080
69.4117 731520
69.4165 732960
69.4213 734400
69.426 735840
69.4308 737280
69.4356 738720
69.4409 740160
69.4461 741600
69.4514 743040
69.4566 744480
69.4619 745920
69.4676 747360
69.4734 748800
69.4791 750240
69.4848 751680
69.4906 753120
69.4968 754560
69.503 756000
69.5092 757440
69.6138 758880
69.6181 760320
69.6224 761760
69.6267 763200
69.6315 764640
69.6363 766080
69.641 767520
69.6458 768960
69.6506 770400
69.6554 771840
69.6606 773280
69.6659 774720
69.6712 776160
69.6764 777600
69.6817 779040
69.6874 780480
69.6931 781920
69.6989 783360
69.7046 784800
69.7104 786240
69.7161 787680
69.7223 789120
69.7285 790560
69.7347 792000
69.8343 793440
69.8386 794880
69.8429 796320
69.8472 797760
69.8515 799200
69.8563 800640
69.8611 802080
69.8658 803520
69.8706 804960
69.8754 806400
69.8807 807840
69.8859 809280
69.8912 810720
69.8964 812160
69.9017 813600
69.9069 815040
69.9122 816480
69.9179 817920
69.9237 819360
69.9294 820800
69.9352 822240
69.9409 823680
69.9466 825120
69.9524 826560
69.9586 828000
69.9648 829440
70.0581 830880
70.0624 832320
70.0667 833760
70.0715 835200
70.0763 836640
70.0811 838080
70.0859 839520
70.0906 840960
70.0954 842400
70.1002 843840
70.1055 845280
70.1107 846720
70.116 848160
70.1212 849600
70.1265 851040
70.1318 852480
70.137 853920
70.1423 855360
70.148 856800
70.1537 858240
70.1595 859680
70.1652 861120
70.171 862560
70.1767 864000
70.1829 865440
70.1891 866880
70.2762 868320
70.2805 869760
70.2848 871200
70.2896 872640
70.2944 874080
70.2992 875520
70.304 876960
70.3087 878400
70.3135 879840
70.3183 881280
70.3231 882720
70.3283 884160
70.3336 885600
70.3389 887040
70.3441 888480
70.3494 889920
70.3546 891360
70.3599 892800
70.3656 894240
70.3714 895680
70.3771 897120
70.3828 898560
70.3886 900000
70.3943 901440
70.4001 902880
70.4063 904320
70.4125 905760
70.4187 907200
70.4996 908640
70.5039 910080
70.5087 911520
70.5135 912960
70.5182 914400
70.523 915840
70.5278 917280
70.5326 918720
70.5374 920160
70.5422 921600
70.5474 923040
70.5527 924480
70.5579 925920
70.5632 927360
70.5684 928800
70.5737 930240
70.579 931680
70.5842 933120
70.5895 934560
70.5947 936000
70.6005 937440
70.6062 938880
70.612 940320
70.6177 941760
70.6234 943200
70.6292 944640
70.6349 946080
70.6406 947520
70.7163 948960
70.7211 950400
70.7258 951840
70.7306 953280
70.7354 954720
70.7402 956160
70.745 957600
70.7497 959040
70.7545 960480
70.7593 961920
70.7641 963360
70.7689 964800
70.7736 966240
70.7789 967680
70.7842 969120
70.7894 970560
70.7947 972000
70.7999 973440
70.8052 974880
70.8105 976320
70.8157 977760
70.821 979200
70.8262 980640
70.8315 982080
70.8372 983520
70.843 984960
70.8487 986400
70.8544 987840
70.8602 989280
70.8659 990720
70.8717 992160
70.9396 993600
70.9444 995040
70.9492 996480
70.954 997920
70.9588 999360
70.9635 1000800
70.9683 1002240
70.9731 1003680
70.9779 1005120
70.9827 1006560
70.9875 1008000
70.9927 1009440
70.998 1010880
71.0032 1012320
71.0085 1013760
71.0137 1015200
71.019 1016640
71.0243 1018080
71.0295 1019520
71.0348 1020960
71.04 1022400
71.0453 1023840
71.051 1025280
71.0568 1026720
71.0625 1028160
71.0682 1029600
71.074 1031040
71.0797 1032480
71.0855 1033920
71.0912 1035360
71.0969 1036800
71.158 1038240
71.1633 1039680
71.1685 1041120
71.1738 1042560
71.179 1044000
71.1843 1045440
71.1895 1046880
71.1948 1048320
71.2001 1049760
71.2053 1051200
71.2106 1052640
71.2158 1054080
71.2211 1055520
71.2264 1056960
71.2316 1058400
71.2369 1059840
71.2421 1061280
71.2474 1062720
71.2527 1064160
71.2579 1065600
71.2632 1067040
71.2684 1068480
71.2737 1069920
71.2789 1071360
71.2842 1072800
71.2895 1074240
71.2947 1075680
71.3 1077120
71.3057 1078560
71.3115 1080000
71.3172 1081440
71.3229 1082880
71.3287 1084320
71.3823 1085760
71.3876 1087200
71.3928 1088640
71.3981 1090080
71.4034 1091520
71.4086 1092960
71.4139 1094400
71.4191 1095840
71.4244 1097280
71.4296 1098720
71.4349 1100160
71.4402 1101600
71.4454 1103040
71.4507 1104480
71.4559 1105920
71.4612 1107360
71.4665 1108800
71.4717 1110240
71.477 1111680
71.4822 1113120
71.4875 1114560
71.4928 1116000
71.4985 1117440
71.5042 1118880
71.51 1120320
71.5157 1121760
71.5214 1123200
71.5272 1124640
71.5329 1126080
71.5386 1127520
71.5444 1128960
71.5501 1130400
71.5559 1131840
71.6021 1133280
71.6078 1134720
71.6136 1136160
71.6193 1137600
71.625 1139040
71.6308 1140480
71.6365 1141920
71.6423 1143360
71.648 1144800
71.6537 1146240
71.6595 1147680
71.6652 1149120
71.6709 1150560
71.6767 1152000
71.6824 1153440
71.6882 1154880
71.6939 1156320
71.6996 1157760
71.7054 1159200
71.7111 1160640
71.7168 1162080
71.7226 1163520
71.7283 1164960
71.734 1166400
71.7398 1167840
71.7455 1169280
71.7513 1170720
71.757 1172160
71.7627 1173600
71.7685 1175040
71.7742 1176480
71.7799 1177920
71.8183 1179360
71.824 1180800
71.8298 1182240
71.8355 1183680
71.8412 1185120
71.847 1186560
71.8527 1188000
71.8585 1189440
71.8642 1190880
71.8699 1192320
71.8757 1193760
71.8814 1195200
71.8871 1196640
71.8929 1198080
71.8986 1199520
71.9043 1200960
71.9101 1202400
71.9158 1203840
71.9216 1205280
71.9273 1206720
71.933 1208160
71.9388 1209600
71.9445 1211040
71.9502 1212480
71.956 1213920
71.9617 1215360
71.9675 1216800
71.9737 1218240
71.9799 1219680
71.9861 1221120
71.9923 1222560
71.9985 1224000
72.0047 1225440
72.011 1226880
72.0421 1228320
72.0484 1229760
72.0546 1231200
72.0608 1232640
72.067 1234080
72.0732 1235520
72.0794 1236960
72.0856 1238400
72.0919 1239840
72.0981 1241280
72.1043 1242720
72.1105 1244160
72.1167 1245600
72.1229 1247040
72.1292 1248480
72.1354 1249920
72.1416 1251360
72.1478 1252800
72.154 1254240
72.1602 1255680
72.1664 1257120
72.1727 1258560
72.1789 1260000
72.1851 1261440
72.1913 1262880
72.1975 1264320
72.2037 1265760
72.2099 1267200
72.2162 1268640
72.2224 1270080
72.2286 1271520
72.2348 1272960
72.241 1274400
72.2641 1275840
72.2703 1277280
72.2765 1278720
72.2827 1280160
72.2889 1281600
72.2951 1283040
72.3014 1284480
72.3076 1285920
72.3138 1287360
72.32 1288800
72.3262 1290240
72.3324 1291680
72.3387 1293120
72.3449 1294560
72.3511 1296000
72.3573 1297440
72.3635 1298880
72.3697 1300320
72.3759 1301760
72.3822 1303200
72.3884 1304640
72.3946 1306080
72.4008 1307520
72.407 1308960
72.4132 1310400
72.4194 1311840
72.4257 1313280
72.4319 1314720
72.4381 1316160
72.4443 1317600
72.4505 1319040
72.4572 1320480
72.4639 1321920
72.4796 1323360
72.4862 1324800
72.4929 1326240
72.4996 1327680
72.5063 1329120
72.513 1330560
72.5197 1332000
72.5264 1333440
72.5331 1334880
72.5398 1336320
72.5465 1337760
72.5532 1339200
72.5599 1340640
72.5666 1342080
72.5733 1343520
72.5799 1344960
72.5866 1346400
72.5933 1347840
72.6 1349280
72.6067 1350720
72.6134 1352160
72.6201 1353600
72.6268 1355040
72.6335 1356480
72.6402 1357920
72.6469 1359360
72.6536 1360800
72.6603 1362240
72.667 1363680
72.6737 1365120
72.6803 1366560
72.687 1368000
72.6937 1369440
72.7015 1370880
72.7082 1372320
72.7149 1373760
72.7216 1375200
72.7283 1376640
72.735 1378080
72.7416 1379520
72.7483 1380960
72.755 1382400
72.7617 1383840
72.7684 1385280
72.7751 1386720
72.7818 1388160
72.7885 1389600
72.7952 1391040
72.8019 1392480
72.8086 1393920
72.8153 1395360
72.822 1396800
72.8287 1398240
72.8353 1399680
72.842 1401120
72.8487 1402560
72.8554 1404000
72.8621 1405440
72.8688 1406880
72.8755 1408320
72.8822 1409760
72.8889 1411200
72.8956 1412640
72.9023 1414080
72.909 1415520
72.9157 1416960
72.9224 1418400
72.9291 1419840
72.9362 1421280
72.9434 1422720
72.9506 1424160
72.9577 1425600
72.9649 1427040
72.9721 1428480
72.9792 1429920
72.9864 1431360
72.9936 1432800
73.0008 1434240
73.0079 1435680
73.0151 1437120
73.0223 1438560
73.0294 1440000
73.0366 1441440
73.0438 1442880
73.051 1444320
73.0581 1445760
73.0653 1447200
73.0725 1448640
73.0796 1450080
73.0868 1451520
73.094 1452960
73.1012 1454400
73.1083 1455840
73.1155 1457280
73.1227 1458720
73.1298 1460160
73.137 1461600
73.1442 1463040
73.1514 1464480
73.1585 1465920
73.1657 1467360
73.1729 1468800
73.18 1470240
73.1872 1471680
73.1944 1473120
73.2016 1474560
73.2087 1476000
73.2159 1477440
73.2231 1478880
73.2302 1480320
73.2374 1481760
73.2446 1483200
73.2518 1484640
73.2589 1486080
73.2661 1487520
73.2733 1488960
73.2804 1490400
73.2876 1491840
73.2948 1493280
73.302 1494720
73.3091 1496160
73.3163 1497600
73.3235 1499040
73.3306 1500480
73.3378 1501920
73.345 1503360
73.3522 1504800
73.3593 1506240
73.3665 1507680
73.3737 1509120
73.3808 1510560
73.388 1512000
73.3952 1513440
73.4023 1514880
73.4095 1516320
73.4167 1517760
73.4239 1519200
73.431 1520640
73.4387 1522080
73.4463 1523520
73.454 1524960
73.4616 1526400
73.4693 1527840
73.4769 1529280
73.4846 1530720
73.4922 1532160
73.4999 1533600
73.5063 1533600
73.5063 1225440
74.7525 1225440
74.7525 1440
74.7953 2880
75.0156 4320
75.2358 5760
75.4561 7200
75.6764 8640
75.8966 10080
76.1169 11520
76.3371 12960
76.5574 14400
76.5577 15840
76.5579 17280
76.5581 18720
76.5584 20160
76.5586 21600
76.5588 23040
76.5591 24480
76.5593 25920
76.7777 27360
76.7779 28800
76.7782 30240
76.7784 31680
76.7789 33120
76.7791 34560
76.7794 36000
76.7796 37440
76.7798 38880
76.7801 40320
76.7803 41760
76.7805 43200
76.7808 44640
76.781 46080
76.7813 47520
76.7815 48960
76.7817 50400
76.9979 51840
76.9982 53280
76.9984 54720
76.9987 56160
76.9989 57600
76.9991 59040
76.9994 60480
76.9996 61920
76.9999 63360
77.0001 64800
77.0003 66240
77.0006 67680
77.0008 69120
77.0013 70560
77.0015 72000
77.0018 73440
77.002 74880
77.0022 76320
77.0025 77760
77.0027 79200
77.003 80640
77.0032 82080
77.0034 83520
77.0037 84960
77.0039 86400
77.0042 87840
77.0044 89280
77.0046 90720
77.0049 92160
77.0051 93600
77.0054 95040
77.0056 96480
77.0058 97920
77.0061 99360
77.2182 100800
77.2184 102240
77.2187 103680
77.2189 105120
77.2192 106560
77.2194 108000
77.2196 109440
77.2199 110880
77.2201 112320
77.2206 113760
77.2208 115200
77.2211 116640
77.2213 118080
77.2216 119520
77.2218 120960
77.222 122400
77.2223 123840
77.2225 125280
77.2227 126720
77.223 128160
77.2232 129600
77.2235 131040
77.2237 132480
77.2239 133920
77.2242 135360
77.2244 136800
77.2247 138240
77.2249 139680
77.2251 141120
77.2254 142560
77.2256 144000
77.2259 145440
77.2261 146880
77.2263 148320
77.2266 149760
77.2268 151200
77.2271 152640
77.2273 154080
77.2275 155520
77.228 156960
77.2282 158400
77.2285 159840
77.2287 161280
77.229 162720
77.2292 164160
77.2294 165600
77.2297 167040
77.2299 168480
77.2302 169920
77.2304 171360
77.2306 172800
77.2309 174240
77.2311 175680
77.2314 177120
77.2316 178560
77.2318 180000
77.2321 181440
77.2323 182880
77.2325 184320
77.2328 185760
77.233 187200
77.2333 188640
77.2335 190080
77.2337 191520
77.234 192960
77.2342 194400
77.2345 195840
77.4385 197280
77.4387 198720
77.4392 200160
77.4394 201600
77.4397 203040
77.4399 204480
77.4401 205920
77.4404 207360
77.4406 208800
77.4409 210240
77.4411 211680
77.4413 213120
77.4416 214560
77.4418 216000
77.4421 217440
77.4423 218880
77.4425 220320
77.4428 221760
77.443 223200
77.4433 224640
77.4435 226080
77.4437 227520
77.444 228960
77.4492 230400
77.4495 231840
77.4497 233280
77.4499 234720
77.4502 236160
77.4504 237600
77.4507 239040
77.4511 240480
77.4514 241920
77.4585 243360
77.4588 244800
77.466 246240
77.4662 247680
77.6611 249120
77.6614 250560
77.6685 252000
77.6688 253440
77.6759 254880
77.6762 256320
77.6834 257760
77.6836 259200
77.6908 260640
77.691 262080
77.6982 263520
77.6984 264960
77.8847 266400
77.885 267840
77.8921 269280
77.8924 270720
77.8996 272160
77.8998 273600
77.907 275040
77.9072 276480
77.9134 277920
77.9137 279360
77.9139 280800
77.9144 282240
77.9146 283680
78.9146 283680
78.9146 1440
79.1349 2880
79.3551 4320
79.5754 5760
79.7964 7200
79.7969 8640
80.0169 10080
80.0174 11520
80.0178 12960
80.2374 14400
80.2379 15840
80.2383 17280
80.2388 18720
80.4391 20160
80.4579 21600
80.4584 23040
80.4588 24480
80.4593 25920
80.4598 27360
80.4603 28800
80.6596 30240
80.6784 31680
80.6789 33120
80.6793 34560
80.6798 36000
80.6803 37440
80.6808 38880
80.6812 40320
80.6817 41760
80.6822 43200
80.8801 44640
80.8986 46080
80.8991 47520
80.8996 48960
80.9001 50400
80.9006 51840
80.901 53280
80.9015 54720
80.902 56160
80.9025 57600
80.9029 59040
80.9034 60480
80.9039 61920
80.9044 63360
80.9049 64800
81.1006 66240
81.1189 67680
81.1194 69120
81.1199 70560
81.1203 72000
81.1208 73440
81.1213 74880
81.1218 76320
81.1222 77760
81.1227 79200
81.1232 80640
81.1237 82080
81.1242 83520
81.1246 84960
81.1251 86400
81.1256 87840
81.1261 89280
81.1265 90720
81.127 92160
81.1275 93600
81.128 95040
81.1285 96480
81.3208 97920
81.3213 99360
81.3394 100800
81.3399 102240
81.3404 103680
81.3408 105120
81.3413 106560
81.3418 108000
81.3423 109440
81.3427 110880
81.3432 112320
81.3437 113760
81.3442 115200
81.3447 116640
81.3451 118080
81.3456 119520
81.3461 120960
81.3466 122400
81.347 123840
81.3475 125280
81.348 126720
81.3485 128160
81.349 129600
81.3494 131040
81.3499 132480
81.3504 133920
81.3509 135360
81.3514 136800
81.3518 138240
81.3523 139680
81.3528 141120
81.3533 142560
81.3537 144000
81.5411 145440
81.5415 146880
81.542 148320
81.5597 149760
81.5601 151200
81.5606 152640
81.5611 154080
81.5616 155520
81.562 156960
81.5625 158400
81.563 159840
81.5635 161280
81.564 162720
81.5644 164160
81.5649 165600
81.5654 167040
81.5659 168480
81.5664 169920
81.5668 171360
81.5673 172800
81.5678 174240
81.5683 175680
81.5687 177120
81.5692 178560
81.5697 180000
81.5702 181440
81.5707 182880
81.5711 184320
81.5716 185760
81.5721 187200
81.5726 188640
81.573 190080
81.5735 191520
81.574 192960
81.5745 194400
81.575 195840
81.5754 197280
81.5759 198720
81.5764 200160
81.5769 201600
81.5773 203040
81.5778 204480
81.5783 205920
81.5788 207360
81.5793 208800
81.5797 210240
81.5802 211680
81.5807 213120
81.5812 214560
81.5817 216000
81.7616 217440
81.762 218880
81.7625 220320
81.763 221760
81.7799 223200
81.7804 224640
81.7809 226080
81.7814 227520
81.789 228960
81.7986 230400
81.8115 231840
82.0019 233280
82.0085 234720
82.0167 236160
82.0267 237600
82.2023 239040
82.2245 240480
82.2326 241920
82.2408 243360
82.2513 244800
82.424 246240
82.4479 247680
82.4584 249120
82.4689 250560
82.6431 252000
82.6686 253440
82.6796 254880
82.6939 256320
82.8665 257760
82.8922 259200
82.907 260640
83.0841 262080
83.1134 263520
83.1283 264960
83.3043 266400
83.3335 267840
83.3559 269280
83.5475 270720
83.5704 272160
83.7475 273600
83.7845 275040
83.9687 276480
84.1856 277920
84.4061 279360
84.6264 280800
84.8469 282240
85.0681 283680
87.7105 285120
87.9317 286560
88.1832 288000
88.4045 289440
88.6254 290880
88.8123 292320
89.0328 293760
89.0693 295200
89.253 296640
89.2893 298080
89.4733 299520
89.5012 300960
89.5265 302400
89.6993 303840
89.7274 305280
89.7533 306720
89.9362 308160
89.9534 309600
89.9707 311040
90.1401 312480
90.1641 313920
90.1818 315360
90.3548 316800
90.3763 318240
90.3873 319680
90.4007 321120
90.5751 322560
90.5944 324000
90.6054 325440
90.6164 326880
90.6302 328320
90.7953 329760
90.8149 331200
90.8244 332640
90.8359 334080
90.8503 335520
91.0158 336960
91.024 338400
91.0418 339840
91.0514 341280
91.0629 342720
91.0743 344160
91.2361 345600
91.2437 347040
91.2616 348480
91.2717 349920
91.2817 351360
91.2937 352800
91.4564 354240
91.4631 355680
91.4795 357120
91.4881 358560
91.4967 360000
91.5067 361440
91.5192 362880
91.6785 364320
91.6857 365760
91.7012 367200
91.7088 368640
91.7179 370080
91.727 371520
91.7375 372960
91.8971 374400
91.9029 375840
91.9174 377280
91.9246 378720
91.9317 380160
91.9398 381600
91.9489 383040
91.9585 384480
92.1174 385920
92.1236 387360
92.1372 388800
92.1439 390240
92.1505 391680
92.1582 393120
92.1668 394560
92.1754 396000
92.185 397440
92.3396 398880
92.3453 400320
92.3584 401760
92.3646 403200
92.3718 404640
92.3789 406080
92.3866 407520
92.3952 408960
92.4038 410400
92.5581 411840
92.5639 413280
92.5696 414720
92.5822 416160
92.5884 417600
92.5951 419040
92.6023 420480
92.6095 421920
92.6176 423360
92.6267 424800
92.7784 426240
92.7837 427680
92.7889 429120
92.8003 430560
92.8061 432000
92.8123 433440
92.819 434880
92.8257 436320
92.8333 437760
92.8414 439200
92.8496 440640
92.9987 442080
93.0039 443520
93.0092 444960
93.0199 446400
93.0256 447840
93.0313 449280
93.038 450720
93.0447 452160
93.0519 453600
93.0596 455040
93.0672 456480
93.0758 457920
93.223 459360
93.2278 460800
93.233 462240
93.2425 463680
93.2483 465120
93.254 466560
93.2602 468000
93.2669 469440
93.2736 470880
93.2808 472320
93.2879 473760
93.2961 475200
93.4411 476640
93.4459 478080
93.4507 479520
93.4594 480960
93.4647 482400
93.4704 483840
93.4766 485280
93.4829 486720
93.4896 488160
93.4963 489600
93.5034 491040
93.5111 492480
93.5187 493920
93.6611 495360
93.6659 496800
93.6707 498240
93.6787 499680
93.684 501120
93.6893 502560
93.6945 504000
93.7003 505440
93.7065 506880
93.7127 508320
93.7194 509760
93.7261 511200
93.7332 512640
93.7404 514080
93.8804 515520
93.8847 516960
93.8895 518400
93.8948 519840
93.9021 521280
93.9074 522720
93.9126 524160
93.9184 525600
93.9241 527040
93.9303 528480
93.937 529920
93.9437 531360
93.9509 532800
93.958 534240
93.9657 535680
94.1031 537120
94.1074 538560
94.1122 540000
94.1169 541440
94.1228 542880
94.1276 544320
94.1329 545760
94.1386 547200
94.1444 548640
94.1501 550080
94.1558 551520
94.1621 552960
94.1683 554400
94.175 555840
94.1817 557280
94.1888 558720
94.3236 560160
94.3279 561600
94.3326 563040
94.3374 564480
94.3424 565920
94.3472 567360
94.3524 568800
94.3577 570240
94.3634 571680
94.3692 573120
94.3749 574560
94.3811 576000
94.3873 577440
94.394 578880
94.4007 580320
94.4079 581760
94.5417 583200
94.546 584640
94.5503 586080
94.5546 587520
94.5594 588960
94.5641 590400
94.5689 591840
94.5742 593280
94.5794 594720
94.5847 596160
94.59 597600
94.5957 599040
94.6019 600480
94.6081 601920
94.6143 603360
94.621 604800
94.6277 606240
94.6349 607680
94.7631 609120
94.7674 610560
94.7717 612000
94.776 613440
94.7808 614880
94.7856 616320
94.7904 617760
94.7956 619200
94.8009 620640
94.8062 622080
94.8114 623520
94.8172 624960
94.8229 626400
94.8291 627840
94.8353 629280
94.8415 630720
94.8477 632160
94.8544 633600
94.8611 635040
94.9851 636480
94.9894 637920
94.9937 639360
94.998 640800
95.0028 642240
95.0075 643680
95.0123 645120
95.0176 646560
95.0228 648000
95.0281 649440
95.0333 650880
95.0391 652320
95.0448 653760
95.0506 655200
95.0563 656640
95.0625 658080
95.0687 659520
95.0749 660960
95.0816 662400
95.2029 663840
95.2072 665280
95.2115 666720
95.2158 668160
95.2201 669600
95.2249 671040
95.2297 672480
95.2345 673920
95.2393 675360
95.2445 676800
95.2498 678240
95.255 679680
95.2603 681120
95.266 682560
95.2718 684000
95.2775 685440
95.2832 686880
95.289 688320
95.2952 689760
95.3014 691200
95.3081 692640
95.4234 694080
95.4277 695520
95.432 696960
95.4363 698400
95.4406 699840
95.4454 701280
95.4502 702720
95.455 704160
95.4598 705600
95.465 707040
95.4703 708480
95.4755 709920
95.4808 711360
95.4861 712800
95.4918 714240
95.4975 715680
95.5033 717120
95.509 718560
95.5152 720000
95.5214 721440
95.5277 722880
95.5343 724320
95.6442 725760
95.6485 727200
95.6528 728640
95.6571 730080
95.6619 731520
95.6666 732960
95.6714 734400
95.6762 735840
95.681 737280
95.6858 738720
95.691 740160
95.6963 741600
95.7015 743040
95.7068 744480
95.7121 745920
95.7178 747360
95.7235 748800
95.7293 750240
95.735 751680
95.7407 753120
95.747 754560
95.7532 756000
95.7594 757440
95.864 758880
95.8683 760320
95.8726 761760
95.8769 763200
95.8816 764640
95.8864 766080
95.8912 767520
95.896 768960
95.9008 770400
95.9055 771840
95.9103 773280
95.9156 774720
95.9208 776160
95.9261 777600
95.9314 779040
95.9371 780480
95.9428 781920
95.9486 783360
95.9543 784800
95.96 786240
95.9658 787680
95.972 789120
95.9782 790560
95.9844 792000
96.0845 793440
96.0888 794880
96.0931 796320
96.0974 797760
96.1017 799200
96.1064 800640
96.1112 802080
96.116 803520
96.1208 804960
96.1256 806400
96.1308 807840
96.1361 809280
96.1413 810720
96.1466 812160
96.1519 813600
96.1571 815040
96.1624 816480
96.1681 817920
96.1739 819360
96.1796 820800
96.1853 822240
96.1911 823680
96.1968 825120
96.2025 826560
96.2088 828000
96.215 829440
96.3083 830880
96.3126 832320
96.3169 833760
96.3217 835200
96.3265 836640
96.3312 838080
96.336 839520
96.3408 840960
96.3456 842400
96.3504 843840
96.3556 845280
96.3609 846720
96.3661 848160
96.3714 849600
96.3767 851040
96.3819 852480
96.3872 853920
96.3924 855360
96.3982 856800
96.4039 858240
96.4096 859680
96.4154 861120
96.4211 862560
96.4269 864000
96.4331 865440
96.4393 866880
96.5264 868320
96.5307 869760
96.535 871200
96.5398 872640
96.5446 874080
96.5494 875520
96.5541 876960
96.5589 878400
96.5637 879840
96.5685 881280
96.5733 882720
96.5785 884160
96.5838 885600
96.589 887040
96.5943 888480
96.5996 889920
96.6048 891360
96.6101 892800
96.6158 894240
96.6215 895680
96.6273 897120
96.633 898560
96.6388 900000
96.6445 901440
96.6502 902880
96.6564 904320
96.6627 905760
96.6689 907200
96.7498 908640
96.7541 910080
96.7589 911520
96.7636 912960
96.7684 914400
96.7732 915840
96.778 917280
96.7828 918720
96.7875 920160
96.7923 921600
96.7976 923040
96.8028 924480
96.8081 925920
96.8134 927360
96.8186 928800
96.8239 930240
96.8291 931680
96.8344 933120
96.8397 934560
96.8449 936000
96.8506 937440
96.8564 938880
96.8621 940320
96.8679 941760
96.8736 943200
96.8793 944640
96.8851 946080
96.8908 947520
96.9664 948960
96.9712 950400
96.976 951840
96.9808 953280
96.9856 954720
96.9904 956160
96.9951 957600
96.9999 959040
97.0047 960480
97.0095 961920
97.0143 963360
97.019 964800
97.0238 966240
97.0291 967680
97.0343 969120
97.0396 970560
97.0449 972000
97.0501 973440
97.0554 974880
97.0606 976320
97.0659 977760
97.0711 979200
97.0764 980640
97.0817 982080
97.0874 983520
97.0931 984960
97.0989 986400
97.1046 987840
97.1103 989280
97.1161 990720
97.1218 992160
97.1898 993600
97.1946 995040
97.1994 996480
97.2042 997920
97.2089 999360
97.2137 1000800
97.2185 1002240
97.2233 1003680
97.2281 1005120
97.2328 1006560
97.2376 1008000
97.2429 1009440
97.2481 1010880
97.2534 1012320
97.2587 1013760
97.2639 1015200
97.2692 1016640
97.2744 1018080
97.2797 1019520
97.285 1020960
97.2902 1022400
97.2955 1023840
97.3012 1025280
97.3069 1026720
97.3127 1028160
97.3184 1029600
97.3242 1031040
97.3299 1032480
97.3356 1033920
97.3414 1035360
97.3471 1036800
97.4082 1038240
97.4134 1039680
97.4187 1041120
97.4239 1042560
97.4292 1044000
97.4345 1045440
97.4397 1046880
97.445 1048320
97.4502 1049760
97.4555 1051200
97.4608 1052640
97.466 1054080
97.4713 1055520
97.4765 1056960
97.4818 1058400
97.487 1059840
97.4923 1061280
97.4976 1062720
97.5028 1064160
97.5081 1065600
97.5133 1067040
97.5186 1068480
97.5239 1069920
97.5291 1071360
97.5344 1072800
97.5396 1074240
97.5449 1075680
97.5502 1077120
97.5559 1078560
97.5616 1080000
97.5674 1081440
97.5731 1082880
97.5788 1084320
97.6325 1085760
97.6377 1087200
97.643 1088640
97.6483 1090080
97.6535 1091520
97.6588 1092960
97.664 1094400
97.6693 1095840
97.6746 1097280
97.6798 1098720
97.6851 1100160
97.6903 1101600
97.6956 1103040
97.7009 1104480
97.7061 1105920
97.7114 1107360
97.7166 1108800
97.7219 1110240
97.7271 1111680
97.7324 1113120
97.7377 1114560
97.7429 1116000
97.7487 1117440
97.7544 1118880
97.7601 1120320
97.7659 1121760
97.7716 1123200
97.7773 1124640
97.7831 1126080
97.7888 1127520
97.7946 1128960
97.8003 1130400
97.806 1131840
97.8523 1133280
97.858 1134720
97.8637 1136160
97.8695 1137600
97.8752 1139040
97.881 1140480
97.8867 1141920
97.8924 1143360
97.8982 1144800
97.9039 1146240
97.9096 1147680
97.9154 1149120
97.9211 1150560
97.9268 1152000
97.9326 1153440
97.9383 1154880
97.9441 1156320
97.9498 1157760
97.9555 1159200
97.9613 1160640
97.967 1162080
97.9727 1163520
97.9785 1164960
97.9842 1166400
97.99 1167840
97.9957 1169280
98.0014 1170720
98.0072 1172160
98.0129 1173600
98.0186 1175040
98.0244 1176480
98.0301 1177920
98.0685 1179360
98.0742 1180800
98.0799 1182240
98.0857 1183680
98.0914 1185120
98.0971 1186560
98.1029 1188000
98.1086 1189440
98.1144 1190880
98.1201 1192320
98.1258 1193760
98.1316 1195200
98.1373 1196640
98.143 1198080
98.1488 1199520
98.1545 1200960
98.1603 1202400
98.166 1203840
98.1717 1205280
98.1775 1206720
98.1832 1208160
98.1889 1209600
98.1947 1211040
98.2004 1212480
98.2062 1213920
98.2119 1215360
98.2176 1216800
98.2238 1218240
98.2301 1219680
98.2363 1221120
98.2425 1222560
98.2487 1224000
98.2549 1225440
98.2611 1226880
98.2923 1228320
98.2985 1229760
98.3047 1231200
98.311 1232640
98.3172 1234080
98.3234 1235520
98.3296 1236960
98.3358 1238400
98.342 1239840
98.3482 1241280
98.3545 1242720
98.3607 1244160
98.3669 1245600
98.3731 1247040
98.3793 1248480
98.3855 1249920
98.3918 1251360
98.398 1252800
98.4042 1254240
98.4104 1255680
98.4166 1257120
98.4228 1258560
98.429 1260000
98.4353 1261440
98.4415 1262880
98.4477 1264320
98.4539 1265760
98.4601 1267200
98.4663 1268640
98.4725 1270080
98.4788 1271520
98.485 1272960
98.4912 1274400
98.5142 1275840
98.5205 1277280
98.5267 1278720
98.5329 1280160
98.5391 1281600
98.5453 1283040
98.5515 1284480
98.5577 1285920
98.564 1287360
98.5702 1288800
98.5764 1290240
98.5826 1291680
98.5888 1293120
98.595 1294560
98.6013 1296000
98.6075 1297440
98.6137 1298880
98.6199 1300320
98.6261 1301760
98.6323 1303200
98.6385 1304640
98.6448 1306080
98.651 1307520
98.6572 1308960
98.6634 1310400
98.6696 1311840
98.6758 1313280
98.682 1314720
98.6883 1316160
98.6945 1317600
98.7007 1319040
98.7074 1320480
98.7141 1321920
98.7297 1323360
98.7364 1324800
98.7431 1326240
98.7498 1327680
98.7565 1329120
98.7632 1330560
98.7699 1332000
98.7766 1333440
98.7833 1334880
98.79 1336320
98.7967 1337760
98.8033 1339200
98.81 1340640
98.8167 1342080
98.8234 1343520
98.8301 1344960
98.8368 1346400
98.8435 1347840
98.8502 1349280
98.8569 1350720
98.8636 1352160
98.8703 1353600
98.877 1355040
98.8837 1356480
98.8904 1357920
98.8971 1359360
98.9037 1360800
98.9104 1362240
98.9171 1363680
98.9238 1365120
98.9305 1366560
98.9372 1368000
98.9439 1369440
98.9517 1370880
98.9583 1372320
98.965 1373760
98.9717 1375200
98.9784 1376640
98.9851 1378080
98.9918 1379520
98.9985 1380960
99.0052 1382400
99.0119 1383840
99.0186 1385280
99.0253 1386720
99.032 1388160
99.0387 1389600
99.0454 1391040
99.0521 1392480
99.0587 1393920
99.0654 1395360
99.0721 1396800
99.0788 1398240
99.0855 1399680
99.0922 1401120
99.0989 1402560
99.1056 1404000
99.1123 1405440
99.119 1406880
99.1257 1408320
99.1324 1409760
99.1391 1411200
99.1458 1412640
99.1524 1414080
99.1591 1415520
99.1658 1416960
99.1725 1418400
99.1792 1419840
99.1864 1421280
99.1936 1422720
99.2007 1424160
99.2079 1425600
99.2151 1427040
99.2222 1428480
99.2294 1429920
99.2366 1431360
99.2438 1432800
99.2509 1434240
99.2581 1435680
99.2653 1437120
99.2724 1438560
99.2796 1440000
99.2868 1441440
99.294 1442880
99.3011 1444320
99.3083 1445760
99.3155 1447200
99.3226 1448640
99.3298 1450080
99.337 1451520
99.3442 1452960
99.3513 1454400
99.3585 1455840
99.3657 1457280
99.3728 1458720
99.38 1460160
99.3872 1461600
99.3944 1463040
99.4015 1464480
99.4087 1465920
99.4159 1467360
99.423 1468800
99.4302 1470240
99.4374 1471680
99.4446 1473120
99.4517 1474560
99.4589 1476000
99.4661 1477440
99.4732 1478880
99.4804 1480320
99.4876 1481760
99.4948 1483200
99.5019 1484640
99.5091 1486080
99.5163 1487520
99.5234 1488960
99.5306 1490400
99.5378 1491840
99.545 1493280
99.5521 1494720
99.5593 1496160
99.5665 1497600
99.5736 1499040
99.5808 1500480
99.588 1501920
99.5951 1503360
99.6023 1504800
99.6095 1506240
99.6167 1507680
99.6238 1509120
99.631 1510560
99.6382 1512000
99.6453 1513440
99.6525 1514880
99.6597 1516320
99.6669 1517760
99.674 1519200
99.6812 1520640
99.6889 1522080
99.6965 1523520
99.7042 1524960
99.7118 1526400
99.7194 1527840
99.7271 1529280
99.7347 1530720
99.7424 1532160
99.75 1533600
99.7565 1533600
99.7565 1225440
